
##### time= 1.782045047e-06, label: 
0.114134		112036
0.208385		-97109.7
0.024586		-10173.7
0.110705		18149.6
0.147039		97170
0.183131		35292.7
0.219526		-41426
0.055801		-112231
0.0808811		-5872.74
0.0443768		88946.1
0.0382506		-86462.4
0.030308		-40637.7
0.18495		-54607.9
0.2203		109311
0.0885579		-47964.8
0.187962		-28496.3
0.103322		105982
0.00919821		-76492.4
0.203144		-131301
0.190936		7944.77
0.013511		-122560
0.158715		-2075.74
0.0579407		-65315.8
0.223595		-66222.8
0.147764		-13712.8
0.163664		-31976
0.105034		-108418
0.0509278		-119979
0.136429		-84976
0.0876753		-77423.8
0.0395634		24498
0.147001		139903
0.131185		-41378.7
0.0924757		75102.4
0.0907766		39876.4
0.220549		-20477.8
0.135222		19914.7
0.0430913		2078.15
0.141664		32291.7
0.0108028		20471.7
0.0685161		73206.5
0.173522		17118.7
0.209072		-19060
0.057951		-144035
0.10894		37402.5
0.0944958		-26376.1
0.163191		19910.2
0.0464618		91856.7
0.0356938		61155.4
0.120558		-12002.2
0.0772273		-28780.6
0.204214		48266.7
0.218662		18354.1
0.144011		-38660.8
0.226795		43267
0.138401		22883.6
0.0522415		-54584.2
0.0112059		-28577.7
0.193636		4156.45
0.0395365		-97673.2
0.0589626		-46013.6
0.197163		-29954.2
0.141676		135727
0.0844483		-3525.99
0.132192		65607.7
0.102039		48625.9
0.0304097		-82981.2
0.158134		-3826.75
0.0750926		113228
0.162958		-64944.3
0.168503		-117056
0.149152		50282
0.00216186		99671.6
0.010659		64647
0.125792		63181.6
0.0999365		56336.8
0.142038		44432.8
0.056365		-102453
0.174247		-5193.76
0.224745		-83945.6
0.0768285		72599.8
0.164275		-47098.3
0.171368		7922.06
0.021228		-106096
0.0709373		30055.8
0.136908		48781.6
0.113834		-14612.5
0.137464		151941
0.225198		97269.7
0.183671		59716.4
0.076896		-39790.4
0.205369		64701.1
0.228562		-18397.5
0.0932949		-65899.2
0.098636		-6067.33
0.227701		36152.3
0.212598		-117765
0.0532372		-60836.2
0.166959		49736.3
0.197713		124894
0.103966		33546.3
0.0990309		-46015.6
0.209803		55959.5
0.222738		-56591
0.0656196		-54340.9
0.194542		158143
0.196309		90412.4
0.116374		102820
0.0591351		-167335
0.117789		35962.6
0.219511		-99202.6
0.172733		115229
0.155516		-53320.8
0.118064		-101667
0.0497949		116513
0.0319792		-68111.6
0.0485706		-27893.6
0.0918124		90247.8
0.193051		133017
0.219208		-32815.2
0.013271		-28760.2
0.163745		-17185.9
0.0179498		-19805.2
0.0823903		144187
0.0434643		22121
0.132639		-79196.9
0.104763		-19933.5
0.206158		-86574.2
0.0117672		29626
0.0722035		157158
0.0181519		145456
0.166193		-58830.7
0.0791158		89277.5
0.0524028		54585.5
0.145645		149060
0.214573		-36338
0.195589		-10002.5
0.171039		-37429.5
0.227205		-65360.7
0.0116904		-10185.9
0.126011		39889.8
0.0224868		-7071.27
0.219597		11455.7
0.142163		108387
0.110673		96876
0.221488		31436.4
0.137016		22796.7
0.121237		73315.3
0.198448		-11411.4
0.0415366		11972.8
0.161217		101325
0.16972		-19690.3
0.126814		-12137.8
0.206503		-117023
0.0291944		16250.5
0.0792504		42661.1
0.0469121		41461.7
0.0893182		-10415.9
0.217066		-54536.1
0.042257		-67520.6
0.121745		-81884.6
0.01419		-33871.5
0.173376		-45591.9
0.121373		42103.6
0.160326		-64832.3
0.059027		38808.4
0.162745		19917.2
0.116742		-35841.5
0.0956146		51168.3
0.212373		91512.2
0.150804		167573
0.121032		144751
0.145402		-50746.3
0.23106		-32435.3
0.0144345		95222
0.107853		45961.1
0.0392228		-45294.2
0.192418		125461
0.124525		145460
0.021728		16748.5
0.0132892		82857.4
0.221319		126530
0.0211166		-46893.4
0.0610403		-81029.1
0.0124142		912.54
0.0935778		38589.1
0.17474		8922.69
0.0815122		-3558.71
0.00595212		101096
0.232677		-37304.2
0.168508		11165.8
0.0263646		11632
0.134906		28042.3
0.126176		5586.17
0.10283		-28185.8
0.180259		106023
0.188075		-87815.8
0.0266659		65963.3
0.132739		81183.2
0.18983		49354
0.125995		141682
0.0225733		100858
0.0264663		-77847.5
0.0255493		-9467.95
0.11653		-49298.4
0.062812		35509.7
0.211993		79877.1
0.0138218		109823
0.149364		-46826.8
0.0663827		46798.4
0.0999178		-57580.5
0.0393757		-102204
0.0512294		21714.8
0.114546		-3571.52
0.213953		64763
0.0898204		-28546.9
0.0648802		80768.9
0.0205663		99639.3
0.00265174		85385.8
0.0306166		15602.3
0.215362		22179.5
0.0411345		20096.6
0.162956		-36929.8
0.0686611		-8089.44
0.212974		71698.7
0.186228		24491.3
0.178395		-4072.82
0.0625019		-41595.2
0.126949		-69443.9
0.0826146		42347.4
0.191829		-59328.6
0.119813		-73142.8
0.0641676		-137019
0.0340293		-61484.1
0.0601879		6497.86
0.19313		-87924.6
0.0955048		-40211.8
0.142876		-26487.6
0.209314		-115807
0.180371		-57861.5
0.132485		102497
0.0539712		-61819.9
0.138791		-50959.7
0.133493		-30228.7
0.109403		-86895.7
0.16749		-16511.1
0.191745		33548.4
0.00530901		33089
0.0515426		-6050.01
0.1087		17801.3
0.167526		58986.4
0.155249		130841
0.0467328		-54129.8
0.170726		-14338.3
0.00959091		-108572
0.0559104		111195
0.0120764		79260.2
0.0823367		-50032.2
0.224929		26497.5
0.00503177		-2865.66
0.0981668		-101531
0.0201498		119634
0.219107		-3270.5
0.0636705		-109104
0.189462		-35661.7
0.133886		103801
0.0596861		64432.5
0.181626		18873.1
0.180243		126776
0.102604		-42929.4
0.19488		40239.7
0.0684374		67483.9
0.0572256		1720.78
0.0572142		51362.9
0.198554		8621.04
0.135738		-55044
0.116144		102056
0.125105		15434.8
0.152351		123108
0.132146		-59915.5
0.234243		-14695.3
0.135657		-78015.1
0.204042		141645
0.0937408		16158.8
0.188114		39964.6
0.122235		-87821.4
0.152577		21601.1
0.0746027		47109.3
0.223535		-68006.5
0.0693063		16144.8
0.223554		-81474.3
0.0567739		-30148.1
0.103205		-8341.61
0.154055		-77943.7
0.142947		-82028.6
0.157657		-3407.95
0.196536		115657
0.0681048		180608
0.0391089		-29564
0.170999		51972.5
0.0732298		84129.8
0.15737		-16075.4
0.00689837		151714
0.165555		110147
0.10561		-86755.2
0.153831		-154935
0.118955		-88902.5
0.0726581		46004.6
0.0787774		13218.1
0.0303661		-32940.9
0.0631409		100056
0.0966602		-176381
0.0815982		-57686.3
0.0105439		-117859
0.20435		-23646.7
0.0882866		104264
0.110428		61512
0.189741		-16667.8
0.109707		-8995.76
0.087654		127301
0.0402978		-53498.1
0.175966		19060.4
0.0998128		83844.9
0.0070742		47957.6
0.118915		121341
0.137548		5272.83
0.154846		-66660.8
0.155313		2115.44
0.203302		-60963
0.193412		43119.4
0.0859238		-40864.4
0.0989445		-32531.4
0.119506		57375.3
0.165372		62843.8
0.117599		-80066.5
0.108272		67550.9
0.0108116		47777.1
0.0842794		130225
0.233124		-41814.6
0.162981		163746
0.04313		-85975.3
0.0759066		-65636.7
0.092488		-40002.5
0.111375		-55701.7
0.171105		16673.4
0.151517		59471.5
0.196907		-4437.57
0.159401		48385.2
0.0935475		33861.7
0.155339		142890
0.0615466		-30834.8
0.105491		-112569
0.159867		-4410.61
0.0360484		-189038
0.220958		78637.8
0.00336283		-34836.6
0.0749595		-76043.5
0.0137721		134170
0.0681722		111627
0.0882972		123179
0.211724		118434
0.0406662		-57786.3
0.1115		-31414.9
0.0560618		96497.9
0.0394643		-136201
0.01311		7186.56
0.118703		-105427
0.0850989		-79494.2
0.197624		48969.4
0.0400258		-20023.4
0.0215696		-118061
0.102391		-107562
0.154557		41394.9
0.0762623		71784.7
0.0185973		7685.35
0.120422		37542.2
0.162769		-137655
0.202869		71305
0.0466014		-66168.7
0.127956		-121482
0.200624		-136610
0.202157		58057.4
0.0694034		29151
0.22456		-85029
0.0637553		82763.2
0.0967116		106281
0.0780357		5743.51
0.150547		75482.4
0.110189		34662.2

