
##### time= 1.782045047e-06, label: 
0		-0.0282032		-0
0		-0.0258529		-0
0		-0.0235027		-0
0		-0.0211524		-0
0		-0.0188021		-0
0		-0.0164519		-0
0		-0.0141016		-0
0		-0.0117513		-0
0		-0.00940107		-0
0		-0.0070508		-0
0		-0.00470053		-0
0		-0.00235027		-0
0		0		2.17314E+10
0		0.00235027		1.83517E+10
0		0.00470053		-0
0		0.0070508		-0
0		0.00940107		-0
0		0.0117513		-0
0		0.0141016		-0
0		0.0164519		-0
0		0.0188021		-0
0		0.0211524		-0
0		0.0235027		-0
0		0.0258529		-0
0		0.0282032		-0
0.00235027		-0.0282032		-0
0.00235027		-0.0258529		-0
0.00235027		-0.0235027		-0
0.00235027		-0.0211524		-0
0.00235027		-0.0188021		-0
0.00235027		-0.0164519		-0
0.00235027		-0.0141016		-0
0.00235027		-0.0117513		-0
0.00235027		-0.00940107		-0
0.00235027		-0.0070508		-0
0.00235027		-0.00470053		-0
0.00235027		-0.00235027		-0
0.00235027		0		2.35989E+11
0.00235027		0.00235027		2.14608E+11
0.00235027		0.00470053		1.39587E+11
0.00235027		0.0070508		-0
0.00235027		0.00940107		-0
0.00235027		0.0117513		-0
0.00235027		0.0141016		-0
0.00235027		0.0164519		-0
0.00235027		0.0188021		-0
0.00235027		0.0211524		-0
0.00235027		0.0235027		-0
0.00235027		0.0258529		-0
0.00235027		0.0282032		-0
0.00470053		-0.0282032		-0
0.00470053		-0.0258529		-0
0.00470053		-0.0235027		-0
0.00470053		-0.0211524		-0
0.00470053		-0.0188021		-0
0.00470053		-0.0164519		-0
0.00470053		-0.0141016		-0
0.00470053		-0.0117513		-0
0.00470053		-0.00940107		-0
0.00470053		-0.0070508		-0
0.00470053		-0.00470053		-0
0.00470053		-0.00235027		7.39019E+10
0.00470053		0		2.63295E+11
0.00470053		0.00235027		3.15161E+11
0.00470053		0.00470053		2.05394E+10
0.00470053		0.0070508		-0
0.00470053		0.00940107		-0
0.00470053		0.0117513		-0
0.00470053		0.0141016		-0
0.00470053		0.0164519		-0
0.00470053		0.0188021		-0
0.00470053		0.0211524		-0
0.00470053		0.0235027		-0
0.00470053		0.0258529		-0
0.00470053		0.0282032		-0
0.0070508		-0.0282032		-0
0.0070508		-0.0258529		-0
0.0070508		-0.0235027		-0
0.0070508		-0.0211524		-0
0.0070508		-0.0188021		-0
0.0070508		-0.0164519		-0
0.0070508		-0.0141016		-0
0.0070508		-0.0117513		-0
0.0070508		-0.00940107		-0
0.0070508		-0.0070508		-0
0.0070508		-0.00470053		-0
0.0070508		-0.00235027		1.44309E+11
0.0070508		0		2.83643E+11
0.0070508		0.00235027		1.30896E+11
0.0070508		0.00470053		1.77118E+11
0.0070508		0.0070508		-0
0.0070508		0.00940107		-0
0.0070508		0.0117513		-0
0.0070508		0.0141016		-0
0.0070508		0.0164519		-0
0.0070508		0.0188021		-0
0.0070508		0.0211524		-0
0.0070508		0.0235027		-0
0.0070508		0.0258529		-0
0.0070508		0.0282032		-0
0.00940107		-0.0282032		-0
0.00940107		-0.0258529		-0
0.00940107		-0.0235027		-0
0.00940107		-0.0211524		-0
0.00940107		-0.0188021		-0
0.00940107		-0.0164519		-0
0.00940107		-0.0141016		-0
0.00940107		-0.0117513		-0
0.00940107		-0.00940107		-0
0.00940107		-0.0070508		-0
0.00940107		-0.00470053		3.20308E+10
0.00940107		-0.00235027		1.58775E+11
0.00940107		0		6.38465E+11
0.00940107		0.00235027		1.39645E+11
0.00940107		0.00470053		1.78127E+09
0.00940107		0.0070508		-0
0.00940107		0.00940107		-0
0.00940107		0.0117513		-0
0.00940107		0.0141016		-0
0.00940107		0.0164519		-0
0.00940107		0.0188021		-0
0.00940107		0.0211524		-0
0.00940107		0.0235027		-0
0.00940107		0.0258529		-0
0.00940107		0.0282032		-0
0.0117513		-0.0282032		-0
0.0117513		-0.0258529		-0
0.0117513		-0.0235027		-0
0.0117513		-0.0211524		-0
0.0117513		-0.0188021		-0
0.0117513		-0.0164519		-0
0.0117513		-0.0141016		-0
0.0117513		-0.0117513		-0
0.0117513		-0.00940107		-0
0.0117513		-0.0070508		-0
0.0117513		-0.00470053		1.05982E+11
0.0117513		-0.00235027		2.36493E+11
0.0117513		0		8.97843E+11
0.0117513		0.00235027		7.71204E+11
0.0117513		0.00470053		4.97975E+10
0.0117513		0.0070508		-0
0.0117513		0.00940107		-0
0.0117513		0.0117513		-0
0.0117513		0.0141016		-0
0.0117513		0.0164519		-0
0.0117513		0.0188021		-0
0.0117513		0.0211524		-0
0.0117513		0.0235027		-0
0.0117513		0.0258529		-0
0.0117513		0.0282032		-0
0.0141016		-0.0282032		-0
0.0141016		-0.0258529		-0
0.0141016		-0.0235027		-0
0.0141016		-0.0211524		-0
0.0141016		-0.0188021		-0
0.0141016		-0.0164519		-0
0.0141016		-0.0141016		-0
0.0141016		-0.0117513		-0
0.0141016		-0.00940107		-0
0.0141016		-0.0070508		-0
0.0141016		-0.00470053		7.22983E+10
0.0141016		-0.00235027		4.83852E+11
0.0141016		0		7.43359E+11
0.0141016		0.00235027		3.28897E+11
0.0141016		0.00470053		2.56667E+10
0.0141016		0.0070508		-0
0.0141016		0.00940107		-0
0.0141016		0.0117513		-0
0.0141016		0.0141016		-0
0.0141016		0.0164519		-0
0.0141016		0.0188021		-0
0.0141016		0.0211524		-0
0.0141016		0.0235027		-0
0.0141016		0.0258529		-0
0.0141016		0.0282032		-0
0.0164519		-0.0282032		-0
0.0164519		-0.0258529		-0
0.0164519		-0.0235027		-0
0.0164519		-0.0211524		-0
0.0164519		-0.0188021		-0
0.0164519		-0.0164519		-0
0.0164519		-0.0141016		-0
0.0164519		-0.0117513		-0
0.0164519		-0.00940107		-0
0.0164519		-0.0070508		-0
0.0164519		-0.00470053		2.82712E+09
0.0164519		-0.00235027		4.04323E+10
0.0164519		0		1.48479E+11
0.0164519		0.00235027		3.46973E+10
0.0164519		0.00470053		-0
0.0164519		0.0070508		-0
0.0164519		0.00940107		-0
0.0164519		0.0117513		-0
0.0164519		0.0141016		-0
0.0164519		0.0164519		-0
0.0164519		0.0188021		-0
0.0164519		0.0211524		-0
0.0164519		0.0235027		-0
0.0164519		0.0258529		-0
0.0164519		0.0282032		-0
0.0188021		-0.0282032		-0
0.0188021		-0.0258529		-0
0.0188021		-0.0235027		-0
0.0188021		-0.0211524		-0
0.0188021		-0.0188021		-0
0.0188021		-0.0164519		-0
0.0188021		-0.0141016		-0
0.0188021		-0.0117513		-0
0.0188021		-0.00940107		-0
0.0188021		-0.0070508		-0
0.0188021		-0.00470053		1.83949E+10
0.0188021		-0.00235027		8.92563E+10
0.0188021		0		5.07877E+11
0.0188021		0.00235027		1.25669E+11
0.0188021		0.00470053		-0
0.0188021		0.0070508		-0
0.0188021		0.00940107		-0
0.0188021		0.0117513		-0
0.0188021		0.0141016		-0
0.0188021		0.0164519		-0
0.0188021		0.0188021		-0
0.0188021		0.0211524		-0
0.0188021		0.0235027		-0
0.0188021		0.0258529		-0
0.0188021		0.0282032		-0
0.0211524		-0.0282032		-0
0.0211524		-0.0258529		-0
0.0211524		-0.0235027		-0
0.0211524		-0.0211524		-0
0.0211524		-0.0188021		-0
0.0211524		-0.0164519		-0
0.0211524		-0.0141016		-0
0.0211524		-0.0117513		-0
0.0211524		-0.00940107		-0
0.0211524		-0.0070508		-0
0.0211524		-0.00470053		3.32729E+10
0.0211524		-0.00235027		4.68071E+11
0.0211524		0		7.40184E+11
0.0211524		0.00235027		1.78944E+11
0.0211524		0.00470053		-0
0.0211524		0.0070508		-0
0.0211524		0.00940107		-0
0.0211524		0.0117513		-0
0.0211524		0.0141016		-0
0.0211524		0.0164519		-0
0.0211524		0.0188021		-0
0.0211524		0.0211524		-0
0.0211524		0.0235027		-0
0.0211524		0.0258529		-0
0.0211524		0.0282032		-0
0.0235027		-0.0282032		-0
0.0235027		-0.0258529		-0
0.0235027		-0.0235027		-0
0.0235027		-0.0211524		-0
0.0235027		-0.0188021		-0
0.0235027		-0.0164519		-0
0.0235027		-0.0141016		-0
0.0235027		-0.0117513		-0
0.0235027		-0.00940107		-0
0.0235027		-0.0070508		-0
0.0235027		-0.00470053		2.1756E+09
0.0235027		-0.00235027		1.11547E+11
0.0235027		0		1.93231E+11
0.0235027		0.00235027		2.31114E+11
0.0235027		0.00470053		3.57194E+10
0.0235027		0.0070508		-0
0.0235027		0.00940107		-0
0.0235027		0.0117513		-0
0.0235027		0.0141016		-0
0.0235027		0.0164519		-0
0.0235027		0.0188021		-0
0.0235027		0.0211524		-0
0.0235027		0.0235027		-0
0.0235027		0.0258529		-0
0.0235027		0.0282032		-0
0.0258529		-0.0282032		-0
0.0258529		-0.0258529		-0
0.0258529		-0.0235027		-0
0.0258529		-0.0211524		-0
0.0258529		-0.0188021		-0
0.0258529		-0.0164519		-0
0.0258529		-0.0141016		-0
0.0258529		-0.0117513		-0
0.0258529		-0.00940107		-0
0.0258529		-0.0070508		-0
0.0258529		-0.00470053		1.27491E+10
0.0258529		-0.00235027		3.18084E+11
0.0258529		0		3.72694E+11
0.0258529		0.00235027		1.42714E+11
0.0258529		0.00470053		3.05405E+10
0.0258529		0.0070508		-0
0.0258529		0.00940107		-0
0.0258529		0.0117513		-0
0.0258529		0.0141016		-0
0.0258529		0.0164519		-0
0.0258529		0.0188021		-0
0.0258529		0.0211524		-0
0.0258529		0.0235027		-0
0.0258529		0.0258529		-0
0.0258529		0.0282032		-0
0.0282032		-0.0282032		-0
0.0282032		-0.0258529		-0
0.0282032		-0.0235027		-0
0.0282032		-0.0211524		-0
0.0282032		-0.0188021		-0
0.0282032		-0.0164519		-0
0.0282032		-0.0141016		-0
0.0282032		-0.0117513		-0
0.0282032		-0.00940107		-0
0.0282032		-0.0070508		-0
0.0282032		-0.00470053		-0
0.0282032		-0.00235027		8.14679E+10
0.0282032		0		2.86654E+11
0.0282032		0.00235027		4.14643E+10
0.0282032		0.00470053		2.46238E+09
0.0282032		0.0070508		-0
0.0282032		0.00940107		-0
0.0282032		0.0117513		-0
0.0282032		0.0141016		-0
0.0282032		0.0164519		-0
0.0282032		0.0188021		-0
0.0282032		0.0211524		-0
0.0282032		0.0235027		-0
0.0282032		0.0258529		-0
0.0282032		0.0282032		-0
0.0305535		-0.0282032		-0
0.0305535		-0.0258529		-0
0.0305535		-0.0235027		-0
0.0305535		-0.0211524		-0
0.0305535		-0.0188021		-0
0.0305535		-0.0164519		-0
0.0305535		-0.0141016		-0
0.0305535		-0.0117513		-0
0.0305535		-0.00940107		-0
0.0305535		-0.0070508		-0
0.0305535		-0.00470053		-0
0.0305535		-0.00235027		1.02051E+11
0.0305535		0		5.17776E+11
0.0305535		0.00235027		4.87477E+11
0.0305535		0.00470053		2.84171E+10
0.0305535		0.0070508		-0
0.0305535		0.00940107		-0
0.0305535		0.0117513		-0
0.0305535		0.0141016		-0
0.0305535		0.0164519		-0
0.0305535		0.0188021		-0
0.0305535		0.0211524		-0
0.0305535		0.0235027		-0
0.0305535		0.0258529		-0
0.0305535		0.0282032		-0
0.0329037		-0.0282032		-0
0.0329037		-0.0258529		-0
0.0329037		-0.0235027		-0
0.0329037		-0.0211524		-0
0.0329037		-0.0188021		-0
0.0329037		-0.0164519		-0
0.0329037		-0.0141016		-0
0.0329037		-0.0117513		-0
0.0329037		-0.00940107		-0
0.0329037		-0.0070508		-0
0.0329037		-0.00470053		-0
0.0329037		-0.00235027		1.68334E+11
0.0329037		0		1.1575E+11
0.0329037		0.00235027		4.56594E+09
0.0329037		0.00470053		-0
0.0329037		0.0070508		-0
0.0329037		0.00940107		-0
0.0329037		0.0117513		-0
0.0329037		0.0141016		-0
0.0329037		0.0164519		-0
0.0329037		0.0188021		-0
0.0329037		0.0211524		-0
0.0329037		0.0235027		-0
0.0329037		0.0258529		-0
0.0329037		0.0282032		-0
0.035254		-0.0282032		-0
0.035254		-0.0258529		-0
0.035254		-0.0235027		-0
0.035254		-0.0211524		-0
0.035254		-0.0188021		-0
0.035254		-0.0164519		-0
0.035254		-0.0141016		-0
0.035254		-0.0117513		-0
0.035254		-0.00940107		-0
0.035254		-0.0070508		-0
0.035254		-0.00470053		-0
0.035254		-0.00235027		2.01157E+11
0.035254		0		1.60494E+11
0.035254		0.00235027		1.26797E+11
0.035254		0.00470053		-0
0.035254		0.0070508		-0
0.035254		0.00940107		-0
0.035254		0.0117513		-0
0.035254		0.0141016		-0
0.035254		0.0164519		-0
0.035254		0.0188021		-0
0.035254		0.0211524		-0
0.035254		0.0235027		-0
0.035254		0.0258529		-0
0.035254		0.0282032		-0
0.0376043		-0.0282032		-0
0.0376043		-0.0258529		-0
0.0376043		-0.0235027		-0
0.0376043		-0.0211524		-0
0.0376043		-0.0188021		-0
0.0376043		-0.0164519		-0
0.0376043		-0.0141016		-0
0.0376043		-0.0117513		-0
0.0376043		-0.00940107		-0
0.0376043		-0.0070508		-0
0.0376043		-0.00470053		5.74104E+10
0.0376043		-0.00235027		1.22619E+11
0.0376043		0		2.95471E+11
0.0376043		0.00235027		1.87422E+11
0.0376043		0.00470053		1.71801E+10
0.0376043		0.0070508		-0
0.0376043		0.00940107		-0
0.0376043		0.0117513		-0
0.0376043		0.0141016		-0
0.0376043		0.0164519		-0
0.0376043		0.0188021		-0
0.0376043		0.0211524		-0
0.0376043		0.0235027		-0
0.0376043		0.0258529		-0
0.0376043		0.0282032		-0
0.0399545		-0.0282032		-0
0.0399545		-0.0258529		-0
0.0399545		-0.0235027		-0
0.0399545		-0.0211524		-0
0.0399545		-0.0188021		-0
0.0399545		-0.0164519		-0
0.0399545		-0.0141016		-0
0.0399545		-0.0117513		-0
0.0399545		-0.00940107		-0
0.0399545		-0.0070508		-0
0.0399545		-0.00470053		1.02142E+11
0.0399545		-0.00235027		2.08057E+11
0.0399545		0		1.03294E+12
0.0399545		0.00235027		6.46954E+11
0.0399545		0.00470053		5.25786E+10
0.0399545		0.0070508		-0
0.0399545		0.00940107		-0
0.0399545		0.0117513		-0
0.0399545		0.0141016		-0
0.0399545		0.0164519		-0
0.0399545		0.0188021		-0
0.0399545		0.0211524		-0
0.0399545		0.0235027		-0
0.0399545		0.0258529		-0
0.0399545		0.0282032		-0
0.0423048		-0.0282032		-0
0.0423048		-0.0258529		-0
0.0423048		-0.0235027		-0
0.0423048		-0.0211524		-0
0.0423048		-0.0188021		-0
0.0423048		-0.0164519		-0
0.0423048		-0.0141016		-0
0.0423048		-0.0117513		-0
0.0423048		-0.00940107		-0
0.0423048		-0.0070508		-0
0.0423048		-0.00470053		-0
0.0423048		-0.00235027		2.01456E+11
0.0423048		0		6.85247E+11
0.0423048		0.00235027		2.56636E+11
0.0423048		0.00470053		-0
0.0423048		0.0070508		-0
0.0423048		0.00940107		-0
0.0423048		0.0117513		-0
0.0423048		0.0141016		-0
0.0423048		0.0164519		-0
0.0423048		0.0188021		-0
0.0423048		0.0211524		-0
0.0423048		0.0235027		-0
0.0423048		0.0258529		-0
0.0423048		0.0282032		-0
0.0446551		-0.0282032		-0
0.0446551		-0.0258529		-0
0.0446551		-0.0235027		-0
0.0446551		-0.0211524		-0
0.0446551		-0.0188021		-0
0.0446551		-0.0164519		-0
0.0446551		-0.0141016		-0
0.0446551		-0.0117513		-0
0.0446551		-0.00940107		-0
0.0446551		-0.0070508		-0
0.0446551		-0.00470053		4.18744E+09
0.0446551		-0.00235027		1.86097E+11
0.0446551		0		2.4626E+11
0.0446551		0.00235027		2.18317E+11
0.0446551		0.00470053		-0
0.0446551		0.0070508		-0
0.0446551		0.00940107		-0
0.0446551		0.0117513		-0
0.0446551		0.0141016		-0
0.0446551		0.0164519		-0
0.0446551		0.0188021		-0
0.0446551		0.0211524		-0
0.0446551		0.0235027		-0
0.0446551		0.0258529		-0
0.0446551		0.0282032		-0
0.0470053		-0.0282032		-0
0.0470053		-0.0258529		-0
0.0470053		-0.0235027		-0
0.0470053		-0.0211524		-0
0.0470053		-0.0188021		-0
0.0470053		-0.0164519		-0
0.0470053		-0.0141016		-0
0.0470053		-0.0117513		-0
0.0470053		-0.00940107		-0
0.0470053		-0.0070508		-0
0.0470053		-0.00470053		1.3919E+10
0.0470053		-0.00235027		3.35203E+11
0.0470053		0		2.80489E+11
0.0470053		0.00235027		3.14202E+11
0.0470053		0.00470053		-0
0.0470053		0.0070508		-0
0.0470053		0.00940107		-0
0.0470053		0.0117513		-0
0.0470053		0.0141016		-0
0.0470053		0.0164519		-0
0.0470053		0.0188021		-0
0.0470053		0.0211524		-0
0.0470053		0.0235027		-0
0.0470053		0.0258529		-0
0.0470053		0.0282032		-0
0.0493556		-0.0282032		-0
0.0493556		-0.0258529		-0
0.0493556		-0.0235027		-0
0.0493556		-0.0211524		-0
0.0493556		-0.0188021		-0
0.0493556		-0.0164519		-0
0.0493556		-0.0141016		-0
0.0493556		-0.0117513		-0
0.0493556		-0.00940107		-0
0.0493556		-0.0070508		-0
0.0493556		-0.00470053		-0
0.0493556		-0.00235027		-0
0.0493556		0		3.80045E+11
0.0493556		0.00235027		1.40536E+11
0.0493556		0.00470053		-0
0.0493556		0.0070508		-0
0.0493556		0.00940107		-0
0.0493556		0.0117513		-0
0.0493556		0.0141016		-0
0.0493556		0.0164519		-0
0.0493556		0.0188021		-0
0.0493556		0.0211524		-0
0.0493556		0.0235027		-0
0.0493556		0.0258529		-0
0.0493556		0.0282032		-0
0.0517059		-0.0282032		-0
0.0517059		-0.0258529		-0
0.0517059		-0.0235027		-0
0.0517059		-0.0211524		-0
0.0517059		-0.0188021		-0
0.0517059		-0.0164519		-0
0.0517059		-0.0141016		-0
0.0517059		-0.0117513		-0
0.0517059		-0.00940107		-0
0.0517059		-0.0070508		-0
0.0517059		-0.00470053		-0
0.0517059		-0.00235027		8.09813E+10
0.0517059		0		4.76566E+11
0.0517059		0.00235027		5.51003E+11
0.0517059		0.00470053		2.39838E+09
0.0517059		0.0070508		-0
0.0517059		0.00940107		-0
0.0517059		0.0117513		-0
0.0517059		0.0141016		-0
0.0517059		0.0164519		-0
0.0517059		0.0188021		-0
0.0517059		0.0211524		-0
0.0517059		0.0235027		-0
0.0517059		0.0258529		-0
0.0517059		0.0282032		-0
0.0540561		-0.0282032		-0
0.0540561		-0.0258529		-0
0.0540561		-0.0235027		-0
0.0540561		-0.0211524		-0
0.0540561		-0.0188021		-0
0.0540561		-0.0164519		-0
0.0540561		-0.0141016		-0
0.0540561		-0.0117513		-0
0.0540561		-0.00940107		-0
0.0540561		-0.0070508		-0
0.0540561		-0.00470053		2.72839E+10
0.0540561		-0.00235027		1.27008E+11
0.0540561		0		1.96359E+11
0.0540561		0.00235027		2.7853E+11
0.0540561		0.00470053		6.40029E+10
0.0540561		0.0070508		-0
0.0540561		0.00940107		-0
0.0540561		0.0117513		-0
0.0540561		0.0141016		-0
0.0540561		0.0164519		-0
0.0540561		0.0188021		-0
0.0540561		0.0211524		-0
0.0540561		0.0235027		-0
0.0540561		0.0258529		-0
0.0540561		0.0282032		-0
0.0564064		-0.0282032		-0
0.0564064		-0.0258529		-0
0.0564064		-0.0235027		-0
0.0564064		-0.0211524		-0
0.0564064		-0.0188021		-0
0.0564064		-0.0164519		-0
0.0564064		-0.0141016		-0
0.0564064		-0.0117513		-0
0.0564064		-0.00940107		-0
0.0564064		-0.0070508		-0
0.0564064		-0.00470053		1.51937E+11
0.0564064		-0.00235027		9.33806E+11
0.0564064		0		4.19668E+11
0.0564064		0.00235027		4.67114E+10
0.0564064		0.00470053		-0
0.0564064		0.0070508		-0
0.0564064		0.00940107		-0
0.0564064		0.0117513		-0
0.0564064		0.0141016		-0
0.0564064		0.0164519		-0
0.0564064		0.0188021		-0
0.0564064		0.0211524		-0
0.0564064		0.0235027		-0
0.0564064		0.0258529		-0
0.0564064		0.0282032		-0
0.0587567		-0.0282032		-0
0.0587567		-0.0258529		-0
0.0587567		-0.0235027		-0
0.0587567		-0.0211524		-0
0.0587567		-0.0188021		-0
0.0587567		-0.0164519		-0
0.0587567		-0.0141016		-0
0.0587567		-0.0117513		-0
0.0587567		-0.00940107		-0
0.0587567		-0.0070508		-0
0.0587567		-0.00470053		7.3199E+09
0.0587567		-0.00235027		2.20486E+11
0.0587567		0		1.00956E+12
0.0587567		0.00235027		2.17363E+11
0.0587567		0.00470053		-0
0.0587567		0.0070508		-0
0.0587567		0.00940107		-0
0.0587567		0.0117513		-0
0.0587567		0.0141016		-0
0.0587567		0.0164519		-0
0.0587567		0.0188021		-0
0.0587567		0.0211524		-0
0.0587567		0.0235027		-0
0.0587567		0.0258529		-0
0.0587567		0.0282032		-0
0.0611069		-0.0282032		-0
0.0611069		-0.0258529		-0
0.0611069		-0.0235027		-0
0.0611069		-0.0211524		-0
0.0611069		-0.0188021		-0
0.0611069		-0.0164519		-0
0.0611069		-0.0141016		-0
0.0611069		-0.0117513		-0
0.0611069		-0.00940107		-0
0.0611069		-0.0070508		-0
0.0611069		-0.00470053		-0
0.0611069		-0.00235027		8.88154E+10
0.0611069		0		5.97664E+11
0.0611069		0.00235027		2.15049E+11
0.0611069		0.00470053		9.05283E+10
0.0611069		0.0070508		-0
0.0611069		0.00940107		-0
0.0611069		0.0117513		-0
0.0611069		0.0141016		-0
0.0611069		0.0164519		-0
0.0611069		0.0188021		-0
0.0611069		0.0211524		-0
0.0611069		0.0235027		-0
0.0611069		0.0258529		-0
0.0611069		0.0282032		-0
0.0634572		-0.0282032		-0
0.0634572		-0.0258529		-0
0.0634572		-0.0235027		-0
0.0634572		-0.0211524		-0
0.0634572		-0.0188021		-0
0.0634572		-0.0164519		-0
0.0634572		-0.0141016		-0
0.0634572		-0.0117513		-0
0.0634572		-0.00940107		-0
0.0634572		-0.0070508		-0
0.0634572		-0.00470053		1.205E+11
0.0634572		-0.00235027		2.15084E+11
0.0634572		0		5.04414E+11
0.0634572		0.00235027		4.70699E+11
0.0634572		0.00470053		2.08292E+10
0.0634572		0.0070508		-0
0.0634572		0.00940107		-0
0.0634572		0.0117513		-0
0.0634572		0.0141016		-0
0.0634572		0.0164519		-0
0.0634572		0.0188021		-0
0.0634572		0.0211524		-0
0.0634572		0.0235027		-0
0.0634572		0.0258529		-0
0.0634572		0.0282032		-0
0.0658075		-0.0282032		-0
0.0658075		-0.0258529		-0
0.0658075		-0.0235027		-0
0.0658075		-0.0211524		-0
0.0658075		-0.0188021		-0
0.0658075		-0.0164519		-0
0.0658075		-0.0141016		-0
0.0658075		-0.0117513		-0
0.0658075		-0.00940107		-0
0.0658075		-0.0070508		-0
0.0658075		-0.00470053		6.2566E+10
0.0658075		-0.00235027		3.52194E+11
0.0658075		0		1.49664E+11
0.0658075		0.00235027		1.41362E+11
0.0658075		0.00470053		-0
0.0658075		0.0070508		-0
0.0658075		0.00940107		-0
0.0658075		0.0117513		-0
0.0658075		0.0141016		-0
0.0658075		0.0164519		-0
0.0658075		0.0188021		-0
0.0658075		0.0211524		-0
0.0658075		0.0235027		-0
0.0658075		0.0258529		-0
0.0658075		0.0282032		-0
0.0681577		-0.0282032		-0
0.0681577		-0.0258529		-0
0.0681577		-0.0235027		-0
0.0681577		-0.0211524		-0
0.0681577		-0.0188021		-0
0.0681577		-0.0164519		-0
0.0681577		-0.0141016		-0
0.0681577		-0.0117513		-0
0.0681577		-0.00940107		-0
0.0681577		-0.0070508		-0
0.0681577		-0.00470053		-0
0.0681577		-0.00235027		5.02663E+11
0.0681577		0		7.64226E+11
0.0681577		0.00235027		1.61052E+11
0.0681577		0.00470053		-0
0.0681577		0.0070508		-0
0.0681577		0.00940107		-0
0.0681577		0.0117513		-0
0.0681577		0.0141016		-0
0.0681577		0.0164519		-0
0.0681577		0.0188021		-0
0.0681577		0.0211524		-0
0.0681577		0.0235027		-0
0.0681577		0.0258529		-0
0.0681577		0.0282032		-0
0.070508		-0.0282032		-0
0.070508		-0.0258529		-0
0.070508		-0.0235027		-0
0.070508		-0.0211524		-0
0.070508		-0.0188021		-0
0.070508		-0.0164519		-0
0.070508		-0.0141016		-0
0.070508		-0.0117513		-0
0.070508		-0.00940107		-0
0.070508		-0.0070508		-0
0.070508		-0.00470053		-0
0.070508		-0.00235027		1.92866E+11
0.070508		0		4.12811E+11
0.070508		0.00235027		6.72149E+10
0.070508		0.00470053		-0
0.070508		0.0070508		-0
0.070508		0.00940107		-0
0.070508		0.0117513		-0
0.070508		0.0141016		-0
0.070508		0.0164519		-0
0.070508		0.0188021		-0
0.070508		0.0211524		-0
0.070508		0.0235027		-0
0.070508		0.0258529		-0
0.070508		0.0282032		-0
0.0728583		-0.0282032		-0
0.0728583		-0.0258529		-0
0.0728583		-0.0235027		-0
0.0728583		-0.0211524		-0
0.0728583		-0.0188021		-0
0.0728583		-0.0164519		-0
0.0728583		-0.0141016		-0
0.0728583		-0.0117513		-0
0.0728583		-0.00940107		-0
0.0728583		-0.0070508		-0
0.0728583		-0.00470053		-0
0.0728583		-0.00235027		1.86279E+11
0.0728583		0		3.17872E+11
0.0728583		0.00235027		1.12955E+11
0.0728583		0.00470053		1.51377E+11
0.0728583		0.0070508		-0
0.0728583		0.00940107		-0
0.0728583		0.0117513		-0
0.0728583		0.0141016		-0
0.0728583		0.0164519		-0
0.0728583		0.0188021		-0
0.0728583		0.0211524		-0
0.0728583		0.0235027		-0
0.0728583		0.0258529		-0
0.0728583		0.0282032		-0
0.0752085		-0.0282032		-0
0.0752085		-0.0258529		-0
0.0752085		-0.0235027		-0
0.0752085		-0.0211524		-0
0.0752085		-0.0188021		-0
0.0752085		-0.0164519		-0
0.0752085		-0.0141016		-0
0.0752085		-0.0117513		-0
0.0752085		-0.00940107		-0
0.0752085		-0.0070508		-0
0.0752085		-0.00470053		-0
0.0752085		-0.00235027		1.35555E+11
0.0752085		0		6.12147E+11
0.0752085		0.00235027		4.07227E+11
0.0752085		0.00470053		2.84172E+10
0.0752085		0.0070508		-0
0.0752085		0.00940107		-0
0.0752085		0.0117513		-0
0.0752085		0.0141016		-0
0.0752085		0.0164519		-0
0.0752085		0.0188021		-0
0.0752085		0.0211524		-0
0.0752085		0.0235027		-0
0.0752085		0.0258529		-0
0.0752085		0.0282032		-0
0.0775588		-0.0282032		-0
0.0775588		-0.0258529		-0
0.0775588		-0.0235027		-0
0.0775588		-0.0211524		-0
0.0775588		-0.0188021		-0
0.0775588		-0.0164519		-0
0.0775588		-0.0141016		-0
0.0775588		-0.0117513		-0
0.0775588		-0.00940107		-0
0.0775588		-0.0070508		-0
0.0775588		-0.00470053		-0
0.0775588		-0.00235027		2.33504E+11
0.0775588		0		5.03661E+11
0.0775588		0.00235027		4.67994E+11
0.0775588		0.00470053		2.18163E+10
0.0775588		0.0070508		-0
0.0775588		0.00940107		-0
0.0775588		0.0117513		-0
0.0775588		0.0141016		-0
0.0775588		0.0164519		-0
0.0775588		0.0188021		-0
0.0775588		0.0211524		-0
0.0775588		0.0235027		-0
0.0775588		0.0258529		-0
0.0775588		0.0282032		-0
0.0799091		-0.0282032		-0
0.0799091		-0.0258529		-0
0.0799091		-0.0235027		-0
0.0799091		-0.0211524		-0
0.0799091		-0.0188021		-0
0.0799091		-0.0164519		-0
0.0799091		-0.0141016		-0
0.0799091		-0.0117513		-0
0.0799091		-0.00940107		-0
0.0799091		-0.0070508		-0
0.0799091		-0.00470053		-0
0.0799091		-0.00235027		1.2764E+11
0.0799091		0		4.31782E+11
0.0799091		0.00235027		1.87049E+11
0.0799091		0.00470053		7.5853E+10
0.0799091		0.0070508		-0
0.0799091		0.00940107		-0
0.0799091		0.0117513		-0
0.0799091		0.0141016		-0
0.0799091		0.0164519		-0
0.0799091		0.0188021		-0
0.0799091		0.0211524		-0
0.0799091		0.0235027		-0
0.0799091		0.0258529		-0
0.0799091		0.0282032		-0
0.0822593		-0.0282032		-0
0.0822593		-0.0258529		-0
0.0822593		-0.0235027		-0
0.0822593		-0.0211524		-0
0.0822593		-0.0188021		-0
0.0822593		-0.0164519		-0
0.0822593		-0.0141016		-0
0.0822593		-0.0117513		-0
0.0822593		-0.00940107		-0
0.0822593		-0.0070508		-0
0.0822593		-0.00470053		-0
0.0822593		-0.00235027		3.70757E+11
0.0822593		0		6.19748E+11
0.0822593		0.00235027		5.45943E+10
0.0822593		0.00470053		1.50839E+11
0.0822593		0.0070508		-0
0.0822593		0.00940107		-0
0.0822593		0.0117513		-0
0.0822593		0.0141016		-0
0.0822593		0.0164519		-0
0.0822593		0.0188021		-0
0.0822593		0.0211524		-0
0.0822593		0.0235027		-0
0.0822593		0.0258529		-0
0.0822593		0.0282032		-0
0.0846096		-0.0282032		-0
0.0846096		-0.0258529		-0
0.0846096		-0.0235027		-0
0.0846096		-0.0211524		-0
0.0846096		-0.0188021		-0
0.0846096		-0.0164519		-0
0.0846096		-0.0141016		-0
0.0846096		-0.0117513		-0
0.0846096		-0.00940107		-0
0.0846096		-0.0070508		-0
0.0846096		-0.00470053		-0
0.0846096		-0.00235027		4.76506E+11
0.0846096		0		3.39309E+11
0.0846096		0.00235027		-0
0.0846096		0.00470053		-0
0.0846096		0.0070508		-0
0.0846096		0.00940107		-0
0.0846096		0.0117513		-0
0.0846096		0.0141016		-0
0.0846096		0.0164519		-0
0.0846096		0.0188021		-0
0.0846096		0.0211524		-0
0.0846096		0.0235027		-0
0.0846096		0.0258529		-0
0.0846096		0.0282032		-0
0.0869599		-0.0282032		-0
0.0869599		-0.0258529		-0
0.0869599		-0.0235027		-0
0.0869599		-0.0211524		-0
0.0869599		-0.0188021		-0
0.0869599		-0.0164519		-0
0.0869599		-0.0141016		-0
0.0869599		-0.0117513		-0
0.0869599		-0.00940107		-0
0.0869599		-0.0070508		-0
0.0869599		-0.00470053		-0
0.0869599		-0.00235027		3.4187E+11
0.0869599		0		4.01614E+11
0.0869599		0.00235027		9.50708E+10
0.0869599		0.00470053		-0
0.0869599		0.0070508		-0
0.0869599		0.00940107		-0
0.0869599		0.0117513		-0
0.0869599		0.0141016		-0
0.0869599		0.0164519		-0
0.0869599		0.0188021		-0
0.0869599		0.0211524		-0
0.0869599		0.0235027		-0
0.0869599		0.0258529		-0
0.0869599		0.0282032		-0
0.0893101		-0.0282032		-0
0.0893101		-0.0258529		-0
0.0893101		-0.0235027		-0
0.0893101		-0.0211524		-0
0.0893101		-0.0188021		-0
0.0893101		-0.0164519		-0
0.0893101		-0.0141016		-0
0.0893101		-0.0117513		-0
0.0893101		-0.00940107		-0
0.0893101		-0.0070508		-0
0.0893101		-0.00470053		-0
0.0893101		-0.00235027		2.45275E+11
0.0893101		0		2.95631E+11
0.0893101		0.00235027		4.77801E+11
0.0893101		0.00470053		1.23467E+11
0.0893101		0.0070508		-0
0.0893101		0.00940107		-0
0.0893101		0.0117513		-0
0.0893101		0.0141016		-0
0.0893101		0.0164519		-0
0.0893101		0.0188021		-0
0.0893101		0.0211524		-0
0.0893101		0.0235027		-0
0.0893101		0.0258529		-0
0.0893101		0.0282032		-0
0.0916604		-0.0282032		-0
0.0916604		-0.0258529		-0
0.0916604		-0.0235027		-0
0.0916604		-0.0211524		-0
0.0916604		-0.0188021		-0
0.0916604		-0.0164519		-0
0.0916604		-0.0141016		-0
0.0916604		-0.0117513		-0
0.0916604		-0.00940107		-0
0.0916604		-0.0070508		-0
0.0916604		-0.00470053		-0
0.0916604		-0.00235027		2.2736E+10
0.0916604		0		4.10511E+11
0.0916604		0.00235027		4.0747E+11
0.0916604		0.00470053		1.29633E+11
0.0916604		0.0070508		-0
0.0916604		0.00940107		-0
0.0916604		0.0117513		-0
0.0916604		0.0141016		-0
0.0916604		0.0164519		-0
0.0916604		0.0188021		-0
0.0916604		0.0211524		-0
0.0916604		0.0235027		-0
0.0916604		0.0258529		-0
0.0916604		0.0282032		-0
0.0940107		-0.0282032		-0
0.0940107		-0.0258529		-0
0.0940107		-0.0235027		-0
0.0940107		-0.0211524		-0
0.0940107		-0.0188021		-0
0.0940107		-0.0164519		-0
0.0940107		-0.0141016		-0
0.0940107		-0.0117513		-0
0.0940107		-0.00940107		-0
0.0940107		-0.0070508		-0
0.0940107		-0.00470053		-0
0.0940107		-0.00235027		7.60219E+10
0.0940107		0		5.21116E+11
0.0940107		0.00235027		5.1491E+11
0.0940107		0.00470053		2.47565E+11
0.0940107		0.0070508		-0
0.0940107		0.00940107		-0
0.0940107		0.0117513		-0
0.0940107		0.0141016		-0
0.0940107		0.0164519		-0
0.0940107		0.0188021		-0
0.0940107		0.0211524		-0
0.0940107		0.0235027		-0
0.0940107		0.0258529		-0
0.0940107		0.0282032		-0
0.096361		-0.0282032		-0
0.096361		-0.0258529		-0
0.096361		-0.0235027		-0
0.096361		-0.0211524		-0
0.096361		-0.0188021		-0
0.096361		-0.0164519		-0
0.096361		-0.0141016		-0
0.096361		-0.0117513		-0
0.096361		-0.00940107		-0
0.096361		-0.0070508		-0
0.096361		-0.00470053		-0
0.096361		-0.00235027		1.87451E+11
0.096361		0		3.53446E+11
0.096361		0.00235027		2.54486E+11
0.096361		0.00470053		8.25434E+10
0.096361		0.0070508		-0
0.096361		0.00940107		-0
0.096361		0.0117513		-0
0.096361		0.0141016		-0
0.096361		0.0164519		-0
0.096361		0.0188021		-0
0.096361		0.0211524		-0
0.096361		0.0235027		-0
0.096361		0.0258529		-0
0.096361		0.0282032		-0
0.0987112		-0.0282032		-0
0.0987112		-0.0258529		-0
0.0987112		-0.0235027		-0
0.0987112		-0.0211524		-0
0.0987112		-0.0188021		-0
0.0987112		-0.0164519		-0
0.0987112		-0.0141016		-0
0.0987112		-0.0117513		-0
0.0987112		-0.00940107		-0
0.0987112		-0.0070508		-0
0.0987112		-0.00470053		-0
0.0987112		-0.00235027		2.67395E+10
0.0987112		0		4.96489E+11
0.0987112		0.00235027		5.85644E+11
0.0987112		0.00470053		2.09684E+11
0.0987112		0.0070508		-0
0.0987112		0.00940107		-0
0.0987112		0.0117513		-0
0.0987112		0.0141016		-0
0.0987112		0.0164519		-0
0.0987112		0.0188021		-0
0.0987112		0.0211524		-0
0.0987112		0.0235027		-0
0.0987112		0.0258529		-0
0.0987112		0.0282032		-0
0.101061		-0.0282032		-0
0.101061		-0.0258529		-0
0.101061		-0.0235027		-0
0.101061		-0.0211524		-0
0.101061		-0.0188021		-0
0.101061		-0.0164519		-0
0.101061		-0.0141016		-0
0.101061		-0.0117513		-0
0.101061		-0.00940107		-0
0.101061		-0.0070508		-0
0.101061		-0.00470053		-0
0.101061		-0.00235027		1.30667E+11
0.101061		0		3.45676E+11
0.101061		0.00235027		3.47962E+11
0.101061		0.00470053		4.44173E+10
0.101061		0.0070508		-0
0.101061		0.00940107		-0
0.101061		0.0117513		-0
0.101061		0.0141016		-0
0.101061		0.0164519		-0
0.101061		0.0188021		-0
0.101061		0.0211524		-0
0.101061		0.0235027		-0
0.101061		0.0258529		-0
0.101061		0.0282032		-0
0.103412		-0.0282032		-0
0.103412		-0.0258529		-0
0.103412		-0.0235027		-0
0.103412		-0.0211524		-0
0.103412		-0.0188021		-0
0.103412		-0.0164519		-0
0.103412		-0.0141016		-0
0.103412		-0.0117513		-0
0.103412		-0.00940107		-0
0.103412		-0.0070508		-0
0.103412		-0.00470053		-0
0.103412		-0.00235027		3.45342E+11
0.103412		0		7.56765E+11
0.103412		0.00235027		3.66741E+11
0.103412		0.00470053		1.68473E+10
0.103412		0.0070508		-0
0.103412		0.00940107		-0
0.103412		0.0117513		-0
0.103412		0.0141016		-0
0.103412		0.0164519		-0
0.103412		0.0188021		-0
0.103412		0.0211524		-0
0.103412		0.0235027		-0
0.103412		0.0258529		-0
0.103412		0.0282032		-0
0.105762		-0.0282032		-0
0.105762		-0.0258529		-0
0.105762		-0.0235027		-0
0.105762		-0.0211524		-0
0.105762		-0.0188021		-0
0.105762		-0.0164519		-0
0.105762		-0.0141016		-0
0.105762		-0.0117513		-0
0.105762		-0.00940107		-0
0.105762		-0.0070508		-0
0.105762		-0.00470053		-0
0.105762		-0.00235027		2.23903E+11
0.105762		0		2.63421E+11
0.105762		0.00235027		3.47749E+11
0.105762		0.00470053		2.27736E+10
0.105762		0.0070508		-0
0.105762		0.00940107		-0
0.105762		0.0117513		-0
0.105762		0.0141016		-0
0.105762		0.0164519		-0
0.105762		0.0188021		-0
0.105762		0.0211524		-0
0.105762		0.0235027		-0
0.105762		0.0258529		-0
0.105762		0.0282032		-0
0.108112		-0.0282032		-0
0.108112		-0.0258529		-0
0.108112		-0.0235027		-0
0.108112		-0.0211524		-0
0.108112		-0.0188021		-0
0.108112		-0.0164519		-0
0.108112		-0.0141016		-0
0.108112		-0.0117513		-0
0.108112		-0.00940107		-0
0.108112		-0.0070508		-0
0.108112		-0.00470053		8.40535E+10
0.108112		-0.00235027		3.9333E+11
0.108112		0		2.92357E+11
0.108112		0.00235027		2.22268E+11
0.108112		0.00470053		3.86802E+10
0.108112		0.0070508		-0
0.108112		0.00940107		-0
0.108112		0.0117513		-0
0.108112		0.0141016		-0
0.108112		0.0164519		-0
0.108112		0.0188021		-0
0.108112		0.0211524		-0
0.108112		0.0235027		-0
0.108112		0.0258529		-0
0.108112		0.0282032		-0
0.110463		-0.0282032		-0
0.110463		-0.0258529		-0
0.110463		-0.0235027		-0
0.110463		-0.0211524		-0
0.110463		-0.0188021		-0
0.110463		-0.0164519		-0
0.110463		-0.0141016		-0
0.110463		-0.0117513		-0
0.110463		-0.00940107		-0
0.110463		-0.0070508		-0
0.110463		-0.00470053		2.79978E+10
0.110463		-0.00235027		2.47864E+11
0.110463		0		9.17992E+11
0.110463		0.00235027		4.25404E+11
0.110463		0.00470053		6.67787E+10
0.110463		0.0070508		-0
0.110463		0.00940107		-0
0.110463		0.0117513		-0
0.110463		0.0141016		-0
0.110463		0.0164519		-0
0.110463		0.0188021		-0
0.110463		0.0211524		-0
0.110463		0.0235027		-0
0.110463		0.0258529		-0
0.110463		0.0282032		-0
0.112813		-0.0282032		-0
0.112813		-0.0258529		-0
0.112813		-0.0235027		-0
0.112813		-0.0211524		-0
0.112813		-0.0188021		-0
0.112813		-0.0164519		-0
0.112813		-0.0141016		-0
0.112813		-0.0117513		-0
0.112813		-0.00940107		-0
0.112813		-0.0070508		-0
0.112813		-0.00470053		-0
0.112813		-0.00235027		1.43379E+10
0.112813		0		3.19862E+11
0.112813		0.00235027		2.32655E+11
0.112813		0.00470053		5.25653E+09
0.112813		0.0070508		-0
0.112813		0.00940107		-0
0.112813		0.0117513		-0
0.112813		0.0141016		-0
0.112813		0.0164519		-0
0.112813		0.0188021		-0
0.112813		0.0211524		-0
0.112813		0.0235027		-0
0.112813		0.0258529		-0
0.112813		0.0282032		-0
0.115163		-0.0282032		-0
0.115163		-0.0258529		-0
0.115163		-0.0235027		-0
0.115163		-0.0211524		-0
0.115163		-0.0188021		-0
0.115163		-0.0164519		-0
0.115163		-0.0141016		-0
0.115163		-0.0117513		-0
0.115163		-0.00940107		-0
0.115163		-0.0070508		-0
0.115163		-0.00470053		-0
0.115163		-0.00235027		1.20683E+10
0.115163		0		5.05311E+11
0.115163		0.00235027		3.06088E+11
0.115163		0.00470053		6.35024E+10
0.115163		0.0070508		-0
0.115163		0.00940107		-0
0.115163		0.0117513		-0
0.115163		0.0141016		-0
0.115163		0.0164519		-0
0.115163		0.0188021		-0
0.115163		0.0211524		-0
0.115163		0.0235027		-0
0.115163		0.0258529		-0
0.115163		0.0282032		-0
0.117513		-0.0282032		-0
0.117513		-0.0258529		-0
0.117513		-0.0235027		-0
0.117513		-0.0211524		-0
0.117513		-0.0188021		-0
0.117513		-0.0164519		-0
0.117513		-0.0141016		-0
0.117513		-0.0117513		-0
0.117513		-0.00940107		-0
0.117513		-0.0070508		-0
0.117513		-0.00470053		-0
0.117513		-0.00235027		4.56074E+10
0.117513		0		1.07729E+12
0.117513		0.00235027		3.52987E+11
0.117513		0.00470053		8.83124E+10
0.117513		0.0070508		-0
0.117513		0.00940107		-0
0.117513		0.0117513		-0
0.117513		0.0141016		-0
0.117513		0.0164519		-0
0.117513		0.0188021		-0
0.117513		0.0211524		-0
0.117513		0.0235027		-0
0.117513		0.0258529		-0
0.117513		0.0282032		-0
0.119864		-0.0282032		-0
0.119864		-0.0258529		-0
0.119864		-0.0235027		-0
0.119864		-0.0211524		-0
0.119864		-0.0188021		-0
0.119864		-0.0164519		-0
0.119864		-0.0141016		-0
0.119864		-0.0117513		-0
0.119864		-0.00940107		-0
0.119864		-0.0070508		-0
0.119864		-0.00470053		-0
0.119864		-0.00235027		1.56395E+11
0.119864		0		9.7454E+11
0.119864		0.00235027		5.76209E+11
0.119864		0.00470053		1.08685E+10
0.119864		0.0070508		-0
0.119864		0.00940107		-0
0.119864		0.0117513		-0
0.119864		0.0141016		-0
0.119864		0.0164519		-0
0.119864		0.0188021		-0
0.119864		0.0211524		-0
0.119864		0.0235027		-0
0.119864		0.0258529		-0
0.119864		0.0282032		-0
0.122214		-0.0282032		-0
0.122214		-0.0258529		-0
0.122214		-0.0235027		-0
0.122214		-0.0211524		-0
0.122214		-0.0188021		-0
0.122214		-0.0164519		-0
0.122214		-0.0141016		-0
0.122214		-0.0117513		-0
0.122214		-0.00940107		-0
0.122214		-0.0070508		-0
0.122214		-0.00470053		5.16805E+08
0.122214		-0.00235027		9.10983E+10
0.122214		0		6.83687E+11
0.122214		0.00235027		2.35741E+11
0.122214		0.00470053		5.32104E+09
0.122214		0.0070508		-0
0.122214		0.00940107		-0
0.122214		0.0117513		-0
0.122214		0.0141016		-0
0.122214		0.0164519		-0
0.122214		0.0188021		-0
0.122214		0.0211524		-0
0.122214		0.0235027		-0
0.122214		0.0258529		-0
0.122214		0.0282032		-0
0.124564		-0.0282032		-0
0.124564		-0.0258529		-0
0.124564		-0.0235027		-0
0.124564		-0.0211524		-0
0.124564		-0.0188021		-0
0.124564		-0.0164519		-0
0.124564		-0.0141016		-0
0.124564		-0.0117513		-0
0.124564		-0.00940107		-0
0.124564		-0.0070508		-0
0.124564		-0.00470053		3.0393E+10
0.124564		-0.00235027		3.4992E+11
0.124564		0		3.44677E+11
0.124564		0.00235027		1.06836E+11
0.124564		0.00470053		1.11145E+10
0.124564		0.0070508		-0
0.124564		0.00940107		-0
0.124564		0.0117513		-0
0.124564		0.0141016		-0
0.124564		0.0164519		-0
0.124564		0.0188021		-0
0.124564		0.0211524		-0
0.124564		0.0235027		-0
0.124564		0.0258529		-0
0.124564		0.0282032		-0
0.126914		-0.0282032		-0
0.126914		-0.0258529		-0
0.126914		-0.0235027		-0
0.126914		-0.0211524		-0
0.126914		-0.0188021		-0
0.126914		-0.0164519		-0
0.126914		-0.0141016		-0
0.126914		-0.0117513		-0
0.126914		-0.00940107		-0
0.126914		-0.0070508		-0
0.126914		-0.00470053		-0
0.126914		-0.00235027		2.74198E+11
0.126914		0		8.28424E+11
0.126914		0.00235027		1.7015E+11
0.126914		0.00470053		1.78031E+10
0.126914		0.0070508		-0
0.126914		0.00940107		-0
0.126914		0.0117513		-0
0.126914		0.0141016		-0
0.126914		0.0164519		-0
0.126914		0.0188021		-0
0.126914		0.0211524		-0
0.126914		0.0235027		-0
0.126914		0.0258529		-0
0.126914		0.0282032		-0
0.129265		-0.0282032		-0
0.129265		-0.0258529		-0
0.129265		-0.0235027		-0
0.129265		-0.0211524		-0
0.129265		-0.0188021		-0
0.129265		-0.0164519		-0
0.129265		-0.0141016		-0
0.129265		-0.0117513		-0
0.129265		-0.00940107		-0
0.129265		-0.0070508		-0
0.129265		-0.00470053		-0
0.129265		-0.00235027		1.49423E+10
0.129265		0		1.07486E+11
0.129265		0.00235027		3.78242E+10
0.129265		0.00470053		-0
0.129265		0.0070508		-0
0.129265		0.00940107		-0
0.129265		0.0117513		-0
0.129265		0.0141016		-0
0.129265		0.0164519		-0
0.129265		0.0188021		-0
0.129265		0.0211524		-0
0.129265		0.0235027		-0
0.129265		0.0258529		-0
0.129265		0.0282032		-0
0.131615		-0.0282032		-0
0.131615		-0.0258529		-0
0.131615		-0.0235027		-0
0.131615		-0.0211524		-0
0.131615		-0.0188021		-0
0.131615		-0.0164519		-0
0.131615		-0.0141016		-0
0.131615		-0.0117513		-0
0.131615		-0.00940107		-0
0.131615		-0.0070508		-0
0.131615		-0.00470053		4.98541E+10
0.131615		-0.00235027		2.11988E+11
0.131615		0		4.46703E+11
0.131615		0.00235027		3.27787E+11
0.131615		0.00470053		3.77629E+10
0.131615		0.0070508		-0
0.131615		0.00940107		-0
0.131615		0.0117513		-0
0.131615		0.0141016		-0
0.131615		0.0164519		-0
0.131615		0.0188021		-0
0.131615		0.0211524		-0
0.131615		0.0235027		-0
0.131615		0.0258529		-0
0.131615		0.0282032		-0
0.133965		-0.0282032		-0
0.133965		-0.0258529		-0
0.133965		-0.0235027		-0
0.133965		-0.0211524		-0
0.133965		-0.0188021		-0
0.133965		-0.0164519		-0
0.133965		-0.0141016		-0
0.133965		-0.0117513		-0
0.133965		-0.00940107		-0
0.133965		-0.0070508		-0
0.133965		-0.00470053		1.30623E+11
0.133965		-0.00235027		1.83308E+11
0.133965		0		4.97241E+11
0.133965		0.00235027		4.44491E+11
0.133965		0.00470053		2.21941E+10
0.133965		0.0070508		-0
0.133965		0.00940107		-0
0.133965		0.0117513		-0
0.133965		0.0141016		-0
0.133965		0.0164519		-0
0.133965		0.0188021		-0
0.133965		0.0211524		-0
0.133965		0.0235027		-0
0.133965		0.0258529		-0
0.133965		0.0282032		-0
0.136315		-0.0282032		-0
0.136315		-0.0258529		-0
0.136315		-0.0235027		-0
0.136315		-0.0211524		-0
0.136315		-0.0188021		-0
0.136315		-0.0164519		-0
0.136315		-0.0141016		-0
0.136315		-0.0117513		-0
0.136315		-0.00940107		-0
0.136315		-0.0070508		-0
0.136315		-0.00470053		1.75062E+11
0.136315		-0.00235027		3.45522E+11
0.136315		0		5.5471E+11
0.136315		0.00235027		4.02318E+11
0.136315		0.00470053		-0
0.136315		0.0070508		-0
0.136315		0.00940107		-0
0.136315		0.0117513		-0
0.136315		0.0141016		-0
0.136315		0.0164519		-0
0.136315		0.0188021		-0
0.136315		0.0211524		-0
0.136315		0.0235027		-0
0.136315		0.0258529		-0
0.136315		0.0282032		-0
0.138666		-0.0282032		-0
0.138666		-0.0258529		-0
0.138666		-0.0235027		-0
0.138666		-0.0211524		-0
0.138666		-0.0188021		-0
0.138666		-0.0164519		-0
0.138666		-0.0141016		-0
0.138666		-0.0117513		-0
0.138666		-0.00940107		-0
0.138666		-0.0070508		-0
0.138666		-0.00470053		6.99027E+09
0.138666		-0.00235027		3.02428E+11
0.138666		0		4.62628E+11
0.138666		0.00235027		8.93617E+10
0.138666		0.00470053		-0
0.138666		0.0070508		-0
0.138666		0.00940107		-0
0.138666		0.0117513		-0
0.138666		0.0141016		-0
0.138666		0.0164519		-0
0.138666		0.0188021		-0
0.138666		0.0211524		-0
0.138666		0.0235027		-0
0.138666		0.0258529		-0
0.138666		0.0282032		-0
0.141016		-0.0282032		-0
0.141016		-0.0258529		-0
0.141016		-0.0235027		-0
0.141016		-0.0211524		-0
0.141016		-0.0188021		-0
0.141016		-0.0164519		-0
0.141016		-0.0141016		-0
0.141016		-0.0117513		-0
0.141016		-0.00940107		-0
0.141016		-0.0070508		-0
0.141016		-0.00470053		-0
0.141016		-0.00235027		1.9051E+11
0.141016		0		3.54999E+11
0.141016		0.00235027		1.57628E+11
0.141016		0.00470053		3.69543E+10
0.141016		0.0070508		-0
0.141016		0.00940107		-0
0.141016		0.0117513		-0
0.141016		0.0141016		-0
0.141016		0.0164519		-0
0.141016		0.0188021		-0
0.141016		0.0211524		-0
0.141016		0.0235027		-0
0.141016		0.0258529		-0
0.141016		0.0282032		-0
0.143366		-0.0282032		-0
0.143366		-0.0258529		-0
0.143366		-0.0235027		-0
0.143366		-0.0211524		-0
0.143366		-0.0188021		-0
0.143366		-0.0164519		-0
0.143366		-0.0141016		-0
0.143366		-0.0117513		-0
0.143366		-0.00940107		-0
0.143366		-0.0070508		-0
0.143366		-0.00470053		-0
0.143366		-0.00235027		1.69329E+11
0.143366		0		6.19836E+11
0.143366		0.00235027		1.78109E+11
0.143366		0.00470053		2.84513E+10
0.143366		0.0070508		-0
0.143366		0.00940107		-0
0.143366		0.0117513		-0
0.143366		0.0141016		-0
0.143366		0.0164519		-0
0.143366		0.0188021		-0
0.143366		0.0211524		-0
0.143366		0.0235027		-0
0.143366		0.0258529		-0
0.143366		0.0282032		-0
0.145717		-0.0282032		-0
0.145717		-0.0258529		-0
0.145717		-0.0235027		-0
0.145717		-0.0211524		-0
0.145717		-0.0188021		-0
0.145717		-0.0164519		-0
0.145717		-0.0141016		-0
0.145717		-0.0117513		-0
0.145717		-0.00940107		-0
0.145717		-0.0070508		-0
0.145717		-0.00470053		-0
0.145717		-0.00235027		7.46897E+10
0.145717		0		5.06614E+11
0.145717		0.00235027		2.01047E+11
0.145717		0.00470053		-0
0.145717		0.0070508		-0
0.145717		0.00940107		-0
0.145717		0.0117513		-0
0.145717		0.0141016		-0
0.145717		0.0164519		-0
0.145717		0.0188021		-0
0.145717		0.0211524		-0
0.145717		0.0235027		-0
0.145717		0.0258529		-0
0.145717		0.0282032		-0
0.148067		-0.0282032		-0
0.148067		-0.0258529		-0
0.148067		-0.0235027		-0
0.148067		-0.0211524		-0
0.148067		-0.0188021		-0
0.148067		-0.0164519		-0
0.148067		-0.0141016		-0
0.148067		-0.0117513		-0
0.148067		-0.00940107		-0
0.148067		-0.0070508		-0
0.148067		-0.00470053		-0
0.148067		-0.00235027		3.10756E+11
0.148067		0		3.60895E+11
0.148067		0.00235027		7.00902E+10
0.148067		0.00470053		-0
0.148067		0.0070508		-0
0.148067		0.00940107		-0
0.148067		0.0117513		-0
0.148067		0.0141016		-0
0.148067		0.0164519		-0
0.148067		0.0188021		-0
0.148067		0.0211524		-0
0.148067		0.0235027		-0
0.148067		0.0258529		-0
0.148067		0.0282032		-0
0.150417		-0.0282032		-0
0.150417		-0.0258529		-0
0.150417		-0.0235027		-0
0.150417		-0.0211524		-0
0.150417		-0.0188021		-0
0.150417		-0.0164519		-0
0.150417		-0.0141016		-0
0.150417		-0.0117513		-0
0.150417		-0.00940107		-0
0.150417		-0.0070508		-0
0.150417		-0.00470053		-0
0.150417		-0.00235027		4.65011E+11
0.150417		0		4.30998E+11
0.150417		0.00235027		-0
0.150417		0.00470053		-0
0.150417		0.0070508		-0
0.150417		0.00940107		-0
0.150417		0.0117513		-0
0.150417		0.0141016		-0
0.150417		0.0164519		-0
0.150417		0.0188021		-0
0.150417		0.0211524		-0
0.150417		0.0235027		-0
0.150417		0.0258529		-0
0.150417		0.0282032		-0
0.152767		-0.0282032		-0
0.152767		-0.0258529		-0
0.152767		-0.0235027		-0
0.152767		-0.0211524		-0
0.152767		-0.0188021		-0
0.152767		-0.0164519		-0
0.152767		-0.0141016		-0
0.152767		-0.0117513		-0
0.152767		-0.00940107		-0
0.152767		-0.0070508		-0
0.152767		-0.00470053		-0
0.152767		-0.00235027		6.09037E+10
0.152767		0		6.37832E+11
0.152767		0.00235027		2.46988E+11
0.152767		0.00470053		-0
0.152767		0.0070508		-0
0.152767		0.00940107		-0
0.152767		0.0117513		-0
0.152767		0.0141016		-0
0.152767		0.0164519		-0
0.152767		0.0188021		-0
0.152767		0.0211524		-0
0.152767		0.0235027		-0
0.152767		0.0258529		-0
0.152767		0.0282032		-0
0.155118		-0.0282032		-0
0.155118		-0.0258529		-0
0.155118		-0.0235027		-0
0.155118		-0.0211524		-0
0.155118		-0.0188021		-0
0.155118		-0.0164519		-0
0.155118		-0.0141016		-0
0.155118		-0.0117513		-0
0.155118		-0.00940107		-0
0.155118		-0.0070508		-0
0.155118		-0.00470053		-0
0.155118		-0.00235027		1.302E+11
0.155118		0		6.33497E+11
0.155118		0.00235027		7.11996E+11
0.155118		0.00470053		9.57257E+10
0.155118		0.0070508		-0
0.155118		0.00940107		-0
0.155118		0.0117513		-0
0.155118		0.0141016		-0
0.155118		0.0164519		-0
0.155118		0.0188021		-0
0.155118		0.0211524		-0
0.155118		0.0235027		-0
0.155118		0.0258529		-0
0.155118		0.0282032		-0
0.157468		-0.0282032		-0
0.157468		-0.0258529		-0
0.157468		-0.0235027		-0
0.157468		-0.0211524		-0
0.157468		-0.0188021		-0
0.157468		-0.0164519		-0
0.157468		-0.0141016		-0
0.157468		-0.0117513		-0
0.157468		-0.00940107		-0
0.157468		-0.0070508		-0
0.157468		-0.00470053		5.89242E+10
0.157468		-0.00235027		4.2713E+11
0.157468		0		1.37346E+11
0.157468		0.00235027		2.48096E+11
0.157468		0.00470053		3.9388E+10
0.157468		0.0070508		-0
0.157468		0.00940107		-0
0.157468		0.0117513		-0
0.157468		0.0141016		-0
0.157468		0.0164519		-0
0.157468		0.0188021		-0
0.157468		0.0211524		-0
0.157468		0.0235027		-0
0.157468		0.0258529		-0
0.157468		0.0282032		-0
0.159818		-0.0282032		-0
0.159818		-0.0258529		-0
0.159818		-0.0235027		-0
0.159818		-0.0211524		-0
0.159818		-0.0188021		-0
0.159818		-0.0164519		-0
0.159818		-0.0141016		-0
0.159818		-0.0117513		-0
0.159818		-0.00940107		-0
0.159818		-0.0070508		-0
0.159818		-0.00470053		2.33086E+10
0.159818		-0.00235027		4.94558E+11
0.159818		0		2.88394E+11
0.159818		0.00235027		1.65114E+11
0.159818		0.00470053		-0
0.159818		0.0070508		-0
0.159818		0.00940107		-0
0.159818		0.0117513		-0
0.159818		0.0141016		-0
0.159818		0.0164519		-0
0.159818		0.0188021		-0
0.159818		0.0211524		-0
0.159818		0.0235027		-0
0.159818		0.0258529		-0
0.159818		0.0282032		-0
0.162168		-0.0282032		-0
0.162168		-0.0258529		-0
0.162168		-0.0235027		-0
0.162168		-0.0211524		-0
0.162168		-0.0188021		-0
0.162168		-0.0164519		-0
0.162168		-0.0141016		-0
0.162168		-0.0117513		-0
0.162168		-0.00940107		-0
0.162168		-0.0070508		-0
0.162168		-0.00470053		-0
0.162168		-0.00235027		2.33243E+11
0.162168		0		7.41573E+11
0.162168		0.00235027		3.70786E+11
0.162168		0.00470053		7.34028E+10
0.162168		0.0070508		-0
0.162168		0.00940107		-0
0.162168		0.0117513		-0
0.162168		0.0141016		-0
0.162168		0.0164519		-0
0.162168		0.0188021		-0
0.162168		0.0211524		-0
0.162168		0.0235027		-0
0.162168		0.0258529		-0
0.162168		0.0282032		-0
0.164519		-0.0282032		-0
0.164519		-0.0258529		-0
0.164519		-0.0235027		-0
0.164519		-0.0211524		-0
0.164519		-0.0188021		-0
0.164519		-0.0164519		-0
0.164519		-0.0141016		-0
0.164519		-0.0117513		-0
0.164519		-0.00940107		-0
0.164519		-0.0070508		-0
0.164519		-0.00470053		2.81849E+10
0.164519		-0.00235027		3.28398E+11
0.164519		0		5.35583E+11
0.164519		0.00235027		4.66533E+11
0.164519		0.00470053		5.12635E+10
0.164519		0.0070508		-0
0.164519		0.00940107		-0
0.164519		0.0117513		-0
0.164519		0.0141016		-0
0.164519		0.0164519		-0
0.164519		0.0188021		-0
0.164519		0.0211524		-0
0.164519		0.0235027		-0
0.164519		0.0258529		-0
0.164519		0.0282032		-0
0.166869		-0.0282032		-0
0.166869		-0.0258529		-0
0.166869		-0.0235027		-0
0.166869		-0.0211524		-0
0.166869		-0.0188021		-0
0.166869		-0.0164519		-0
0.166869		-0.0141016		-0
0.166869		-0.0117513		-0
0.166869		-0.00940107		-0
0.166869		-0.0070508		-0
0.166869		-0.00470053		1.78818E+11
0.166869		-0.00235027		3.82283E+11
0.166869		0		4.18973E+11
0.166869		0.00235027		1.47024E+11
0.166869		0.00470053		8.13642E+09
0.166869		0.0070508		-0
0.166869		0.00940107		-0
0.166869		0.0117513		-0
0.166869		0.0141016		-0
0.166869		0.0164519		-0
0.166869		0.0188021		-0
0.166869		0.0211524		-0
0.166869		0.0235027		-0
0.166869		0.0258529		-0
0.166869		0.0282032		-0
0.169219		-0.0282032		-0
0.169219		-0.0258529		-0
0.169219		-0.0235027		-0
0.169219		-0.0211524		-0
0.169219		-0.0188021		-0
0.169219		-0.0164519		-0
0.169219		-0.0141016		-0
0.169219		-0.0117513		-0
0.169219		-0.00940107		-0
0.169219		-0.0070508		-0
0.169219		-0.00470053		5.57232E+10
0.169219		-0.00235027		3.51246E+11
0.169219		0		3.19818E+11
0.169219		0.00235027		1.88231E+11
0.169219		0.00470053		5.3211E+10
0.169219		0.0070508		-0
0.169219		0.00940107		-0
0.169219		0.0117513		-0
0.169219		0.0141016		-0
0.169219		0.0164519		-0
0.169219		0.0188021		-0
0.169219		0.0211524		-0
0.169219		0.0235027		-0
0.169219		0.0258529		-0
0.169219		0.0282032		-0
0.171569		-0.0282032		-0
0.171569		-0.0258529		-0
0.171569		-0.0235027		-0
0.171569		-0.0211524		-0
0.171569		-0.0188021		-0
0.171569		-0.0164519		-0
0.171569		-0.0141016		-0
0.171569		-0.0117513		-0
0.171569		-0.00940107		-0
0.171569		-0.0070508		-0
0.171569		-0.00470053		-0
0.171569		-0.00235027		1.74642E+11
0.171569		0		2.55962E+11
0.171569		0.00235027		6.18717E+11
0.171569		0.00470053		2.02614E+11
0.171569		0.0070508		-0
0.171569		0.00940107		-0
0.171569		0.0117513		-0
0.171569		0.0141016		-0
0.171569		0.0164519		-0
0.171569		0.0188021		-0
0.171569		0.0211524		-0
0.171569		0.0235027		-0
0.171569		0.0258529		-0
0.171569		0.0282032		-0
0.17392		-0.0282032		-0
0.17392		-0.0258529		-0
0.17392		-0.0235027		-0
0.17392		-0.0211524		-0
0.17392		-0.0188021		-0
0.17392		-0.0164519		-0
0.17392		-0.0141016		-0
0.17392		-0.0117513		-0
0.17392		-0.00940107		-0
0.17392		-0.0070508		-0
0.17392		-0.00470053		5.21819E+09
0.17392		-0.00235027		2.22309E+11
0.17392		0		5.10978E+11
0.17392		0.00235027		1.95388E+11
0.17392		0.00470053		-0
0.17392		0.0070508		-0
0.17392		0.00940107		-0
0.17392		0.0117513		-0
0.17392		0.0141016		-0
0.17392		0.0164519		-0
0.17392		0.0188021		-0
0.17392		0.0211524		-0
0.17392		0.0235027		-0
0.17392		0.0258529		-0
0.17392		0.0282032		-0
0.17627		-0.0282032		-0
0.17627		-0.0258529		-0
0.17627		-0.0235027		-0
0.17627		-0.0211524		-0
0.17627		-0.0188021		-0
0.17627		-0.0164519		-0
0.17627		-0.0141016		-0
0.17627		-0.0117513		-0
0.17627		-0.00940107		-0
0.17627		-0.0070508		-0
0.17627		-0.00470053		3.87654E+10
0.17627		-0.00235027		2.29777E+11
0.17627		0		7.17329E+10
0.17627		0.00235027		2.33685E+10
0.17627		0.00470053		-0
0.17627		0.0070508		-0
0.17627		0.00940107		-0
0.17627		0.0117513		-0
0.17627		0.0141016		-0
0.17627		0.0164519		-0
0.17627		0.0188021		-0
0.17627		0.0211524		-0
0.17627		0.0235027		-0
0.17627		0.0258529		-0
0.17627		0.0282032		-0
0.17862		-0.0282032		-0
0.17862		-0.0258529		-0
0.17862		-0.0235027		-0
0.17862		-0.0211524		-0
0.17862		-0.0188021		-0
0.17862		-0.0164519		-0
0.17862		-0.0141016		-0
0.17862		-0.0117513		-0
0.17862		-0.00940107		-0
0.17862		-0.0070508		-0
0.17862		-0.00470053		3.47916E+10
0.17862		-0.00235027		2.16155E+11
0.17862		0		1.91947E+11
0.17862		0.00235027		-0
0.17862		0.00470053		-0
0.17862		0.0070508		-0
0.17862		0.00940107		-0
0.17862		0.0117513		-0
0.17862		0.0141016		-0
0.17862		0.0164519		-0
0.17862		0.0188021		-0
0.17862		0.0211524		-0
0.17862		0.0235027		-0
0.17862		0.0258529		-0
0.17862		0.0282032		-0
0.180971		-0.0282032		-0
0.180971		-0.0258529		-0
0.180971		-0.0235027		-0
0.180971		-0.0211524		-0
0.180971		-0.0188021		-0
0.180971		-0.0164519		-0
0.180971		-0.0141016		-0
0.180971		-0.0117513		-0
0.180971		-0.00940107		-0
0.180971		-0.0070508		-0
0.180971		-0.00470053		-0
0.180971		-0.00235027		8.12434E+10
0.180971		0		6.52294E+11
0.180971		0.00235027		-0
0.180971		0.00470053		-0
0.180971		0.0070508		-0
0.180971		0.00940107		-0
0.180971		0.0117513		-0
0.180971		0.0141016		-0
0.180971		0.0164519		-0
0.180971		0.0188021		-0
0.180971		0.0211524		-0
0.180971		0.0235027		-0
0.180971		0.0258529		-0
0.180971		0.0282032		-0
0.183321		-0.0282032		-0
0.183321		-0.0258529		-0
0.183321		-0.0235027		-0
0.183321		-0.0211524		-0
0.183321		-0.0188021		-0
0.183321		-0.0164519		-0
0.183321		-0.0141016		-0
0.183321		-0.0117513		-0
0.183321		-0.00940107		-0
0.183321		-0.0070508		-0
0.183321		-0.00470053		7.65991E+09
0.183321		-0.00235027		1.63342E+11
0.183321		0		3.24265E+11
0.183321		0.00235027		9.38109E+10
0.183321		0.00470053		-0
0.183321		0.0070508		-0
0.183321		0.00940107		-0
0.183321		0.0117513		-0
0.183321		0.0141016		-0
0.183321		0.0164519		-0
0.183321		0.0188021		-0
0.183321		0.0211524		-0
0.183321		0.0235027		-0
0.183321		0.0258529		-0
0.183321		0.0282032		-0
0.185671		-0.0282032		-0
0.185671		-0.0258529		-0
0.185671		-0.0235027		-0
0.185671		-0.0211524		-0
0.185671		-0.0188021		-0
0.185671		-0.0164519		-0
0.185671		-0.0141016		-0
0.185671		-0.0117513		-0
0.185671		-0.00940107		-0
0.185671		-0.0070508		-0
0.185671		-0.00470053		1.7312E+10
0.185671		-0.00235027		1.56003E+11
0.185671		0		2.54878E+10
0.185671		0.00235027		2.08866E+11
0.185671		0.00470053		-0
0.185671		0.0070508		-0
0.185671		0.00940107		-0
0.185671		0.0117513		-0
0.185671		0.0141016		-0
0.185671		0.0164519		-0
0.185671		0.0188021		-0
0.185671		0.0211524		-0
0.185671		0.0235027		-0
0.185671		0.0258529		-0
0.185671		0.0282032		-0
0.188021		-0.0282032		-0
0.188021		-0.0258529		-0
0.188021		-0.0235027		-0
0.188021		-0.0211524		-0
0.188021		-0.0188021		-0
0.188021		-0.0164519		-0
0.188021		-0.0141016		-0
0.188021		-0.0117513		-0
0.188021		-0.00940107		-0
0.188021		-0.0070508		-0
0.188021		-0.00470053		1.29635E+09
0.188021		-0.00235027		1.84296E+11
0.188021		0		5.71596E+11
0.188021		0.00235027		2.5164E+11
0.188021		0.00470053		-0
0.188021		0.0070508		-0
0.188021		0.00940107		-0
0.188021		0.0117513		-0
0.188021		0.0141016		-0
0.188021		0.0164519		-0
0.188021		0.0188021		-0
0.188021		0.0211524		-0
0.188021		0.0235027		-0
0.188021		0.0258529		-0
0.188021		0.0282032		-0
0.190372		-0.0282032		-0
0.190372		-0.0258529		-0
0.190372		-0.0235027		-0
0.190372		-0.0211524		-0
0.190372		-0.0188021		-0
0.190372		-0.0164519		-0
0.190372		-0.0141016		-0
0.190372		-0.0117513		-0
0.190372		-0.00940107		-0
0.190372		-0.0070508		-0
0.190372		-0.00470053		2.052E+09
0.190372		-0.00235027		2.68064E+11
0.190372		0		5.29792E+11
0.190372		0.00235027		1.65331E+11
0.190372		0.00470053		-0
0.190372		0.0070508		-0
0.190372		0.00940107		-0
0.190372		0.0117513		-0
0.190372		0.0141016		-0
0.190372		0.0164519		-0
0.190372		0.0188021		-0
0.190372		0.0211524		-0
0.190372		0.0235027		-0
0.190372		0.0258529		-0
0.190372		0.0282032		-0
0.192722		-0.0282032		-0
0.192722		-0.0258529		-0
0.192722		-0.0235027		-0
0.192722		-0.0211524		-0
0.192722		-0.0188021		-0
0.192722		-0.0164519		-0
0.192722		-0.0141016		-0
0.192722		-0.0117513		-0
0.192722		-0.00940107		-0
0.192722		-0.0070508		-0
0.192722		-0.00470053		-0
0.192722		-0.00235027		2.90834E+11
0.192722		0		8.86746E+11
0.192722		0.00235027		2.28918E+11
0.192722		0.00470053		-0
0.192722		0.0070508		-0
0.192722		0.00940107		-0
0.192722		0.0117513		-0
0.192722		0.0141016		-0
0.192722		0.0164519		-0
0.192722		0.0188021		-0
0.192722		0.0211524		-0
0.192722		0.0235027		-0
0.192722		0.0258529		-0
0.192722		0.0282032		-0
0.195072		-0.0282032		-0
0.195072		-0.0258529		-0
0.195072		-0.0235027		-0
0.195072		-0.0211524		-0
0.195072		-0.0188021		-0
0.195072		-0.0164519		-0
0.195072		-0.0141016		-0
0.195072		-0.0117513		-0
0.195072		-0.00940107		-0
0.195072		-0.0070508		-0
0.195072		-0.00470053		7.71448E+09
0.195072		-0.00235027		2.70217E+11
0.195072		0		4.44535E+11
0.195072		0.00235027		4.37803E+11
0.195072		0.00470053		2.06946E+09
0.195072		0.0070508		-0
0.195072		0.00940107		-0
0.195072		0.0117513		-0
0.195072		0.0141016		-0
0.195072		0.0164519		-0
0.195072		0.0188021		-0
0.195072		0.0211524		-0
0.195072		0.0235027		-0
0.195072		0.0258529		-0
0.195072		0.0282032		-0
0.197422		-0.0282032		-0
0.197422		-0.0258529		-0
0.197422		-0.0235027		-0
0.197422		-0.0211524		-0
0.197422		-0.0188021		-0
0.197422		-0.0164519		-0
0.197422		-0.0141016		-0
0.197422		-0.0117513		-0
0.197422		-0.00940107		-0
0.197422		-0.0070508		-0
0.197422		-0.00470053		8.56998E+09
0.197422		-0.00235027		3.75888E+11
0.197422		0		6.28326E+11
0.197422		0.00235027		4.39993E+11
0.197422		0.00470053		2.54139E+10
0.197422		0.0070508		-0
0.197422		0.00940107		-0
0.197422		0.0117513		-0
0.197422		0.0141016		-0
0.197422		0.0164519		-0
0.197422		0.0188021		-0
0.197422		0.0211524		-0
0.197422		0.0235027		-0
0.197422		0.0258529		-0
0.197422		0.0282032		-0
0.199773		-0.0282032		-0
0.199773		-0.0258529		-0
0.199773		-0.0235027		-0
0.199773		-0.0211524		-0
0.199773		-0.0188021		-0
0.199773		-0.0164519		-0
0.199773		-0.0141016		-0
0.199773		-0.0117513		-0
0.199773		-0.00940107		-0
0.199773		-0.0070508		-0
0.199773		-0.00470053		-0
0.199773		-0.00235027		1.93118E+11
0.199773		0		2.17222E+11
0.199773		0.00235027		2.77921E+10
0.199773		0.00470053		3.10122E+09
0.199773		0.0070508		-0
0.199773		0.00940107		-0
0.199773		0.0117513		-0
0.199773		0.0141016		-0
0.199773		0.0164519		-0
0.199773		0.0188021		-0
0.199773		0.0211524		-0
0.199773		0.0235027		-0
0.199773		0.0258529		-0
0.199773		0.0282032		-0
0.202123		-0.0282032		-0
0.202123		-0.0258529		-0
0.202123		-0.0235027		-0
0.202123		-0.0211524		-0
0.202123		-0.0188021		-0
0.202123		-0.0164519		-0
0.202123		-0.0141016		-0
0.202123		-0.0117513		-0
0.202123		-0.00940107		-0
0.202123		-0.0070508		-0
0.202123		-0.00470053		1.14456E+10
0.202123		-0.00235027		1.91885E+11
0.202123		0		4.80454E+11
0.202123		0.00235027		1.7629E+11
0.202123		0.00470053		-0
0.202123		0.0070508		-0
0.202123		0.00940107		-0
0.202123		0.0117513		-0
0.202123		0.0141016		-0
0.202123		0.0164519		-0
0.202123		0.0188021		-0
0.202123		0.0211524		-0
0.202123		0.0235027		-0
0.202123		0.0258529		-0
0.202123		0.0282032		-0
0.204473		-0.0282032		-0
0.204473		-0.0258529		-0
0.204473		-0.0235027		-0
0.204473		-0.0211524		-0
0.204473		-0.0188021		-0
0.204473		-0.0164519		-0
0.204473		-0.0141016		-0
0.204473		-0.0117513		-0
0.204473		-0.00940107		-0
0.204473		-0.0070508		-0
0.204473		-0.00470053		1.0726E+11
0.204473		-0.00235027		6.91372E+11
0.204473		0		3.57557E+11
0.204473		0.00235027		8.39395E+10
0.204473		0.00470053		-0
0.204473		0.0070508		-0
0.204473		0.00940107		-0
0.204473		0.0117513		-0
0.204473		0.0141016		-0
0.204473		0.0164519		-0
0.204473		0.0188021		-0
0.204473		0.0211524		-0
0.204473		0.0235027		-0
0.204473		0.0258529		-0
0.204473		0.0282032		-0
0.206823		-0.0282032		-0
0.206823		-0.0258529		-0
0.206823		-0.0235027		-0
0.206823		-0.0211524		-0
0.206823		-0.0188021		-0
0.206823		-0.0164519		-0
0.206823		-0.0141016		-0
0.206823		-0.0117513		-0
0.206823		-0.00940107		-0
0.206823		-0.0070508		-0
0.206823		-0.00470053		1.44891E+10
0.206823		-0.00235027		8.07447E+10
0.206823		0		2.26982E+11
0.206823		0.00235027		2.62841E+11
0.206823		0.00470053		-0
0.206823		0.0070508		-0
0.206823		0.00940107		-0
0.206823		0.0117513		-0
0.206823		0.0141016		-0
0.206823		0.0164519		-0
0.206823		0.0188021		-0
0.206823		0.0211524		-0
0.206823		0.0235027		-0
0.206823		0.0258529		-0
0.206823		0.0282032		-0
0.209174		-0.0282032		-0
0.209174		-0.0258529		-0
0.209174		-0.0235027		-0
0.209174		-0.0211524		-0
0.209174		-0.0188021		-0
0.209174		-0.0164519		-0
0.209174		-0.0141016		-0
0.209174		-0.0117513		-0
0.209174		-0.00940107		-0
0.209174		-0.0070508		-0
0.209174		-0.00470053		-0
0.209174		-0.00235027		5.8185E+10
0.209174		0		5.99278E+11
0.209174		0.00235027		1.66003E+11
0.209174		0.00470053		-0
0.209174		0.0070508		-0
0.209174		0.00940107		-0
0.209174		0.0117513		-0
0.209174		0.0141016		-0
0.209174		0.0164519		-0
0.209174		0.0188021		-0
0.209174		0.0211524		-0
0.209174		0.0235027		-0
0.209174		0.0258529		-0
0.209174		0.0282032		-0
0.211524		-0.0282032		-0
0.211524		-0.0258529		-0
0.211524		-0.0235027		-0
0.211524		-0.0211524		-0
0.211524		-0.0188021		-0
0.211524		-0.0164519		-0
0.211524		-0.0141016		-0
0.211524		-0.0117513		-0
0.211524		-0.00940107		-0
0.211524		-0.0070508		-0
0.211524		-0.00470053		-0
0.211524		-0.00235027		4.35031E+10
0.211524		0		7.83949E+11
0.211524		0.00235027		7.43709E+10
0.211524		0.00470053		-0
0.211524		0.0070508		-0
0.211524		0.00940107		-0
0.211524		0.0117513		-0
0.211524		0.0141016		-0
0.211524		0.0164519		-0
0.211524		0.0188021		-0
0.211524		0.0211524		-0
0.211524		0.0235027		-0
0.211524		0.0258529		-0
0.211524		0.0282032		-0
0.213874		-0.0282032		-0
0.213874		-0.0258529		-0
0.213874		-0.0235027		-0
0.213874		-0.0211524		-0
0.213874		-0.0188021		-0
0.213874		-0.0164519		-0
0.213874		-0.0141016		-0
0.213874		-0.0117513		-0
0.213874		-0.00940107		-0
0.213874		-0.0070508		-0
0.213874		-0.00470053		-0
0.213874		-0.00235027		1.85679E+10
0.213874		0		5.87508E+11
0.213874		0.00235027		3.32978E+11
0.213874		0.00470053		-0
0.213874		0.0070508		-0
0.213874		0.00940107		-0
0.213874		0.0117513		-0
0.213874		0.0141016		-0
0.213874		0.0164519		-0
0.213874		0.0188021		-0
0.213874		0.0211524		-0
0.213874		0.0235027		-0
0.213874		0.0258529		-0
0.213874		0.0282032		-0
0.216225		-0.0282032		-0
0.216225		-0.0258529		-0
0.216225		-0.0235027		-0
0.216225		-0.0211524		-0
0.216225		-0.0188021		-0
0.216225		-0.0164519		-0
0.216225		-0.0141016		-0
0.216225		-0.0117513		-0
0.216225		-0.00940107		-0
0.216225		-0.0070508		-0
0.216225		-0.00470053		-0
0.216225		-0.00235027		6.32628E+10
0.216225		0		2.47216E+11
0.216225		0.00235027		9.09415E+10
0.216225		0.00470053		-0
0.216225		0.0070508		-0
0.216225		0.00940107		-0
0.216225		0.0117513		-0
0.216225		0.0141016		-0
0.216225		0.0164519		-0
0.216225		0.0188021		-0
0.216225		0.0211524		-0
0.216225		0.0235027		-0
0.216225		0.0258529		-0
0.216225		0.0282032		-0
0.218575		-0.0282032		-0
0.218575		-0.0258529		-0
0.218575		-0.0235027		-0
0.218575		-0.0211524		-0
0.218575		-0.0188021		-0
0.218575		-0.0164519		-0
0.218575		-0.0141016		-0
0.218575		-0.0117513		-0
0.218575		-0.00940107		-0
0.218575		-0.0070508		-0
0.218575		-0.00470053		-0
0.218575		-0.00235027		1.38459E+11
0.218575		0		4.96495E+11
0.218575		0.00235027		5.17836E+11
0.218575		0.00470053		1.00671E+11
0.218575		0.0070508		-0
0.218575		0.00940107		-0
0.218575		0.0117513		-0
0.218575		0.0141016		-0
0.218575		0.0164519		-0
0.218575		0.0188021		-0
0.218575		0.0211524		-0
0.218575		0.0235027		-0
0.218575		0.0258529		-0
0.218575		0.0282032		-0
0.220925		-0.0282032		-0
0.220925		-0.0258529		-0
0.220925		-0.0235027		-0
0.220925		-0.0211524		-0
0.220925		-0.0188021		-0
0.220925		-0.0164519		-0
0.220925		-0.0141016		-0
0.220925		-0.0117513		-0
0.220925		-0.00940107		-0
0.220925		-0.0070508		-0
0.220925		-0.00470053		-0
0.220925		-0.00235027		3.57137E+11
0.220925		0		6.3049E+11
0.220925		0.00235027		4.5764E+11
0.220925		0.00470053		9.26752E+10
0.220925		0.0070508		-0
0.220925		0.00940107		-0
0.220925		0.0117513		-0
0.220925		0.0141016		-0
0.220925		0.0164519		-0
0.220925		0.0188021		-0
0.220925		0.0211524		-0
0.220925		0.0235027		-0
0.220925		0.0258529		-0
0.220925		0.0282032		-0
0.223275		-0.0282032		-0
0.223275		-0.0258529		-0
0.223275		-0.0235027		-0
0.223275		-0.0211524		-0
0.223275		-0.0188021		-0
0.223275		-0.0164519		-0
0.223275		-0.0141016		-0
0.223275		-0.0117513		-0
0.223275		-0.00940107		-0
0.223275		-0.0070508		-0
0.223275		-0.00470053		-0
0.223275		-0.00235027		3.72775E+11
0.223275		0		3.94003E+11
0.223275		0.00235027		3.83206E+11
0.223275		0.00470053		1.33584E+11
0.223275		0.0070508		-0
0.223275		0.00940107		-0
0.223275		0.0117513		-0
0.223275		0.0141016		-0
0.223275		0.0164519		-0
0.223275		0.0188021		-0
0.223275		0.0211524		-0
0.223275		0.0235027		-0
0.223275		0.0258529		-0
0.223275		0.0282032		-0
0.225626		-0.0282032		-0
0.225626		-0.0258529		-0
0.225626		-0.0235027		-0
0.225626		-0.0211524		-0
0.225626		-0.0188021		-0
0.225626		-0.0164519		-0
0.225626		-0.0141016		-0
0.225626		-0.0117513		-0
0.225626		-0.00940107		-0
0.225626		-0.0070508		-0
0.225626		-0.00470053		6.27685E+10
0.225626		-0.00235027		2.50533E+11
0.225626		0		4.08071E+11
0.225626		0.00235027		2.71387E+11
0.225626		0.00470053		8.69725E+09
0.225626		0.0070508		-0
0.225626		0.00940107		-0
0.225626		0.0117513		-0
0.225626		0.0141016		-0
0.225626		0.0164519		-0
0.225626		0.0188021		-0
0.225626		0.0211524		-0
0.225626		0.0235027		-0
0.225626		0.0258529		-0
0.225626		0.0282032		-0
0.227976		-0.0282032		-0
0.227976		-0.0258529		-0
0.227976		-0.0235027		-0
0.227976		-0.0211524		-0
0.227976		-0.0188021		-0
0.227976		-0.0164519		-0
0.227976		-0.0141016		-0
0.227976		-0.0117513		-0
0.227976		-0.00940107		-0
0.227976		-0.0070508		-0
0.227976		-0.00470053		6.21414E+10
0.227976		-0.00235027		7.37901E+10
0.227976		0		3.92536E+11
0.227976		0.00235027		1.72271E+11
0.227976		0.00470053		-0
0.227976		0.0070508		-0
0.227976		0.00940107		-0
0.227976		0.0117513		-0
0.227976		0.0141016		-0
0.227976		0.0164519		-0
0.227976		0.0188021		-0
0.227976		0.0211524		-0
0.227976		0.0235027		-0
0.227976		0.0258529		-0
0.227976		0.0282032		-0
0.230326		-0.0282032		-0
0.230326		-0.0258529		-0
0.230326		-0.0235027		-0
0.230326		-0.0211524		-0
0.230326		-0.0188021		-0
0.230326		-0.0164519		-0
0.230326		-0.0141016		-0
0.230326		-0.0117513		-0
0.230326		-0.00940107		-0
0.230326		-0.0070508		-0
0.230326		-0.00470053		-0
0.230326		-0.00235027		1.09465E+10
0.230326		0		2.06474E+11
0.230326		0.00235027		1.68555E+10
0.230326		0.00470053		-0
0.230326		0.0070508		-0
0.230326		0.00940107		-0
0.230326		0.0117513		-0
0.230326		0.0141016		-0
0.230326		0.0164519		-0
0.230326		0.0188021		-0
0.230326		0.0211524		-0
0.230326		0.0235027		-0
0.230326		0.0258529		-0
0.230326		0.0282032		-0
0.232676		-0.0282032		-0
0.232676		-0.0258529		-0
0.232676		-0.0235027		-0
0.232676		-0.0211524		-0
0.232676		-0.0188021		-0
0.232676		-0.0164519		-0
0.232676		-0.0141016		-0
0.232676		-0.0117513		-0
0.232676		-0.00940107		-0
0.232676		-0.0070508		-0
0.232676		-0.00470053		-0
0.232676		-0.00235027		1.23085E+10
0.232676		0		5.21575E+11
0.232676		0.00235027		7.99116E+10
0.232676		0.00470053		-0
0.232676		0.0070508		-0
0.232676		0.00940107		-0
0.232676		0.0117513		-0
0.232676		0.0141016		-0
0.232676		0.0164519		-0
0.232676		0.0188021		-0
0.232676		0.0211524		-0
0.232676		0.0235027		-0
0.232676		0.0258529		-0
0.232676		0.0282032		-0
0.235027		-0.0282032		-0
0.235027		-0.0258529		-0
0.235027		-0.0235027		-0
0.235027		-0.0211524		-0
0.235027		-0.0188021		-0
0.235027		-0.0164519		-0
0.235027		-0.0141016		-0
0.235027		-0.0117513		-0
0.235027		-0.00940107		-0
0.235027		-0.0070508		-0
0.235027		-0.00470053		-0
0.235027		-0.00235027		3.24701E+06
0.235027		0		3.12314E+11
0.235027		0.00235027		1.16271E+11
0.235027		0.00470053		-0
0.235027		0.0070508		-0
0.235027		0.00940107		-0
0.235027		0.0117513		-0
0.235027		0.0141016		-0
0.235027		0.0164519		-0
0.235027		0.0188021		-0
0.235027		0.0211524		-0
0.235027		0.0235027		-0
0.235027		0.0258529		-0
0.235027		0.0282032		-0
