
##### time= 1.782045047e-06, label: 
0		-0.0282032		-2.90047
0		-0.0258529		101.544
0		-0.0235027		199.454
0		-0.0211524		283.617
0		-0.0188021		347.673
0		-0.0164519		386.427
0		-0.0141016		397.021
0		-0.0117513		377.996
0		-0.00940107		329.296
0		-0.0070508		252.283
0		-0.00470053		146.381
0		-0.00235027		53.201
0		0		-29.5109
0		0.00235027		-101.471
0		0.00470053		-152.788
0		0.0070508		-258.086
0		0.00940107		-333.843
0		0.0117513		-381.48
0		0.0141016		-399.66
0		0.0164519		-388.407
0		0.0188021		-349.1
0		0.0211524		-284.619
0		0.0235027		-200.121
0		0.0258529		-101.878
0		0.0282032		2.90045
0.00235027		-0.0282032		-3.80603
0.00235027		-0.0258529		100.999
0.00235027		-0.0235027		199.102
0.00235027		-0.0211524		283.346
0.00235027		-0.0188021		347.444
0.00235027		-0.0164519		386.386
0.00235027		-0.0141016		397.284
0.00235027		-0.0117513		378.822
0.00235027		-0.00940107		331.377
0.00235027		-0.0070508		257.397
0.00235027		-0.00470053		160.293
0.00235027		-0.00235027		65.4214
0.00235027		0		-22.7826
0.00235027		0.00235027		-100.969
0.00235027		0.00470053		-168.482
0.00235027		0.0070508		-263.485
0.00235027		0.00940107		-335.901
0.00235027		0.0117513		-382.213
0.00235027		0.0141016		-399.83
0.00235027		0.0164519		-388.315
0.00235027		0.0188021		-348.857
0.00235027		0.0211524		-284.334
0.00235027		0.0235027		-199.732
0.00235027		0.0258529		-101.314
0.00235027		0.0282032		3.80601
0.00470053		-0.0282032		-5.66314
0.00470053		-0.0258529		99.6737
0.00470053		-0.0235027		198.066
0.00470053		-0.0211524		282.488
0.00470053		-0.0188021		346.797
0.00470053		-0.0164519		386.195
0.00470053		-0.0141016		397.781
0.00470053		-0.0117513		380.633
0.00470053		-0.00940107		335.659
0.00470053		-0.0070508		266.641
0.00470053		-0.00470053		180.007
0.00470053		-0.00235027		78.6859
0.00470053		0		-15.6852
0.00470053		0.00235027		-105.357
0.00470053		0.00470053		-189.193
0.00470053		0.0070508		-272.46
0.00470053		0.00940107		-339.77
0.00470053		0.0117513		-383.635
0.00470053		0.0141016		-400.06
0.00470053		0.0164519		-387.928
0.00470053		0.0188021		-348.078
0.00470053		0.0211524		-283.39
0.00470053		0.0235027		-198.639
0.00470053		0.0258529		-99.9576
0.00470053		0.0282032		5.66312
0.0070508		-0.0282032		-7.5472
0.0070508		-0.0258529		98.0152
0.0070508		-0.0235027		196.485
0.0070508		-0.0211524		281.06
0.0070508		-0.0188021		345.642
0.0070508		-0.0164519		385.48
0.0070508		-0.0141016		397.896
0.0070508		-0.0117513		382.165
0.0070508		-0.00940107		339.43
0.0070508		-0.0070508		273.761
0.0070508		-0.00470053		191.262
0.0070508		-0.00235027		89.0349
0.0070508		0		-7.29359
0.0070508		0.00235027		-107.125
0.0070508		0.00470053		-196.694
0.0070508		0.0070508		-277.669
0.0070508		0.00940107		-342.398
0.0070508		0.0117513		-384.473
0.0070508		0.0141016		-399.741
0.0070508		0.0164519		-386.876
0.0070508		0.0188021		-346.698
0.0070508		0.0211524		-281.802
0.0070508		0.0235027		-196.977
0.0070508		0.0258529		-98.2591
0.0070508		0.0282032		7.54719
0.00940107		-0.0282032		-9.33431
0.00940107		-0.0258529		96.1267
0.00940107		-0.0235027		194.503
0.00940107		-0.0211524		279.073
0.00940107		-0.0188021		343.811
0.00940107		-0.0164519		383.981
0.00940107		-0.0141016		397.119
0.00940107		-0.0117513		382.457
0.00940107		-0.00940107		341.327
0.00940107		-0.0070508		277.514
0.00940107		-0.00470053		196.722
0.00940107		-0.00235027		98.1555
0.00940107		0		0.909931
0.00940107		0.00235027		-100.216
0.00940107		0.00470053		-197.61
0.00940107		0.0070508		-278.979
0.00940107		0.00940107		-342.847
0.00940107		0.0117513		-383.89
0.00940107		0.0141016		-398.355
0.00940107		0.0164519		-384.984
0.00940107		0.0188021		-344.616
0.00940107		0.0211524		-279.676
0.00940107		0.0235027		-194.896
0.00940107		0.0258529		-96.3204
0.00940107		0.0282032		9.33429
0.0117513		-0.0282032		-10.9132
0.0117513		-0.0258529		94.1055
0.0117513		-0.0235027		192.191
0.0117513		-0.0211524		276.489
0.0117513		-0.0188021		341.132
0.0117513		-0.0164519		381.532
0.0117513		-0.0141016		395.087
0.0117513		-0.0117513		381.107
0.0117513		-0.00940107		340.926
0.0117513		-0.0070508		277.882
0.0117513		-0.00470053		196.422
0.0117513		-0.00235027		97.9158
0.0117513		0		-3.06881
0.0117513		0.00235027		-99.5967
0.0117513		0.00470053		-194.485
0.0117513		0.0070508		-277.453
0.0117513		0.00940107		-341.201
0.0117513		0.0117513		-381.68
0.0117513		0.0141016		-395.731
0.0117513		0.0164519		-382.136
0.0117513		0.0188021		-341.699
0.0117513		0.0211524		-276.959
0.0117513		0.0235027		-192.489
0.0117513		0.0258529		-94.2618
0.0117513		0.0282032		10.9132
0.0141016		-0.0282032		-12.1895
0.0141016		-0.0258529		92.1243
0.0141016		-0.0235027		189.574
0.0141016		-0.0211524		273.359
0.0141016		-0.0188021		337.607
0.0141016		-0.0164519		377.937
0.0141016		-0.0141016		391.655
0.0141016		-0.0117513		378.052
0.0141016		-0.00940107		338.521
0.0141016		-0.0070508		276.268
0.0141016		-0.00470053		196.355
0.0141016		-0.00235027		96.2523
0.0141016		0		-4.71361
0.0141016		0.00235027		-100.165
0.0141016		0.00470053		-193.173
0.0141016		0.0070508		-274.731
0.0141016		0.00940107		-337.889
0.0141016		0.0117513		-377.952
0.0141016		0.0141016		-391.856
0.0141016		0.0164519		-378.268
0.0141016		0.0188021		-337.997
0.0141016		0.0211524		-273.688
0.0141016		0.0235027		-189.796
0.0141016		0.0258529		-92.2392
0.0141016		0.0282032		12.1895
0.0164519		-0.0282032		-13.0892
0.0164519		-0.0258529		90.239
0.0164519		-0.0235027		186.751
0.0164519		-0.0211524		269.781
0.0164519		-0.0188021		333.413
0.0164519		-0.0164519		373.278
0.0164519		-0.0141016		386.867
0.0164519		-0.0117513		373.333
0.0164519		-0.00940107		334.06
0.0164519		-0.0070508		272.194
0.0164519		-0.00470053		192.382
0.0164519		-0.00235027		97.5238
0.0164519		0		2.12319
0.0164519		0.00235027		-92.0928
0.0164519		0.00470053		-190.582
0.0164519		0.0070508		-270.261
0.0164519		0.00940107		-332.894
0.0164519		0.0117513		-372.806
0.0164519		0.0141016		-386.751
0.0164519		0.0164519		-373.455
0.0164519		0.0188021		-333.633
0.0164519		0.0211524		-270.01
0.0164519		0.0235027		-186.922
0.0164519		0.0258529		-90.327
0.0164519		0.0282032		13.0892
0.0188021		-0.0282032		-13.562
0.0188021		-0.0258529		88.4832
0.0188021		-0.0235027		183.844
0.0188021		-0.0211524		265.795
0.0188021		-0.0188021		328.55
0.0188021		-0.0164519		367.762
0.0188021		-0.0141016		380.857
0.0188021		-0.0117513		367.061
0.0188021		-0.00940107		327.762
0.0188021		-0.0070508		266.276
0.0188021		-0.00470053		187.377
0.0188021		-0.00235027		101.604
0.0188021		0		10.4832
0.0188021		0.00235027		-84.8877
0.0188021		0.00470053		-180.787
0.0188021		0.0070508		-263.06
0.0188021		0.00940107		-326.284
0.0188021		0.0117513		-366.454
0.0188021		0.0141016		-380.69
0.0188021		0.0164519		-367.832
0.0188021		0.0188021		-328.702
0.0188021		0.0211524		-265.978
0.0188021		0.0235027		-183.981
0.0188021		0.0258529		-88.564
0.0188021		0.0282032		13.5619
0.0211524		-0.0282032		-13.5835
0.0211524		-0.0258529		86.9195
0.0211524		-0.0235027		180.908
0.0211524		-0.0211524		261.506
0.0211524		-0.0188021		323.085
0.0211524		-0.0164519		361.478
0.0211524		-0.0141016		373.813
0.0211524		-0.0117513		359.475
0.0211524		-0.00940107		319.93
0.0211524		-0.0070508		258.392
0.0211524		-0.00470053		180.456
0.0211524		-0.00235027		91.6929
0.0211524		0		6.51049
0.0211524		0.00235027		-81.3872
0.0211524		0.00470053		-172.435
0.0211524		0.0070508		-255.562
0.0211524		0.00940107		-318.901
0.0211524		0.0117513		-359.193
0.0211524		0.0141016		-373.87
0.0211524		0.0164519		-361.615
0.0211524		0.0188021		-323.307
0.0211524		0.0211524		-261.699
0.0211524		0.0235027		-181.053
0.0211524		0.0258529		-86.9909
0.0211524		0.0282032		13.5835
0.0235027		-0.0282032		-13.1569
0.0235027		-0.0258529		85.6483
0.0235027		-0.0235027		178.026
0.0235027		-0.0211524		257.115
0.0235027		-0.0188021		317.354
0.0235027		-0.0164519		354.598
0.0235027		-0.0141016		366.004
0.0235027		-0.0117513		350.991
0.0235027		-0.00940107		310.749
0.0235027		-0.0070508		248.114
0.0235027		-0.00470053		167.737
0.0235027		-0.00235027		80.0877
0.0235027		0		-5.00615
0.0235027		0.00235027		-87.204
0.0235027		0.00470053		-169.574
0.0235027		0.0070508		-248.983
0.0235027		0.00940107		-311.248
0.0235027		0.0117513		-351.392
0.0235027		0.0141016		-366.397
0.0235027		0.0164519		-354.935
0.0235027		0.0188021		-317.651
0.0235027		0.0211524		-257.344
0.0235027		0.0235027		-178.2
0.0235027		0.0258529		-85.7215
0.0235027		0.0282032		13.1569
0.0258529		-0.0282032		-12.3114
0.0258529		-0.0258529		84.6853
0.0258529		-0.0235027		175.289
0.0258529		-0.0211524		252.755
0.0258529		-0.0188021		311.585
0.0258529		-0.0164519		347.547
0.0258529		-0.0141016		357.963
0.0258529		-0.0117513		342.131
0.0258529		-0.00940107		301.056
0.0258529		-0.0070508		237.404
0.0258529		-0.00470053		154.696
0.0258529		-0.00235027		74.705
0.0258529		0		-9.09575
0.0258529		0.00235027		-92.7897
0.0258529		0.00470053		-164.405
0.0258529		0.0070508		-241.353
0.0258529		0.00940107		-302.93
0.0258529		0.0117513		-343.159
0.0258529		0.0141016		-358.636
0.0258529		0.0164519		-348.042
0.0258529		0.0188021		-311.959
0.0258529		0.0211524		-253.025
0.0258529		0.0235027		-175.467
0.0258529		0.0258529		-84.7776
0.0258529		0.0282032		12.3114
0.0282032		-0.0282032		-11.0998
0.0282032		-0.0258529		83.9982
0.0282032		-0.0235027		172.824
0.0282032		-0.0211524		248.567
0.0282032		-0.0188021		305.872
0.0282032		-0.0164519		340.603
0.0282032		-0.0141016		350.014
0.0282032		-0.0117513		333.426
0.0282032		-0.00940107		291.957
0.0282032		-0.0070508		228.337
0.0282032		-0.00470053		146.947
0.0282032		-0.00235027		73.0092
0.0282032		0		-4.29346
0.0282032		0.00235027		-79.2647
0.0282032		0.00470053		-153.836
0.0282032		0.0070508		-231.692
0.0282032		0.00940107		-293.85
0.0282032		0.0117513		-334.615
0.0282032		0.0141016		-350.814
0.0282032		0.0164519		-341.177
0.0282032		0.0188021		-306.278
0.0282032		0.0211524		-248.84
0.0282032		0.0235027		-172.975
0.0282032		0.0258529		-84.0911
0.0282032		0.0282032		11.0998
0.0305535		-0.0282032		-9.59678
0.0305535		-0.0258529		83.5733
0.0305535		-0.0235027		170.582
0.0305535		-0.0211524		244.614
0.0305535		-0.0188021		300.409
0.0305535		-0.0164519		333.968
0.0305535		-0.0141016		342.404
0.0305535		-0.0117513		325.209
0.0305535		-0.00940107		283.577
0.0305535		-0.0070508		220.179
0.0305535		-0.00470053		140
0.0305535		-0.00235027		73.235
0.0305535		0		2.46155
0.0305535		0.00235027		-64.2491
0.0305535		0.00470053		-137.939
0.0305535		0.0070508		-220.941
0.0305535		0.00940107		-284.715
0.0305535		0.0117513		-326.238
0.0305535		0.0141016		-343.213
0.0305535		0.0164519		-334.569
0.0305535		0.0188021		-300.86
0.0305535		0.0211524		-244.928
0.0305535		0.0235027		-170.766
0.0305535		0.0258529		-83.6761
0.0305535		0.0282032		9.59682
0.0329037		-0.0282032		-7.89378
0.0329037		-0.0258529		83.4215
0.0329037		-0.0235027		168.557
0.0329037		-0.0211524		240.99
0.0329037		-0.0188021		295.402
0.0329037		-0.0164519		327.803
0.0329037		-0.0141016		335.45
0.0329037		-0.0117513		317.759
0.0329037		-0.00940107		275.907
0.0329037		-0.0070508		212.509
0.0329037		-0.00470053		131.707
0.0329037		-0.00235027		62.7782
0.0329037		0		-0.480507
0.0329037		0.00235027		-63.7862
0.0329037		0.00470053		-130.446
0.0329037		0.0070508		-213.117
0.0329037		0.00940107		-276.887
0.0329037		0.0117513		-318.696
0.0329037		0.0141016		-336.216
0.0329037		0.0164519		-328.435
0.0329037		0.0188021		-295.893
0.0329037		0.0211524		-241.345
0.0329037		0.0235027		-168.81
0.0329037		0.0258529		-83.5369
0.0329037		0.0282032		7.8938
0.035254		-0.0282032		-6.09226
0.035254		-0.0258529		83.4604
0.035254		-0.0235027		166.858
0.035254		-0.0211524		237.759
0.035254		-0.0188021		290.86
0.035254		-0.0164519		322.234
0.035254		-0.0141016		329.258
0.035254		-0.0117513		311.256
0.035254		-0.00940107		269.451
0.035254		-0.0070508		206.601
0.035254		-0.00470053		127.186
0.035254		-0.00235027		61.4256
0.035254		0		0.529366
0.035254		0.00235027		-65.2785
0.035254		0.00470053		-131.322
0.035254		0.0070508		-208.502
0.035254		0.00940107		-270.693
0.035254		0.0117513		-312.175
0.035254		0.0141016		-329.968
0.035254		0.0164519		-322.841
0.035254		0.0188021		-291.338
0.035254		0.0211524		-238.104
0.035254		0.0235027		-167.101
0.035254		0.0258529		-83.57
0.035254		0.0282032		6.09225
0.0376043		-0.0282032		-4.29911
0.0376043		-0.0258529		83.5799
0.0376043		-0.0235027		165.441
0.0376043		-0.0211524		234.904
0.0376043		-0.0188021		286.768
0.0376043		-0.0164519		317.344
0.0376043		-0.0141016		323.869
0.0376043		-0.0117513		305.725
0.0376043		-0.00940107		264.231
0.0376043		-0.0070508		201.963
0.0376043		-0.00470053		122.997
0.0376043		-0.00235027		69.6431
0.0376043		0		11.6741
0.0376043		0.00235027		-59.802
0.0376043		0.00470053		-126.14
0.0376043		0.0070508		-203.579
0.0376043		0.00940107		-265.309
0.0376043		0.0117513		-306.567
0.0376043		0.0141016		-324.55
0.0376043		0.0164519		-317.877
0.0376043		0.0188021		-287.226
0.0376043		0.0211524		-235.233
0.0376043		0.0235027		-165.64
0.0376043		0.0258529		-83.6889
0.0376043		0.0282032		4.29912
0.0399545		-0.0282032		-2.62047
0.0399545		-0.0258529		83.7554
0.0399545		-0.0235027		164.164
0.0399545		-0.0211524		232.364
0.0399545		-0.0188021		283.256
0.0399545		-0.0164519		313.111
0.0399545		-0.0141016		319.314
0.0399545		-0.0117513		301.299
0.0399545		-0.00940107		260.34
0.0399545		-0.0070508		198.983
0.0399545		-0.00470053		120.877
0.0399545		-0.00235027		69.7772
0.0399545		0		7.14667
0.0399545		0.00235027		-60.1391
0.0399545		0.00470053		-120.095
0.0399545		0.0070508		-199.309
0.0399545		0.00940107		-260.968
0.0399545		0.0117513		-301.975
0.0399545		0.0141016		-319.94
0.0399545		0.0164519		-313.6
0.0399545		0.0188021		-283.628
0.0399545		0.0211524		-232.642
0.0399545		0.0235027		-164.357
0.0399545		0.0258529		-83.8481
0.0399545		0.0282032		2.62046
0.0423048		-0.0282032		-1.15625
0.0423048		-0.0258529		83.868
0.0423048		-0.0235027		162.917
0.0423048		-0.0211524		230.05
0.0423048		-0.0188021		280.151
0.0423048		-0.0164519		309.438
0.0423048		-0.0141016		315.553
0.0423048		-0.0117513		297.91
0.0423048		-0.00940107		257.739
0.0423048		-0.0070508		197.971
0.0423048		-0.00470053		123.509
0.0423048		-0.00235027		61.2618
0.0423048		0		-5.91304
0.0423048		0.00235027		-64.283
0.0423048		0.00470053		-121.553
0.0423048		0.0070508		-197.868
0.0423048		0.00940107		-258.187
0.0423048		0.0117513		-298.466
0.0423048		0.0141016		-316.102
0.0423048		0.0164519		-309.899
0.0423048		0.0188021		-280.489
0.0423048		0.0211524		-230.317
0.0423048		0.0235027		-163.1
0.0423048		0.0258529		-83.9553
0.0423048		0.0282032		1.15621
0.0446551		-0.0282032		0.00774913
0.0446551		-0.0258529		83.7912
0.0446551		-0.0235027		161.696
0.0446551		-0.0211524		227.883
0.0446551		-0.0188021		277.252
0.0446551		-0.0164519		306.258
0.0446551		-0.0141016		312.478
0.0446551		-0.0117513		295.214
0.0446551		-0.00940107		255.822
0.0446551		-0.0070508		197.141
0.0446551		-0.00470053		123.939
0.0446551		-0.00235027		55.0594
0.0446551		0		-9.61004
0.0446551		0.00235027		-67.0428
0.0446551		0.00470053		-124.72
0.0446551		0.0070508		-197.926
0.0446551		0.00940107		-256.555
0.0446551		0.0117513		-295.839
0.0446551		0.0141016		-312.997
0.0446551		0.0164519		-306.688
0.0446551		0.0188021		-277.616
0.0446551		0.0211524		-228.134
0.0446551		0.0235027		-161.863
0.0446551		0.0258529		-83.8735
0.0446551		0.0282032		-0.00777054
0.0470053		-0.0282032		0.803082
0.0470053		-0.0258529		83.4646
0.0470053		-0.0235027		160.396
0.0470053		-0.0211524		225.726
0.0470053		-0.0188021		274.606
0.0470053		-0.0164519		303.455
0.0470053		-0.0141016		309.849
0.0470053		-0.0117513		293.086
0.0470053		-0.00940107		254.476
0.0470053		-0.0070508		196.392
0.0470053		-0.00470053		122.467
0.0470053		-0.00235027		58.5891
0.0470053		0		-5.40387
0.0470053		0.00235027		-69.0867
0.0470053		0.00470053		-125.888
0.0470053		0.0070508		-198.106
0.0470053		0.00940107		-255.5
0.0470053		0.0117513		-293.795
0.0470053		0.0141016		-310.348
0.0470053		0.0164519		-303.847
0.0470053		0.0188021		-274.931
0.0470053		0.0211524		-225.964
0.0470053		0.0235027		-160.549
0.0470053		0.0258529		-83.5422
0.0470053		0.0282032		-0.803078
0.0493556		-0.0282032		1.18217
0.0493556		-0.0258529		82.8495
0.0493556		-0.0235027		158.844
0.0493556		-0.0211524		223.498
0.0493556		-0.0188021		272.041
0.0493556		-0.0164519		300.769
0.0493556		-0.0141016		307.45
0.0493556		-0.0117513		291.512
0.0493556		-0.00940107		253.88
0.0493556		-0.0070508		197.01
0.0493556		-0.00470053		124.742
0.0493556		-0.00235027		63.3219
0.0493556		0		4.11768
0.0493556		0.00235027		-58.6712
0.0493556		0.00470053		-127.93
0.0493556		0.0070508		-198.596
0.0493556		0.00940107		-254.807
0.0493556		0.0117513		-292.159
0.0493556		0.0141016		-307.936
0.0493556		0.0164519		-301.136
0.0493556		0.0188021		-272.314
0.0493556		0.0211524		-223.704
0.0493556		0.0235027		-158.982
0.0493556		0.0258529		-82.9208
0.0493556		0.0282032		-1.18216
0.0517059		-0.0282032		1.1226
0.0517059		-0.0258529		81.8573
0.0517059		-0.0235027		156.983
0.0517059		-0.0211524		221.038
0.0517059		-0.0188021		269.297
0.0517059		-0.0164519		298.079
0.0517059		-0.0141016		305.25
0.0517059		-0.0117513		290.255
0.0517059		-0.00940107		253.831
0.0517059		-0.0070508		198.566
0.0517059		-0.00470053		128.469
0.0517059		-0.00235027		61.0592
0.0517059		0		-0.235493
0.0517059		0.00235027		-59.334
0.0517059		0.00470053		-128.559
0.0517059		0.0070508		-199.065
0.0517059		0.00940107		-254.353
0.0517059		0.0117513		-290.69
0.0517059		0.0141016		-305.617
0.0517059		0.0164519		-298.379
0.0517059		0.0188021		-269.539
0.0517059		0.0211524		-221.193
0.0517059		0.0235027		-157.085
0.0517059		0.0258529		-81.9127
0.0517059		0.0282032		-1.1226
0.0540561		-0.0282032		0.627599
0.0540561		-0.0258529		80.409
0.0540561		-0.0235027		154.728
0.0540561		-0.0211524		218.202
0.0540561		-0.0188021		266.23
0.0540561		-0.0164519		295.204
0.0540561		-0.0141016		302.993
0.0540561		-0.0117513		289.014
0.0540561		-0.00940107		254.027
0.0540561		-0.0070508		200.389
0.0540561		-0.00470053		131.565
0.0540561		-0.00235027		62.9941
0.0540561		0		-6.9066
0.0540561		0.00235027		-71.2588
0.0540561		0.00470053		-130.185
0.0540561		0.0070508		-200.212
0.0540561		0.00940107		-254.169
0.0540561		0.0117513		-289.228
0.0540561		0.0141016		-303.205
0.0540561		0.0164519		-295.425
0.0540561		0.0188021		-266.423
0.0540561		0.0211524		-218.35
0.0540561		0.0235027		-154.822
0.0540561		0.0258529		-80.4473
0.0540561		0.0282032		-0.62762
0.0564064		-0.0282032		-0.274076
0.0564064		-0.0258529		78.5235
0.0564064		-0.0235027		151.999
0.0564064		-0.0211524		214.886
0.0564064		-0.0188021		262.692
0.0564064		-0.0164519		291.842
0.0564064		-0.0141016		300.316
0.0564064		-0.0117513		287.546
0.0564064		-0.00940107		254.173
0.0564064		-0.0070508		202.609
0.0564064		-0.00470053		135.927
0.0564064		-0.00235027		68.7373
0.0564064		0		3.41447
0.0564064		0.00235027		-70.9577
0.0564064		0.00470053		-136.622
0.0564064		0.0070508		-202.649
0.0564064		0.00940107		-254.195
0.0564064		0.0117513		-287.622
0.0564064		0.0141016		-300.44
0.0564064		0.0164519		-292.01
0.0564064		0.0188021		-262.823
0.0564064		0.0211524		-215.012
0.0564064		0.0235027		-152.076
0.0564064		0.0258529		-78.554
0.0564064		0.0282032		0.274065
0.0587567		-0.0282032		-1.53013
0.0587567		-0.0258529		76.2108
0.0587567		-0.0235027		148.724
0.0587567		-0.0211524		210.971
0.0587567		-0.0188021		258.53
0.0587567		-0.0164519		287.848
0.0587567		-0.0141016		297.012
0.0587567		-0.0117513		285.476
0.0587567		-0.00940107		253.91
0.0587567		-0.0070508		205.065
0.0587567		-0.00470053		143.183
0.0587567		-0.00235027		71.7713
0.0587567		0		4.44211
0.0587567		0.00235027		-72.8775
0.0587567		0.00470053		-142.414
0.0587567		0.0070508		-204.689
0.0587567		0.00940107		-253.766
0.0587567		0.0117513		-285.502
0.0587567		0.0141016		-297.055
0.0587567		0.0164519		-287.91
0.0587567		0.0188021		-258.599
0.0587567		0.0211524		-211.05
0.0587567		0.0235027		-148.781
0.0587567		0.0258529		-76.2485
0.0587567		0.0282032		1.53013
0.0611069		-0.0282032		-3.0672
0.0611069		-0.0258529		73.4621
0.0611069		-0.0235027		144.888
0.0611069		-0.0211524		206.375
0.0611069		-0.0188021		253.544
0.0611069		-0.0164519		282.982
0.0611069		-0.0141016		292.782
0.0611069		-0.0117513		282.37
0.0611069		-0.00940107		252.442
0.0611069		-0.0070508		205.702
0.0611069		-0.00470053		146.244
0.0611069		-0.00235027		76.4754
0.0611069		0		-3.9289
0.0611069		0.00235027		-75.5496
0.0611069		0.00470053		-143.696
0.0611069		0.0070508		-205.014
0.0611069		0.00940107		-252.253
0.0611069		0.0117513		-282.359
0.0611069		0.0141016		-292.816
0.0611069		0.0164519		-283.007
0.0611069		0.0188021		-253.594
0.0611069		0.0211524		-206.415
0.0611069		0.0235027		-144.945
0.0611069		0.0258529		-73.5097
0.0611069		0.0282032		3.0672
0.0634572		-0.0282032		-4.79533
0.0634572		-0.0258529		70.3088
0.0634572		-0.0235027		140.491
0.0634572		-0.0211524		201.062
0.0634572		-0.0188021		247.668
0.0634572		-0.0164519		277.044
0.0634572		-0.0141016		287.38
0.0634572		-0.0117513		277.976
0.0634572		-0.00940107		249.451
0.0634572		-0.0070508		204.065
0.0634572		-0.00470053		144.41
0.0634572		-0.00235027		76.307
0.0634572		0		-4.95645
0.0634572		0.00235027		-75.2895
0.0634572		0.00470053		-145.755
0.0634572		0.0070508		-204.412
0.0634572		0.00940107		-249.538
0.0634572		0.0117513		-277.994
0.0634572		0.0141016		-287.459
0.0634572		0.0164519		-277.103
0.0634572		0.0188021		-247.715
0.0634572		0.0211524		-201.106
0.0634572		0.0235027		-140.546
0.0634572		0.0258529		-70.3402
0.0634572		0.0282032		4.79532
0.0658075		-0.0282032		-6.61322
0.0658075		-0.0258529		66.827
0.0658075		-0.0235027		135.514
0.0658075		-0.0211524		194.945
0.0658075		-0.0188021		240.857
0.0658075		-0.0164519		269.999
0.0658075		-0.0141016		280.708
0.0658075		-0.0117513		272.239
0.0658075		-0.00940107		245.189
0.0658075		-0.0070508		201.688
0.0658075		-0.00470053		144.514
0.0658075		-0.00235027		74.543
0.0658075		0		-0.497925
0.0658075		0.00235027		-73.3572
0.0658075		0.00470053		-147.404
0.0658075		0.0070508		-202.403
0.0658075		0.00940107		-245.333
0.0658075		0.0117513		-272.286
0.0658075		0.0141016		-280.739
0.0658075		0.0164519		-270.037
0.0658075		0.0188021		-240.881
0.0658075		0.0211524		-195.003
0.0658075		0.0235027		-135.57
0.0658075		0.0258529		-66.8511
0.0658075		0.0282032		6.61322
0.0681577		-0.0282032		-8.41319
0.0681577		-0.0258529		63.0997
0.0681577		-0.0235027		130.023
0.0681577		-0.0211524		187.998
0.0681577		-0.0188021		232.981
0.0681577		-0.0164519		261.722
0.0681577		-0.0141016		272.668
0.0681577		-0.0117513		265.078
0.0681577		-0.00940107		239.523
0.0681577		-0.0070508		198.34
0.0681577		-0.00470053		144.953
0.0681577		-0.00235027		72.5073
0.0681577		0		5.75068
0.0681577		0.00235027		-67.7229
0.0681577		0.00470053		-143.191
0.0681577		0.0070508		-197.799
0.0681577		0.00940107		-239.323
0.0681577		0.0117513		-265.004
0.0681577		0.0141016		-272.656
0.0681577		0.0164519		-261.808
0.0681577		0.0188021		-233.074
0.0681577		0.0211524		-188.092
0.0681577		0.0235027		-130.062
0.0681577		0.0258529		-63.1327
0.0681577		0.0282032		8.4132
0.070508		-0.0282032		-10.0884
0.070508		-0.0258529		59.1839
0.070508		-0.0235027		124.064
0.070508		-0.0211524		180.363
0.070508		-0.0188021		224.094
0.070508		-0.0164519		252.242
0.070508		-0.0141016		263.215
0.070508		-0.0117513		256.301
0.070508		-0.00940107		232.136
0.070508		-0.0070508		192.887
0.070508		-0.00470053		141.763
0.070508		-0.00235027		69.2327
0.070508		0		3.56586
0.070508		0.00235027		-67.5267
0.070508		0.00470053		-139.013
0.070508		0.0070508		-191.862
0.070508		0.00940107		-231.764
0.070508		0.0117513		-256.201
0.070508		0.0141016		-263.29
0.070508		0.0164519		-252.367
0.070508		0.0188021		-224.258
0.070508		0.0211524		-180.481
0.070508		0.0235027		-124.138
0.070508		0.0258529		-59.2108
0.070508		0.0282032		10.0885
0.0728583		-0.0282032		-11.5392
0.0728583		-0.0258529		55.1886
0.0728583		-0.0235027		117.737
0.0728583		-0.0211524		172.072
0.0728583		-0.0188021		214.319
0.0728583		-0.0164519		241.632
0.0728583		-0.0141016		252.401
0.0728583		-0.0117513		245.967
0.0728583		-0.00940107		222.935
0.0728583		-0.0070508		185.197
0.0728583		-0.00470053		135.637
0.0728583		-0.00235027		68.2814
0.0728583		0		-1.63457
0.0728583		0.00235027		-66.2165
0.0728583		0.00470053		-135.274
0.0728583		0.0070508		-184.755
0.0728583		0.00940107		-222.738
0.0728583		0.0117513		-245.995
0.0728583		0.0141016		-252.543
0.0728583		0.0164519		-241.812
0.0728583		0.0188021		-214.501
0.0728583		0.0211524		-172.208
0.0728583		0.0235027		-117.851
0.0728583		0.0258529		-55.2387
0.0728583		0.0282032		11.5392
0.0752085		-0.0282032		-12.677
0.0752085		-0.0258529		51.2183
0.0752085		-0.0235027		111.143
0.0752085		-0.0211524		163.205
0.0752085		-0.0188021		203.75
0.0752085		-0.0164519		229.986
0.0752085		-0.0141016		240.357
0.0752085		-0.0117513		234.263
0.0752085		-0.00940107		212.133
0.0752085		-0.0070508		175.819
0.0752085		-0.00470053		128.15
0.0752085		-0.00235027		65.6516
0.0752085		0		-2.22622
0.0752085		0.00235027		-60.3421
0.0752085		0.00470053		-127.236
0.0752085		0.0070508		-175.729
0.0752085		0.00940107		-212.231
0.0752085		0.0117513		-234.452
0.0752085		0.0141016		-240.585
0.0752085		0.0164519		-230.282
0.0752085		0.0188021		-204.023
0.0752085		0.0211524		-163.405
0.0752085		0.0235027		-111.292
0.0752085		0.0258529		-51.3
0.0752085		0.0282032		12.677
0.0775588		-0.0282032		-13.4315
0.0775588		-0.0258529		47.3386
0.0775588		-0.0235027		104.387
0.0775588		-0.0211524		153.906
0.0775588		-0.0188021		192.498
0.0775588		-0.0164519		217.451
0.0775588		-0.0141016		227.178
0.0775588		-0.0117513		221.272
0.0775588		-0.00940107		200.042
0.0775588		-0.0070508		165.15
0.0775588		-0.00470053		118.598
0.0775588		-0.00235027		59.1674
0.0775588		0		-1.3714
0.0775588		0.00235027		-62.2185
0.0775588		0.00470053		-121.099
0.0775588		0.0070508		-165.958
0.0775588		0.00940107		-200.527
0.0775588		0.0117513		-221.74
0.0775588		0.0141016		-227.635
0.0775588		0.0164519		-217.851
0.0775588		0.0188021		-192.874
0.0775588		0.0211524		-154.225
0.0775588		0.0235027		-104.606
0.0775588		0.0258529		-47.4435
0.0775588		0.0282032		13.4315
0.0799091		-0.0282032		-13.7537
0.0799091		-0.0258529		43.6369
0.0799091		-0.0235027		97.583
0.0799091		-0.0211524		144.316
0.0799091		-0.0188021		180.701
0.0799091		-0.0164519		204.133
0.0799091		-0.0141016		213.136
0.0799091		-0.0117513		207.283
0.0799091		-0.00940107		187.012
0.0799091		-0.0070508		154.076
0.0799091		-0.00470053		110.91
0.0799091		-0.00235027		54.5455
0.0799091		0		-2.62123
0.0799091		0.00235027		-62.8763
0.0799091		0.00470053		-111.383
0.0799091		0.0070508		-154.437
0.0799091		0.00940107		-187.556
0.0799091		0.0117513		-207.977
0.0799091		0.0141016		-213.835
0.0799091		0.0164519		-204.745
0.0799091		0.0188021		-181.205
0.0799091		0.0211524		-144.735
0.0799091		0.0235027		-97.8596
0.0799091		0.0258529		-43.7764
0.0799091		0.0282032		13.7537
0.0822593		-0.0282032		-13.618
0.0822593		-0.0258529		40.2031
0.0822593		-0.0235027		90.8091
0.0822593		-0.0211524		134.582
0.0822593		-0.0188021		168.521
0.0822593		-0.0164519		190.304
0.0822593		-0.0141016		198.446
0.0822593		-0.0117513		192.497
0.0822593		-0.00940107		172.983
0.0822593		-0.0070508		141.845
0.0822593		-0.00470053		102.204
0.0822593		-0.00235027		47.8793
0.0822593		0		-5.90764
0.0822593		0.00235027		-54.0484
0.0822593		0.00470053		-98.5242
0.0822593		0.0070508		-141.556
0.0822593		0.00940107		-173.694
0.0822593		0.0117513		-193.433
0.0822593		0.0141016		-199.383
0.0822593		0.0164519		-191.165
0.0822593		0.0188021		-169.248
0.0822593		0.0211524		-135.093
0.0822593		0.0235027		-91.1566
0.0822593		0.0258529		-40.3743
0.0822593		0.0282032		13.618
0.0846096		-0.0282032		-13.0254
0.0846096		-0.0258529		37.0813
0.0846096		-0.0235027		84.1621
0.0846096		-0.0211524		124.833
0.0846096		-0.0188021		156.221
0.0846096		-0.0164519		176.206
0.0846096		-0.0141016		183.253
0.0846096		-0.0117513		177.052
0.0846096		-0.00940107		157.999
0.0846096		-0.0070508		127.75
0.0846096		-0.00470053		88.7915
0.0846096		-0.00235027		39.7483
0.0846096		0		-3.87545
0.0846096		0.00235027		-47.5796
0.0846096		0.00470053		-89.377
0.0846096		0.0070508		-129.102
0.0846096		0.00940107		-159.578
0.0846096		0.0117513		-178.548
0.0846096		0.0141016		-184.572
0.0846096		0.0164519		-177.298
0.0846096		0.0188021		-157.124
0.0846096		0.0211524		-125.479
0.0846096		0.0235027		-84.6101
0.0846096		0.0258529		-37.2849
0.0846096		0.0282032		13.0254
0.0869599		-0.0282032		-12.0021
0.0869599		-0.0258529		34.284
0.0869599		-0.0235027		77.748
0.0869599		-0.0211524		115.192
0.0869599		-0.0188021		143.961
0.0869599		-0.0164519		162.006
0.0869599		-0.0141016		167.903
0.0869599		-0.0117513		161.339
0.0869599		-0.00940107		142.642
0.0869599		-0.0070508		112.985
0.0869599		-0.00470053		73.6048
0.0869599		-0.00235027		36.0441
0.0869599		0		2.19569
0.0869599		0.00235027		-37.5577
0.0869599		0.00470053		-78.7894
0.0869599		0.0070508		-116.505
0.0869599		0.00940107		-145.36
0.0869599		0.0117513		-163.53
0.0869599		0.0141016		-169.657
0.0869599		0.0164519		-163.355
0.0869599		0.0188021		-144.979
0.0869599		0.0211524		-115.96
0.0869599		0.0235027		-78.2526
0.0869599		0.0258529		-34.5226
0.0869599		0.0282032		12.0022
0.0893101		-0.0282032		-10.5985
0.0893101		-0.0258529		31.7864
0.0893101		-0.0235027		71.613
0.0893101		-0.0211524		105.791
0.0893101		-0.0188021		131.833
0.0893101		-0.0164519		147.945
0.0893101		-0.0141016		152.739
0.0893101		-0.0117513		145.815
0.0893101		-0.00940107		127.702
0.0893101		-0.0070508		99.4361
0.0893101		-0.00470053		62.5459
0.0893101		-0.00235027		32.6896
0.0893101		0		1.13479
0.0893101		0.00235027		-29.671
0.0893101		0.00470053		-69.1458
0.0893101		0.0070508		-104.291
0.0893101		0.00940107		-131.339
0.0893101		0.0117513		-148.564
0.0893101		0.0141016		-154.825
0.0893101		0.0164519		-149.535
0.0893101		0.0188021		-133
0.0893101		0.0211524		-106.626
0.0893101		0.0235027		-72.182
0.0893101		0.0258529		-32.0576
0.0893101		0.0282032		10.5985
0.0916604		-0.0282032		-8.8861
0.0916604		-0.0258529		29.6329
0.0916604		-0.0235027		65.7981
0.0916604		-0.0211524		96.6889
0.0916604		-0.0188021		120.05
0.0916604		-0.0164519		134.246
0.0916604		-0.0141016		137.945
0.0916604		-0.0117513		130.812
0.0916604		-0.00940107		113.428
0.0916604		-0.0070508		86.9067
0.0916604		-0.00470053		53.6563
0.0916604		-0.00235027		26.8294
0.0916604		0		-1.08155
0.0916604		0.00235027		-29.9601
0.0916604		0.00470053		-61.0143
0.0916604		0.0070508		-92.5694
0.0916604		0.00940107		-117.623
0.0916604		0.0117513		-133.904
0.0916604		0.0141016		-140.263
0.0916604		0.0164519		-136.017
0.0916604		0.0188021		-121.366
0.0916604		0.0211524		-97.5969
0.0916604		0.0235027		-66.3941
0.0916604		0.0258529		-29.9228
0.0916604		0.0282032		8.88611
0.0940107		-0.0282032		-6.95401
0.0940107		-0.0258529		27.7741
0.0940107		-0.0235027		60.2958
0.0940107		-0.0211524		87.9759
0.0940107		-0.0188021		108.765
0.0940107		-0.0164519		121.054
0.0940107		-0.0141016		123.738
0.0940107		-0.0117513		116.47
0.0940107		-0.00940107		99.7772
0.0940107		-0.0070508		74.4834
0.0940107		-0.00470053		42.2941
0.0940107		-0.00235027		17.6131
0.0940107		0		-3.28417
0.0940107		0.00235027		-25.5156
0.0940107		0.00470053		-52.3277
0.0940107		0.0070508		-80.7559
0.0940107		0.00940107		-104.112
0.0940107		0.0117513		-119.633
0.0940107		0.0141016		-126.124
0.0940107		0.0164519		-122.858
0.0940107		0.0188021		-110.109
0.0940107		0.0211524		-88.9146
0.0940107		0.0235027		-60.8632
0.0940107		0.0258529		-28.0607
0.0940107		0.0282032		6.95399
0.096361		-0.0282032		-4.90282
0.096361		-0.0258529		26.1053
0.096361		-0.0235027		55.1148
0.096361		-0.0211524		79.7352
0.096361		-0.0188021		98.0004
0.096361		-0.0164519		108.546
0.096361		-0.0141016		110.331
0.096361		-0.0117513		103.031
0.096361		-0.00940107		87.2005
0.096361		-0.0070508		63.359
0.096361		-0.00470053		32.3175
0.096361		-0.00235027		9.44178
0.096361		0		-6.69135
0.096361		0.00235027		-22.1279
0.096361		0.00470053		-40.1165
0.096361		0.0070508		-68.3998
0.096361		0.00940107		-90.8889
0.096361		0.0117513		-105.862
0.096361		0.0141016		-112.528
0.096361		0.0164519		-110.224
0.096361		0.0188021		-99.2337
0.096361		0.0211524		-80.6194
0.096361		0.0235027		-55.6616
0.096361		0.0258529		-26.3948
0.096361		0.0282032		4.90279
0.0987112		-0.0282032		-2.83987
0.0987112		-0.0258529		24.5982
0.0987112		-0.0235027		50.26
0.0987112		-0.0211524		71.8916
0.0987112		-0.0188021		87.7775
0.0987112		-0.0164519		96.7757
0.0987112		-0.0141016		97.7849
0.0987112		-0.0117513		90.6585
0.0987112		-0.00940107		75.9962
0.0987112		-0.0070508		54.5654
0.0987112		-0.00470053		28.0902
0.0987112		-0.00235027		15.4533
0.0987112		0		-2.7344
0.0987112		0.00235027		-22.1379
0.0987112		0.00470053		-28.7647
0.0987112		0.0070508		-56.9724
0.0987112		0.00940107		-78.5688
0.0987112		0.0117513		-92.9296
0.0987112		0.0141016		-99.6513
0.0987112		0.0164519		-98.226
0.0987112		0.0188021		-88.8837
0.0987112		0.0211524		-72.693
0.0987112		0.0235027		-50.7777
0.0987112		0.0258529		-24.8429
0.0987112		0.0282032		2.83986
0.101061		-0.0282032		-0.872973
0.101061		-0.0258529		23.17
0.101061		-0.0235027		45.6229
0.101061		-0.0211524		64.4394
0.101061		-0.0188021		78.1586
0.101061		-0.0164519		85.6959
0.101061		-0.0141016		86.0972
0.101061		-0.0117513		79.2706
0.101061		-0.00940107		65.7713
0.101061		-0.0070508		46.5447
0.101061		-0.00470053		24.0327
0.101061		-0.00235027		20.455
0.101061		0		2.09682
0.101061		0.00235027		-14.5163
0.101061		0.00470053		-22.3908
0.101061		0.0070508		-47.9039
0.101061		0.00940107		-67.7129
0.101061		0.0117513		-81.1046
0.101061		0.0141016		-87.641
0.101061		0.0164519		-86.9095
0.101061		0.0188021		-79.0833
0.101061		0.0211524		-65.1155
0.101061		0.0235027		-46.0656
0.101061		0.0258529		-23.3647
0.101061		0.0282032		0.872986
0.103412		-0.0282032		0.896666
0.103412		-0.0258529		21.7346
0.103412		-0.0235027		41.1547
0.103412		-0.0211524		57.3738
0.103412		-0.0188021		69.0863
0.103412		-0.0164519		75.3205
0.103412		-0.0141016		75.2747
0.103412		-0.0117513		68.8182
0.103412		-0.00940107		56.339
0.103412		-0.0070508		38.2899
0.103412		-0.00470053		15.0755
0.103412		-0.00235027		9.01353
0.103412		0		-4.45559
0.103412		0.00235027		-11.5171
0.103412		0.00470053		-19.7043
0.103412		0.0070508		-40.9819
0.103412		0.00940107		-58.3325
0.103412		0.0117513		-70.3858
0.103412		0.0141016		-76.5035
0.103412		0.0164519		-76.2875
0.103412		0.0188021		-69.7917
0.103412		0.0211524		-57.9045
0.103412		0.0235027		-41.4826
0.103412		0.0258529		-21.9043
0.103412		0.0282032		-0.896653
0.105762		-0.0282032		2.37892
0.105762		-0.0258529		20.1765
0.105762		-0.0235027		36.8147
0.105762		-0.0211524		50.6181
0.105762		-0.0188021		60.4633
0.105762		-0.0164519		65.6275
0.105762		-0.0141016		65.2971
0.105762		-0.0117513		59.3747
0.105762		-0.00940107		48.2606
0.105762		-0.0070508		32.3121
0.105762		-0.00470053		12.2028
0.105762		-0.00235027		3.68521
0.105762		0		-4.24856
0.105762		0.00235027		-11.3675
0.105762		0.00470053		-17.4276
0.105762		0.0070508		-35.1244
0.105762		0.00940107		-50.0034
0.105762		0.0117513		-60.5742
0.105762		0.0141016		-66.1772
0.105762		0.0164519		-66.2755
0.105762		0.0188021		-60.9526
0.105762		0.0211524		-50.9731
0.105762		0.0235027		-37.0267
0.105762		0.0258529		-20.294
0.105762		0.0282032		-2.37893
0.108112		-0.0282032		3.5008
0.108112		-0.0258529		18.468
0.108112		-0.0235027		32.4872
0.108112		-0.0211524		44.0554
0.108112		-0.0188021		52.2528
0.108112		-0.0164519		56.5049
0.108112		-0.0141016		56.0473
0.108112		-0.0117513		50.9018
0.108112		-0.00940107		41.3766
0.108112		-0.0070508		27.9671
0.108112		-0.00470053		11.7997
0.108112		-0.00235027		6.87438
0.108112		0		5.76297
0.108112		0.00235027		-8.16506
0.108112		0.00470053		-14.307
0.108112		0.0070508		-29.5611
0.108112		0.00940107		-42.3346
0.108112		0.0117513		-51.512
0.108112		0.0141016		-56.4877
0.108112		0.0164519		-56.7979
0.108112		0.0188021		-52.4889
0.108112		0.0211524		-44.2124
0.108112		0.0235027		-32.5832
0.108112		0.0258529		-18.52
0.108112		0.0282032		-3.50082
0.110463		-0.0282032		4.21022
0.110463		-0.0258529		16.5574
0.110463		-0.0235027		28.0687
0.110463		-0.0211524		37.5831
0.110463		-0.0188021		44.376
0.110463		-0.0164519		47.8134
0.110463		-0.0141016		47.4019
0.110463		-0.0117513		43.1716
0.110463		-0.00940107		35.2771
0.110463		-0.0070508		24.2297
0.110463		-0.00470053		10.926
0.110463		-0.00235027		5.85571
0.110463		0		2.35281
0.110463		0.00235027		-6.79091
0.110463		0.00470053		-11.4794
0.110463		0.0070508		-24.2955
0.110463		0.00940107		-35.1974
0.110463		0.0117513		-43.0553
0.110463		0.0141016		-47.2977
0.110463		0.0164519		-47.7305
0.110463		0.0188021		-44.3152
0.110463		0.0211524		-37.5373
0.110463		0.0235027		-28.0425
0.110463		0.0258529		-16.5388
0.110463		0.0282032		-4.21023
0.112813		-0.0282032		4.47897
0.112813		-0.0258529		14.3303
0.112813		-0.0235027		23.5232
0.112813		-0.0211524		31.1401
0.112813		-0.0188021		36.6207
0.112813		-0.0164519		39.4416
0.112813		-0.0141016		39.1988
0.112813		-0.0117513		35.9335
0.112813		-0.00940107		29.7508
0.112813		-0.0070508		21.0746
0.112813		-0.00470053		10.7908
0.112813		-0.00235027		1.31568
0.112813		0		-1.9308
0.112813		0.00235027		0.531726
0.112813		0.00470053		-7.53328
0.112813		0.0070508		-19.2517
0.112813		0.00940107		-28.5343
0.112813		0.0117513		-35.0451
0.112813		0.0141016		-38.5544
0.112813		0.0164519		-38.9563
0.112813		0.0188021		-36.2687
0.112813		0.0211524		-30.893
0.112813		0.0235027		-23.3633
0.112813		0.0258529		-14.26
0.112813		0.0282032		-4.47895
0.115163		-0.0282032		4.30414
0.115163		-0.0258529		11.7694
0.115163		-0.0235027		18.786
0.115163		-0.0211524		24.6158
0.115163		-0.0188021		28.8763
0.115163		-0.0164519		31.2074
0.115163		-0.0141016		31.2604
0.115163		-0.0117513		29.0131
0.115163		-0.00940107		24.5893
0.115163		-0.0070508		18.0869
0.115163		-0.00470053		9.54067
0.115163		-0.00235027		5.71932
0.115163		0		3.35992
0.115163		0.00235027		1.76949
0.115163		0.00470053		-5.65623
0.115163		0.0070508		-15.2173
0.115163		0.00940107		-22.4891
0.115163		0.0117513		-27.4611
0.115163		0.0141016		-30.1279
0.115163		0.0164519		-30.3631
0.115163		0.0188021		-28.253
0.115163		0.0211524		-24.204
0.115163		0.0235027		-18.5068
0.115163		0.0258529		-11.6465
0.115163		0.0282032		-4.30413
0.117513		-0.0282032		3.70871
0.117513		-0.0258529		8.88428
0.117513		-0.0235027		13.7519
0.117513		-0.0211524		17.906
0.117513		-0.0188021		21.0872
0.117513		-0.0164519		22.934
0.117513		-0.0141016		23.3545
0.117513		-0.0117513		22.2931
0.117513		-0.00940107		19.7676
0.117513		-0.0070508		15.8024
0.117513		-0.00470053		9.97871
0.117513		-0.00235027		15.5374
0.117513		0		12.1342
0.117513		0.00235027		-0.834344
0.117513		0.00470053		-5.78431
0.117513		0.0070508		-12.1226
0.117513		0.00940107		-16.9906
0.117513		0.0117513		-20.2276
0.117513		0.0141016		-21.8391
0.117513		0.0164519		-21.8104
0.117513		0.0188021		-20.2485
0.117513		0.0211524		-17.3404
0.117513		0.0235027		-13.3768
0.117513		0.0258529		-8.71663
0.117513		0.0282032		-3.70873
0.119864		-0.0282032		2.74044
0.119864		-0.0258529		5.66332
0.119864		-0.0235027		8.40587
0.119864		-0.0211524		10.9568
0.119864		-0.0188021		13.0617
0.119864		-0.0164519		14.4891
0.119864		-0.0141016		15.2933
0.119864		-0.0117513		15.4859
0.119864		-0.00940107		15.0273
0.119864		-0.0070508		14.3336
0.119864		-0.00470053		14.3285
0.119864		-0.00235027		14.2438
0.119864		0		8.89793
0.119864		0.00235027		-0.204827
0.119864		0.00470053		-6.19176
0.119864		0.0070508		-9.4665
0.119864		0.00940107		-11.7374
0.119864		0.0117513		-13.1025
0.119864		0.0141016		-13.5415
0.119864		0.0164519		-13.1689
0.119864		0.0188021		-12.0985
0.119864		0.0211524		-10.2661
0.119864		0.0235027		-7.96786
0.119864		0.0258529		-5.45697
0.119864		0.0282032		-2.74045
0.122214		-0.0282032		1.46778
0.122214		-0.0258529		2.11167
0.122214		-0.0235027		2.78151
0.122214		-0.0211524		3.69219
0.122214		-0.0188021		4.65822
0.122214		-0.0164519		5.70134
0.122214		-0.0141016		6.88874
0.122214		-0.0117513		8.15773
0.122214		-0.00940107		9.57479
0.122214		-0.0070508		11.4383
0.122214		-0.00470053		14.608
0.122214		-0.00235027		9.66294
0.122214		0		-1.04997
0.122214		0.00235027		-0.279145
0.122214		0.00470053		-7.69912
0.122214		0.0070508		-7.10601
0.122214		0.00940107		-6.43223
0.122214		0.0117513		-5.77271
0.122214		0.0141016		-5.04606
0.122214		0.0164519		-4.27812
0.122214		0.0188021		-3.61811
0.122214		0.0211524		-2.94275
0.122214		0.0235027		-2.31054
0.122214		0.0258529		-1.85182
0.122214		0.0282032		-1.4678
0.124564		-0.0282032		-0.022306
0.124564		-0.0258529		-1.70957
0.124564		-0.0235027		-3.15929
0.124564		-0.0211524		-3.96114
0.124564		-0.0188021		-4.15179
0.124564		-0.0164519		-3.55167
0.124564		-0.0141016		-2.05905
0.124564		-0.0117513		0.175254
0.124564		-0.00940107		3.11816
0.124564		-0.0070508		6.6143
0.124564		-0.00470053		10.0883
0.124564		-0.00235027		3.99151
0.124564		0		2.87802
0.124564		0.00235027		-0.625631
0.124564		0.00470053		-8.70431
0.124564		0.0070508		-4.17786
0.124564		0.00940107		-0.603055
0.124564		0.0117513		2.02969
0.124564		0.0141016		3.88852
0.124564		0.0164519		4.9984
0.124564		0.0188021		5.23377
0.124564		0.0211524		4.74299
0.124564		0.0235027		3.65714
0.124564		0.0258529		1.97374
0.124564		0.0282032		0.0223021
0.126914		-0.0282032		-1.63046
0.126914		-0.0258529		-5.72107
0.126914		-0.0235027		-9.41066
0.126914		-0.0211524		-12.0118
0.126914		-0.0188021		-13.3566
0.126914		-0.0164519		-13.3316
0.126914		-0.0141016		-11.6268
0.126914		-0.0117513		-8.40511
0.126914		-0.00940107		-3.96335
0.126914		-0.0070508		1.3902
0.126914		-0.00470053		6.57405
0.126914		-0.00235027		-5.15782
0.126914		0		-3.27431
0.126914		0.00235027		-3.65849
0.126914		0.00470053		-8.14172
0.126914		0.0070508		0.173753
0.126914		0.00940107		6.20881
0.126914		0.0117513		10.5314
0.126914		0.0141016		13.4427
0.126914		0.0164519		14.771
0.126914		0.0188021		14.4641
0.126914		0.0211524		12.7848
0.126914		0.0235027		9.90903
0.126914		0.0258529		5.96196
0.126914		0.0282032		1.63047
0.129265		-0.0282032		-3.25075
0.129265		-0.0258529		-9.88212
0.129265		-0.0235027		-15.878
0.129265		-0.0211524		-20.3931
0.129265		-0.0188021		-23.0525
0.129265		-0.0164519		-23.6672
0.129265		-0.0141016		-21.8148
0.129265		-0.0117513		-17.6134
0.129265		-0.00940107		-11.4618
0.129265		-0.0070508		-3.67089
0.129265		-0.00470053		4.40639
0.129265		-0.00235027		-2.69589
0.129265		0		-9.08383
0.129265		0.00235027		-1.71454
0.129265		0.00470053		-2.02576
0.129265		0.0070508		6.81478
0.129265		0.00940107		14.2444
0.129265		0.0117513		19.8924
0.129265		0.0141016		23.6298
0.129265		0.0164519		25.0765
0.129265		0.0188021		24.1282
0.129265		0.0211524		21.1231
0.129265		0.0235027		16.3526
0.129265		0.0258529		10.1136
0.129265		0.0282032		3.25075
0.131615		-0.0282032		-4.77623
0.131615		-0.0258529		-14.1065
0.131615		-0.0235027		-22.5183
0.131615		-0.0211524		-29.07
0.131615		-0.0188021		-33.2301
0.131615		-0.0164519		-34.5677
0.131615		-0.0141016		-32.6813
0.131615		-0.0117513		-27.5784
0.131615		-0.00940107		-19.5643
0.131615		-0.0070508		-8.62509
0.131615		-0.00470053		4.97789
0.131615		-0.00235027		8.49941
0.131615		0		5.00165
0.131615		0.00235027		5.21495
0.131615		0.00470053		6.58401
0.131615		0.0070508		14.4512
0.131615		0.00940107		23.042
0.131615		0.0117513		29.9575
0.131615		0.0141016		34.4104
0.131615		0.0164519		35.863
0.131615		0.0188021		34.2002
0.131615		0.0211524		29.7557
0.131615		0.0235027		22.9608
0.131615		0.0258529		14.3188
0.131615		0.0282032		4.77623
0.133965		-0.0282032		-6.10534
0.133965		-0.0258529		-18.2574
0.133965		-0.0235027		-29.2982
0.133965		-0.0211524		-38.023
0.133965		-0.0188021		-43.7809
0.133965		-0.0164519		-46.0411
0.133965		-0.0141016		-44.3186
0.133965		-0.0117513		-38.4711
0.133965		-0.00940107		-28.9176
0.133965		-0.0070508		-15.5355
0.133965		-0.00470053		2.00521
0.133965		-0.00235027		9.48062
0.133965		0		12.1232
0.133965		0.00235027		8.96999
0.133965		0.00470053		8.28891
0.133965		0.0070508		20.6129
0.133965		0.00940107		31.9092
0.133965		0.0117513		40.4913
0.133965		0.0141016		45.7649
0.133965		0.0164519		47.1331
0.133965		0.0188021		44.5957
0.133965		0.0211524		38.6268
0.133965		0.0235027		29.6791
0.133965		0.0258529		18.4383
0.133965		0.0282032		6.10537
0.136315		-0.0282032		-7.14697
0.136315		-0.0258529		-22.2583
0.136315		-0.0235027		-36.0783
0.136315		-0.0211524		-47.1879
0.136315		-0.0188021		-54.6892
0.136315		-0.0164519		-58.0552
0.136315		-0.0141016		-56.6549
0.136315		-0.0117513		-50.3446
0.136315		-0.00940107		-39.7562
0.136315		-0.0070508		-25.2969
0.136315		-0.00470053		-7.99167
0.136315		-0.00235027		-2.93472
0.136315		0		4.5182
0.136315		0.00235027		5.77387
0.136315		0.00470053		7.63944
0.136315		0.0070508		26.4757
0.136315		0.00940107		41.1505
0.136315		0.0117513		51.5681
0.136315		0.0141016		57.6559
0.136315		0.0164519		58.8549
0.136315		0.0188021		55.3067
0.136315		0.0211524		47.6517
0.136315		0.0235027		36.381
0.136315		0.0258529		22.407
0.136315		0.0282032		7.147
0.138666		-0.0282032		-7.827
0.138666		-0.0258529		-26.0677
0.138666		-0.0235027		-42.7723
0.138666		-0.0211524		-56.4401
0.138666		-0.0188021		-65.8802
0.138666		-0.0164519		-70.4718
0.138666		-0.0141016		-69.5264
0.138666		-0.0117513		-62.9963
0.138666		-0.00940107		-51.4814
0.138666		-0.0070508		-35.7657
0.138666		-0.00470053		-17.6017
0.138666		-0.00235027		-12.25
0.138666		0		-4.87314
0.138666		0.00235027		2.39721
0.138666		0.00470053		11.86
0.138666		0.0070508		34.424
0.138666		0.00940107		51.5575
0.138666		0.0117513		63.4611
0.138666		0.0141016		70.0773
0.138666		0.0164519		70.9711
0.138666		0.0188021		66.3008
0.138666		0.0211524		56.7575
0.138666		0.0235027		42.9908
0.138666		0.0258529		26.1846
0.138666		0.0282032		7.82699
0.141016		-0.0282032		-8.09181
0.141016		-0.0258529		-29.6025
0.141016		-0.0235027		-49.3548
0.141016		-0.0211524		-65.6663
0.141016		-0.0188021		-77.2162
0.141016		-0.0164519		-83.166
0.141016		-0.0141016		-82.8293
0.141016		-0.0117513		-76.1204
0.141016		-0.00940107		-63.6067
0.141016		-0.0070508		-45.9852
0.141016		-0.00470053		-24.7171
0.141016		-0.00235027		-18.2324
0.141016		0		-4.18064
0.141016		0.00235027		7.87229
0.141016		0.00470053		22.9058
0.141016		0.0070508		45.1532
0.141016		0.00940107		63.356
0.141016		0.0117513		76.1807
0.141016		0.0141016		83.0322
0.141016		0.0164519		83.4175
0.141016		0.0188021		77.4537
0.141016		0.0211524		65.8559
0.141016		0.0235027		49.4962
0.141016		0.0258529		29.6765
0.141016		0.0282032		8.0918
0.143366		-0.0282032		-7.91145
0.143366		-0.0258529		-32.7882
0.143366		-0.0235027		-55.7262
0.143366		-0.0211524		-74.7934
0.143366		-0.0188021		-88.5486
0.143366		-0.0164519		-96.0328
0.143366		-0.0141016		-96.4117
0.143366		-0.0117513		-89.5702
0.143366		-0.00940107		-76.0685
0.143366		-0.0070508		-56.5466
0.143366		-0.00470053		-32.2191
0.143366		-0.00235027		-18.9441
0.143366		0		-0.0331022
0.143366		0.00235027		14.4619
0.143366		0.00470053		34.5266
0.143366		0.0070508		56.6399
0.143366		0.00940107		75.804
0.143366		0.0117513		89.3993
0.143366		0.0141016		96.3761
0.143366		0.0164519		96.0812
0.143366		0.0188021		88.64
0.143366		0.0211524		74.8731
0.143366		0.0235027		55.802
0.143366		0.0258529		32.8279
0.143366		0.0282032		7.91144
0.145717		-0.0282032		-7.2815
0.145717		-0.0258529		-35.6024
0.145717		-0.0235027		-61.7873
0.145717		-0.0211524		-83.7122
0.145717		-0.0188021		-99.8083
0.145717		-0.0164519		-108.893
0.145717		-0.0141016		-110.104
0.145717		-0.0117513		-103.29
0.145717		-0.00940107		-88.9298
0.145717		-0.0070508		-67.7119
0.145717		-0.00470053		-40.5066
0.145717		-0.00235027		-15.8308
0.145717		0		-2.11803
0.145717		0.00235027		14.0415
0.145717		0.00470053		39.9559
0.145717		0.0070508		66.8335
0.145717		0.00940107		88.2233
0.145717		0.0117513		102.842
0.145717		0.0141016		109.858
0.145717		0.0164519		108.779
0.145717		0.0188021		99.7813
0.145717		0.0211524		83.7173
0.145717		0.0235027		61.8076
0.145717		0.0258529		35.6201
0.145717		0.0282032		7.28148
0.148067		-0.0282032		-6.22296
0.148067		-0.0258529		-38.0592
0.148067		-0.0235027		-67.4982
0.148067		-0.0211524		-92.3399
0.148067		-0.0188021		-110.863
0.148067		-0.0164519		-121.606
0.148067		-0.0141016		-123.725
0.148067		-0.0117513		-117.115
0.148067		-0.00940107		-102.172
0.148067		-0.0070508		-79.8485
0.148067		-0.00470053		-51.7005
0.148067		-0.00235027		-24.3641
0.148067		0		-6.87129
0.148067		0.00235027		16.6064
0.148067		0.00470053		46.2311
0.148067		0.0070508		77.4571
0.148067		0.00940107		100.934
0.148067		0.0117513		116.423
0.148067		0.0141016		123.331
0.148067		0.0164519		121.383
0.148067		0.0188021		110.751
0.148067		0.0211524		92.3067
0.148067		0.0235027		67.4822
0.148067		0.0258529		38.0467
0.148067		0.0282032		6.22294
0.150417		-0.0282032		-4.78205
0.150417		-0.0258529		-40.1024
0.150417		-0.0235027		-72.8421
0.150417		-0.0211524		-100.619
0.150417		-0.0188021		-121.559
0.150417		-0.0164519		-134.008
0.150417		-0.0141016		-137.091
0.150417		-0.0117513		-130.725
0.150417		-0.00940107		-115.307
0.150417		-0.0070508		-92.0806
0.150417		-0.00470053		-63.4027
0.150417		-0.00235027		-33.3567
0.150417		0		1.54542
0.150417		0.00235027		32.9218
0.150417		0.00470053		59.6464
0.150417		0.0070508		90.1267
0.150417		0.00940107		114.16
0.150417		0.0117513		130.037
0.150417		0.0141016		136.674
0.150417		0.0164519		133.771
0.150417		0.0188021		121.421
0.150417		0.0211524		100.585
0.150417		0.0235027		72.8204
0.150417		0.0258529		40.0893
0.150417		0.0282032		4.78205
0.152767		-0.0282032		-3.02633
0.152767		-0.0258529		-41.7567
0.152767		-0.0235027		-77.805
0.152767		-0.0211524		-108.517
0.152767		-0.0188021		-131.798
0.152767		-0.0164519		-145.95
0.152767		-0.0141016		-150.02
0.152767		-0.0117513		-143.814
0.152767		-0.00940107		-127.786
0.152767		-0.0070508		-103.278
0.152767		-0.00470053		-72.617
0.152767		-0.00235027		-36.843
0.152767		0		6.95268
0.152767		0.00235027		45.1879
0.152767		0.00470053		73.4901
0.152767		0.0070508		102.756
0.152767		0.00940107		127.108
0.152767		0.0117513		143.283
0.152767		0.0141016		149.671
0.152767		0.0164519		145.746
0.152767		0.0188021		131.696
0.152767		0.0211524		108.466
0.152767		0.0235027		77.7942
0.152767		0.0258529		41.7595
0.152767		0.0282032		3.02631
0.155118		-0.0282032		-1.04082
0.155118		-0.0258529		-43.1475
0.155118		-0.0235027		-82.3714
0.155118		-0.0211524		-115.938
0.155118		-0.0188021		-141.514
0.155118		-0.0164519		-157.319
0.155118		-0.0141016		-162.315
0.155118		-0.0117513		-156.226
0.155118		-0.00940107		-139.447
0.155118		-0.0070508		-113.271
0.155118		-0.00470053		-79.2545
0.155118		-0.00235027		-37.8627
0.155118		0		-4.60163
0.155118		0.00235027		37.3937
0.155118		0.00470053		80.3934
0.155118		0.0070508		112.928
0.155118		0.00940107		138.933
0.155118		0.0117513		155.834
0.155118		0.0141016		162.083
0.155118		0.0164519		157.212
0.155118		0.0188021		141.491
0.155118		0.0211524		115.898
0.155118		0.0235027		82.3649
0.155118		0.0258529		43.1395
0.155118		0.0282032		1.04082
0.157468		-0.0282032		1.07492
0.157468		-0.0258529		-44.2828
0.157468		-0.0235027		-86.529
0.157468		-0.0211524		-122.834
0.157468		-0.0188021		-150.671
0.157468		-0.0164519		-168.024
0.157468		-0.0141016		-173.875
0.157468		-0.0117513		-167.897
0.157468		-0.00940107		-150.414
0.157468		-0.0070508		-122.865
0.157468		-0.00470053		-87.0492
0.157468		-0.00235027		-42.2937
0.157468		0		-5.80485
0.157468		0.00235027		37.6418
0.157468		0.00470053		83.4022
0.157468		0.0070508		121.377
0.157468		0.00940107		149.761
0.157468		0.0117513		167.625
0.157468		0.0141016		173.801
0.157468		0.0164519		168.038
0.157468		0.0188021		150.745
0.157468		0.0211524		122.896
0.157468		0.0235027		86.5706
0.157468		0.0258529		44.3055
0.157468		0.0282032		-1.07489
0.159818		-0.0282032		3.21416
0.159818		-0.0258529		-45.2118
0.159818		-0.0235027		-90.3649
0.159818		-0.0211524		-129.264
0.159818		-0.0188021		-159.202
0.159818		-0.0164519		-178.027
0.159818		-0.0141016		-184.634
0.159818		-0.0117513		-178.665
0.159818		-0.00940107		-160.533
0.159818		-0.0070508		-131.827
0.159818		-0.00470053		-94.8996
0.159818		-0.00235027		-48.8829
0.159818		0		3.71434
0.159818		0.00235027		52.5965
0.159818		0.00470053		91.1891
0.159818		0.0070508		130.507
0.159818		0.00940107		160.183
0.159818		0.0117513		178.705
0.159818		0.0141016		184.805
0.159818		0.0164519		178.202
0.159818		0.0188021		159.382
0.159818		0.0211524		129.42
0.159818		0.0235027		90.4754
0.159818		0.0258529		45.2714
0.159818		0.0282032		-3.21415
0.162168		-0.0282032		5.26929
0.162168		-0.0258529		-46.0401
0.162168		-0.0235027		-93.9111
0.162168		-0.0211524		-135.239
0.162168		-0.0188021		-167.098
0.162168		-0.0164519		-187.227
0.162168		-0.0141016		-194.506
0.162168		-0.0117513		-188.434
0.162168		-0.00940107		-169.527
0.162168		-0.0070508		-139.49
0.162168		-0.00470053		-100.82
0.162168		-0.00235027		-54.8508
0.162168		0		2.12057
0.162168		0.00235027		52.69
0.162168		0.00470053		100.442
0.162168		0.0070508		139.771
0.162168		0.00940107		170.068
0.162168		0.0117513		189.015
0.162168		0.0141016		195.023
0.162168		0.0164519		187.664
0.162168		0.0188021		167.41
0.162168		0.0211524		135.483
0.162168		0.0235027		94.079
0.162168		0.0258529		46.1091
0.162168		0.0282032		-5.26929
0.164519		-0.0282032		7.13659
0.164519		-0.0258529		-46.8572
0.164519		-0.0235027		-97.2085
0.164519		-0.0211524		-140.76
0.164519		-0.0188021		-174.374
0.164519		-0.0164519		-195.616
0.164519		-0.0141016		-203.42
0.164519		-0.0117513		-197.165
0.164519		-0.00940107		-177.288
0.164519		-0.0070508		-145.558
0.164519		-0.00470053		-104.165
0.164519		-0.00235027		-55.0373
0.164519		0		-1.11432
0.164519		0.00235027		50.0631
0.164519		0.00470053		107.222
0.164519		0.0070508		147.841
0.164519		0.00940107		178.969
0.164519		0.0117513		198.39
0.164519		0.0141016		204.343
0.164519		0.0164519		196.305
0.164519		0.0188021		174.845
0.164519		0.0211524		141.101
0.164519		0.0235027		97.4314
0.164519		0.0258529		46.9435
0.164519		0.0282032		-7.13659
0.166869		-0.0282032		8.72334
0.166869		-0.0258529		-47.7091
0.166869		-0.0235027		-100.349
0.166869		-0.0211524		-145.9
0.166869		-0.0188021		-181.071
0.166869		-0.0164519		-203.327
0.166869		-0.0141016		-211.47
0.166869		-0.0117513		-204.914
0.166869		-0.00940107		-184.042
0.166869		-0.0070508		-150.57
0.166869		-0.00470053		-106.743
0.166869		-0.00235027		-52.3759
0.166869		0		3.51915
0.166869		0.00235027		62.5834
0.166869		0.00470053		114.083
0.166869		0.0070508		154.72
0.166869		0.00940107		186.667
0.166869		0.0117513		206.673
0.166869		0.0141016		212.672
0.166869		0.0164519		204.167
0.166869		0.0188021		181.657
0.166869		0.0211524		146.308
0.166869		0.0235027		100.606
0.166869		0.0258529		47.8303
0.166869		0.0282032		-8.72333
0.169219		-0.0282032		9.95268
0.169219		-0.0258529		-48.6639
0.169219		-0.0235027		-103.387
0.169219		-0.0211524		-150.729
0.169219		-0.0188021		-187.253
0.169219		-0.0164519		-210.381
0.169219		-0.0141016		-218.766
0.169219		-0.0117513		-211.8
0.169219		-0.00940107		-189.929
0.169219		-0.0070508		-154.867
0.169219		-0.00470053		-109.495
0.169219		-0.00235027		-54.3672
0.169219		0		4.08424
0.169219		0.00235027		68.75
0.169219		0.00470053		115.726
0.169219		0.0070508		159.271
0.169219		0.00940107		192.825
0.169219		0.0117513		213.737
0.169219		0.0141016		220.057
0.169219		0.0164519		211.287
0.169219		0.0188021		187.872
0.169219		0.0211524		151.143
0.169219		0.0235027		103.662
0.169219		0.0258529		48.8059
0.169219		0.0282032		-9.95268
0.171569		-0.0282032		10.768
0.171569		-0.0258529		-49.8151
0.171569		-0.0235027		-106.408
0.171569		-0.0211524		-155.309
0.171569		-0.0188021		-192.992
0.171569		-0.0164519		-216.81
0.171569		-0.0141016		-225.345
0.171569		-0.0117513		-217.916
0.171569		-0.00940107		-194.983
0.171569		-0.0070508		-158.133
0.171569		-0.00470053		-109.552
0.171569		-0.00235027		-49.6208
0.171569		0		3.21667
0.171569		0.00235027		59.7715
0.171569		0.00470053		115.984
0.171569		0.0070508		162.333
0.171569		0.00940107		197.707
0.171569		0.0117513		219.728
0.171569		0.0141016		226.589
0.171569		0.0164519		217.665
0.171569		0.0188021		193.569
0.171569		0.0211524		155.681
0.171569		0.0235027		106.656
0.171569		0.0258529		49.9402
0.171569		0.0282032		-10.768
0.17392		-0.0282032		11.1357
0.17392		-0.0258529		-51.2117
0.17392		-0.0235027		-109.432
0.17392		-0.0211524		-159.691
0.17392		-0.0188021		-198.413
0.17392		-0.0164519		-222.761
0.17392		-0.0141016		-231.343
0.17392		-0.0117513		-223.479
0.17392		-0.00940107		-199.601
0.17392		-0.0070508		-161.409
0.17392		-0.00470053		-110.657
0.17392		-0.00235027		-50.5411
0.17392		0		1.23159
0.17392		0.00235027		52.0358
0.17392		0.00470053		117.252
0.17392		0.0070508		164.655
0.17392		0.00940107		201.609
0.17392		0.0117513		224.83
0.17392		0.0141016		232.271
0.17392		0.0164519		223.418
0.17392		0.0188021		198.878
0.17392		0.0211524		160.009
0.17392		0.0235027		109.632
0.17392		0.0258529		51.3153
0.17392		0.0282032		-11.1357
0.17627		-0.0282032		11.0477
0.17627		-0.0258529		-52.8486
0.17627		-0.0235027		-112.52
0.17627		-0.0211524		-163.939
0.17627		-0.0188021		-203.515
0.17627		-0.0164519		-228.318
0.17627		-0.0141016		-236.817
0.17627		-0.0117513		-228.522
0.17627		-0.00940107		-203.976
0.17627		-0.0070508		-165.29
0.17627		-0.00470053		-116.004
0.17627		-0.00235027		-59.2758
0.17627		0		0.266639
0.17627		0.00235027		53.8392
0.17627		0.00470053		114.662
0.17627		0.0070508		165.568
0.17627		0.00940107		204.585
0.17627		0.0117513		229.139
0.17627		0.0141016		237.325
0.17627		0.0164519		228.742
0.17627		0.0188021		203.853
0.17627		0.0211524		164.173
0.17627		0.0235027		112.678
0.17627		0.0258529		52.9282
0.17627		0.0282032		-11.0477
0.17862		-0.0282032		10.5217
0.17862		-0.0258529		-54.7132
0.17862		-0.0235027		-115.707
0.17862		-0.0211524		-168.112
0.17862		-0.0188021		-208.339
0.17862		-0.0164519		-233.461
0.17862		-0.0141016		-241.789
0.17862		-0.0117513		-232.928
0.17862		-0.00940107		-207.561
0.17862		-0.0070508		-167.829
0.17862		-0.00470053		-117.366
0.17862		-0.00235027		-61.4619
0.17862		0		-2.26561
0.17862		0.00235027		54.4001
0.17862		0.00470053		113.48
0.17862		0.0070508		166.386
0.17862		0.00940107		207.104
0.17862		0.0117513		232.921
0.17862		0.0141016		241.956
0.17862		0.0164519		233.644
0.17862		0.0188021		208.517
0.17862		0.0211524		168.266
0.17862		0.0235027		115.813
0.17862		0.0258529		54.7742
0.17862		0.0282032		-10.5217
0.180971		-0.0282032		9.6
0.180971		-0.0258529		-56.8538
0.180971		-0.0235027		-118.957
0.180971		-0.0211524		-172.237
0.180971		-0.0188021		-212.99
0.180971		-0.0164519		-238.255
0.180971		-0.0141016		-246.368
0.180971		-0.0117513		-236.814
0.180971		-0.00940107		-210.32
0.180971		-0.0070508		-168.985
0.180971		-0.00470053		-115.547
0.180971		-0.00235027		-63.5053
0.180971		0		-6.88047
0.180971		0.00235027		54.213
0.180971		0.00470053		112.79
0.180971		0.0070508		167.294
0.180971		0.00940107		209.446
0.180971		0.0117513		236.415
0.180971		0.0141016		246.22
0.180971		0.0164519		238.226
0.180971		0.0188021		213.005
0.180971		0.0211524		172.292
0.180971		0.0235027		118.997
0.180971		0.0258529		56.8845
0.180971		0.0282032		-9.6
0.183321		-0.0282032		8.34802
0.183321		-0.0258529		-59.2154
0.183321		-0.0235027		-122.271
0.183321		-0.0211524		-176.336
0.183321		-0.0188021		-217.532
0.183321		-0.0164519		-242.864
0.183321		-0.0141016		-250.623
0.183321		-0.0117513		-240.291
0.183321		-0.00940107		-212.634
0.183321		-0.0070508		-169.949
0.183321		-0.00470053		-115.996
0.183321		-0.00235027		-58.5637
0.183321		0		-4.64243
0.183321		0.00235027		55.292
0.183321		0.00470053		112.483
0.183321		0.0070508		168.284
0.183321		0.00940107		211.697
0.183321		0.0117513		239.731
0.183321		0.0141016		250.286
0.183321		0.0164519		242.696
0.183321		0.0188021		217.459
0.183321		0.0211524		176.296
0.183321		0.0235027		122.273
0.183321		0.0258529		59.2276
0.183321		0.0282032		-8.34803
0.185671		-0.0282032		6.84872
0.185671		-0.0258529		-61.7184
0.185671		-0.0235027		-125.692
0.185671		-0.0211524		-180.414
0.185671		-0.0188021		-221.96
0.185671		-0.0164519		-247.334
0.185671		-0.0141016		-254.671
0.185671		-0.0117513		-243.455
0.185671		-0.00940107		-214.511
0.185671		-0.0070508		-169.902
0.185671		-0.00470053		-112.492
0.185671		-0.00235027		-51.1628
0.185671		0		7.73096
0.185671		0.00235027		60.3409
0.185671		0.00470053		113.445
0.185671		0.0070508		169.348
0.185671		0.00940107		213.785
0.185671		0.0117513		242.868
0.185671		0.0141016		254.267
0.185671		0.0164519		247.092
0.185671		0.0188021		221.83
0.185671		0.0211524		180.345
0.185671		0.0235027		125.685
0.185671		0.0258529		61.7166
0.185671		0.0282032		-6.84876
0.188021		-0.0282032		5.19928
0.188021		-0.0258529		-64.3222
0.188021		-0.0235027		-129.183
0.188021		-0.0211524		-184.502
0.188021		-0.0188021		-226.347
0.188021		-0.0164519		-251.739
0.188021		-0.0141016		-258.63
0.188021		-0.0117513		-246.573
0.188021		-0.00940107		-216.47
0.188021		-0.0070508		-170.317
0.188021		-0.00470053		-111.016
0.188021		-0.00235027		-53.387
0.188021		0		7.61108
0.188021		0.00235027		59.7923
0.188021		0.00470053		111.312
0.188021		0.0070508		169.522
0.188021		0.00940107		215.637
0.188021		0.0117513		245.917
0.188021		0.0141016		258.192
0.188021		0.0164519		251.449
0.188021		0.0188021		226.177
0.188021		0.0211524		184.432
0.188021		0.0235027		129.132
0.188021		0.0258529		64.2939
0.188021		0.0282032		-5.19931
0.190372		-0.0282032		3.50513
0.190372		-0.0258529		-66.9609
0.190372		-0.0235027		-132.623
0.190372		-0.0211524		-188.597
0.190372		-0.0188021		-230.765
0.190372		-0.0164519		-256.107
0.190372		-0.0141016		-262.614
0.190372		-0.0117513		-249.805
0.190372		-0.00940107		-218.664
0.190372		-0.0070508		-171.356
0.190372		-0.00470053		-111.848
0.190372		-0.00235027		-57.284
0.190372		0		0.593498
0.190372		0.00235027		55.5167
0.190372		0.00470053		107.602
0.190372		0.0070508		169.322
0.190372		0.00940107		217.505
0.190372		0.0117513		249.1
0.190372		0.0141016		262.179
0.190372		0.0164519		255.837
0.190372		0.0188021		230.628
0.190372		0.0211524		188.517
0.190372		0.0235027		132.562
0.190372		0.0258529		66.9391
0.190372		0.0282032		-3.50515
0.192722		-0.0282032		1.87353
0.192722		-0.0258529		-69.5334
0.192722		-0.0235027		-135.999
0.192722		-0.0211524		-192.615
0.192722		-0.0188021		-235.15
0.192722		-0.0164519		-260.486
0.192722		-0.0141016		-266.704
0.192722		-0.0117513		-253.182
0.192722		-0.00940107		-220.957
0.192722		-0.0070508		-172.079
0.192722		-0.00470053		-110.02
0.192722		-0.00235027		-60.2429
0.192722		0		-2.09746
0.192722		0.00235027		56.5703
0.192722		0.00470053		106.316
0.192722		0.0070508		170.119
0.192722		0.00940107		219.872
0.192722		0.0117513		252.577
0.192722		0.0141016		266.379
0.192722		0.0164519		260.34
0.192722		0.0188021		235.09
0.192722		0.0211524		192.577
0.192722		0.0235027		135.977
0.192722		0.0258529		69.5181
0.192722		0.0282032		-1.87354
0.195072		-0.0282032		0.407916
0.195072		-0.0258529		-71.9286
0.195072		-0.0235027		-139.304
0.195072		-0.0211524		-196.569
0.195072		-0.0188021		-239.499
0.195072		-0.0164519		-264.975
0.195072		-0.0141016		-270.943
0.195072		-0.0117513		-256.776
0.195072		-0.00940107		-223.634
0.195072		-0.0070508		-173.403
0.195072		-0.00470053		-109.299
0.195072		-0.00235027		-56.7698
0.195072		0		-3.37278
0.195072		0.00235027		54.7869
0.195072		0.00470053		107.933
0.195072		0.0070508		172.359
0.195072		0.00940107		223.046
0.195072		0.0117513		256.508
0.195072		0.0141016		270.853
0.195072		0.0164519		264.963
0.195072		0.0188021		239.486
0.195072		0.0211524		196.587
0.195072		0.0235027		139.32
0.195072		0.0258529		71.9118
0.195072		0.0282032		-0.407913
0.197422		-0.0282032		-0.798323
0.197422		-0.0258529		-74.1279
0.197422		-0.0235027		-142.453
0.197422		-0.0211524		-200.452
0.197422		-0.0188021		-243.837
0.197422		-0.0164519		-269.55
0.197422		-0.0141016		-275.37
0.197422		-0.0117513		-260.708
0.197422		-0.00940107		-226.839
0.197422		-0.0070508		-175.796
0.197422		-0.00470053		-111.386
0.197422		-0.00235027		-53.3897
0.197422		0		-2.51189
0.197422		0.00235027		50.5995
0.197422		0.00470053		110.31
0.197422		0.0070508		175.543
0.197422		0.00940107		226.919
0.197422		0.0117513		260.917
0.197422		0.0141016		275.562
0.197422		0.0164519		269.698
0.197422		0.0188021		243.947
0.197422		0.0211524		200.521
0.197422		0.0235027		142.51
0.197422		0.0258529		74.151
0.197422		0.0282032		0.798338
0.199773		-0.0282032		-1.66673
0.199773		-0.0258529		-76.0829
0.199773		-0.0235027		-145.352
0.199773		-0.0211524		-204.153
0.199773		-0.0188021		-248.174
0.199773		-0.0164519		-274.183
0.199773		-0.0141016		-279.99
0.199773		-0.0117513		-265.024
0.199773		-0.00940107		-230.428
0.199773		-0.0070508		-178.557
0.199773		-0.00470053		-113.994
0.199773		-0.00235027		-59.461
0.199773		0		-5.13754
0.199773		0.00235027		49.1763
0.199773		0.00470053		113.6
0.199773		0.0070508		179.571
0.199773		0.00940107		231.406
0.199773		0.0117513		265.747
0.199773		0.0141016		280.482
0.199773		0.0164519		274.534
0.199773		0.0188021		248.428
0.199773		0.0211524		204.342
0.199773		0.0235027		145.458
0.199773		0.0258529		76.1488
0.199773		0.0282032		1.66674
0.202123		-0.0282032		-2.13918
0.202123		-0.0258529		-77.6764
0.202123		-0.0235027		-148.008
0.202123		-0.0211524		-207.701
0.202123		-0.0188021		-252.423
0.202123		-0.0164519		-278.879
0.202123		-0.0141016		-284.802
0.202123		-0.0117513		-269.616
0.202123		-0.00940107		-234.3
0.202123		-0.0070508		-180.876
0.202123		-0.00470053		-112.551
0.202123		-0.00235027		-55.6197
0.202123		0		2.66624
0.202123		0.00235027		62.8658
0.202123		0.00470053		119.02
0.202123		0.0070508		184.576
0.202123		0.00940107		236.421
0.202123		0.0117513		270.859
0.202123		0.0141016		285.583
0.202123		0.0164519		279.385
0.202123		0.0188021		252.763
0.202123		0.0211524		207.949
0.202123		0.0235027		148.165
0.202123		0.0258529		77.7492
0.202123		0.0282032		2.13921
0.204473		-0.0282032		-2.18012
0.204473		-0.0258529		-78.8723
0.204473		-0.0235027		-150.385
0.204473		-0.0211524		-211.064
0.204473		-0.0188021		-256.543
0.204473		-0.0164519		-283.6
0.204473		-0.0141016		-289.798
0.204473		-0.0117513		-274.614
0.204473		-0.00940107		-238.988
0.204473		-0.0070508		-184.657
0.204473		-0.00470053		-113.719
0.204473		-0.00235027		-52.5148
0.204473		0		7.82115
0.204473		0.00235027		72.8735
0.204473		0.00470053		126.244
0.204473		0.0070508		189.867
0.204473		0.00940107		241.504
0.204473		0.0117513		276.011
0.204473		0.0141016		290.659
0.204473		0.0164519		284.171
0.204473		0.0188021		256.926
0.204473		0.0211524		211.32
0.204473		0.0235027		150.56
0.204473		0.0258529		78.9579
0.204473		0.0282032		2.18014
0.206823		-0.0282032		-1.77962
0.206823		-0.0258529		-79.7193
0.206823		-0.0235027		-152.363
0.206823		-0.0211524		-214.099
0.206823		-0.0188021		-260.512
0.206823		-0.0164519		-288.209
0.206823		-0.0141016		-294.918
0.206823		-0.0117513		-280.071
0.206823		-0.00940107		-244.737
0.206823		-0.0070508		-191.185
0.206823		-0.00470053		-123.447
0.206823		-0.00235027		-62.2295
0.206823		0		0.891454
0.206823		0.00235027		63.6252
0.206823		0.00470053		127.201
0.206823		0.0070508		193.298
0.206823		0.00940107		246.048
0.206823		0.0117513		280.976
0.206823		0.0141016		295.586
0.206823		0.0164519		288.753
0.206823		0.0188021		260.915
0.206823		0.0211524		214.4
0.206823		0.0235027		152.553
0.206823		0.0258529		79.8214
0.206823		0.0282032		1.77962
0.209174		-0.0282032		-0.95373
0.209174		-0.0258529		-80.1757
0.209174		-0.0235027		-153.953
0.209174		-0.0211524		-216.815
0.209174		-0.0188021		-264.219
0.209174		-0.0164519		-292.652
0.209174		-0.0141016		-299.938
0.209174		-0.0117513		-285.581
0.209174		-0.00940107		-250.659
0.209174		-0.0070508		-197.815
0.209174		-0.00470053		-131.816
0.209174		-0.00235027		-71.0133
0.209174		0		-5.10637
0.209174		0.00235027		55.998
0.209174		0.00470053		124.726
0.209174		0.0070508		195.976
0.209174		0.00940107		250.426
0.209174		0.0117513		285.845
0.209174		0.0141016		300.367
0.209174		0.0164519		293.09
0.209174		0.0188021		264.606
0.209174		0.0211524		217.129
0.209174		0.0235027		154.171
0.209174		0.0258529		80.2754
0.209174		0.0282032		0.953719
0.211524		-0.0282032		0.257221
0.211524		-0.0258529		-80.1822
0.211524		-0.0235027		-155.198
0.211524		-0.0211524		-219.165
0.211524		-0.0188021		-267.522
0.211524		-0.0164519		-296.809
0.211524		-0.0141016		-304.698
0.211524		-0.0117513		-290.773
0.211524		-0.00940107		-256.131
0.211524		-0.0070508		-203.226
0.211524		-0.00470053		-135.794
0.211524		-0.00235027		-74.5047
0.211524		0		-7.79889
0.211524		0.00235027		61.9843
0.211524		0.00470053		131.278
0.211524		0.0070508		201.07
0.211524		0.00940107		255.418
0.211524		0.0117513		290.787
0.211524		0.0141016		305.02
0.211524		0.0164519		297.206
0.211524		0.0188021		267.908
0.211524		0.0211524		219.482
0.211524		0.0235027		155.427
0.211524		0.0258529		80.2961
0.211524		0.0282032		-0.257254
0.213874		-0.0282032		1.79008
0.213874		-0.0258529		-79.8442
0.213874		-0.0235027		-156.025
0.213874		-0.0211524		-221.077
0.213874		-0.0188021		-270.395
0.213874		-0.0164519		-300.519
0.213874		-0.0141016		-309.051
0.213874		-0.0117513		-295.516
0.213874		-0.00940107		-261.091
0.213874		-0.0070508		-208.335
0.213874		-0.00470053		-141.553
0.213874		-0.00235027		-73.0933
0.213874		0		-7.07032
0.213874		0.00235027		65.4596
0.213874		0.00470053		138.44
0.213874		0.0070508		206.815
0.213874		0.00940107		260.641
0.213874		0.0117513		295.653
0.213874		0.0141016		309.453
0.213874		0.0164519		300.984
0.213874		0.0188021		270.862
0.213874		0.0211524		221.446
0.213874		0.0235027		156.285
0.213874		0.0258529		79.9923
0.213874		0.0282032		-1.79009
0.216225		-0.0282032		3.56307
0.216225		-0.0258529		-79.2257
0.216225		-0.0235027		-156.418
0.216225		-0.0211524		-222.579
0.216225		-0.0188021		-272.846
0.216225		-0.0164519		-303.66
0.216225		-0.0141016		-312.812
0.216225		-0.0117513		-299.692
0.216225		-0.00940107		-265.279
0.216225		-0.0070508		-212.312
0.216225		-0.00470053		-144.937
0.216225		-0.00235027		-69.5744
0.216225		0		3.89189
0.216225		0.00235027		74.9807
0.216225		0.00470053		142.711
0.216225		0.0070508		211.977
0.216225		0.00940107		265.613
0.216225		0.0117513		300.234
0.216225		0.0141016		313.443
0.216225		0.0164519		304.272
0.216225		0.0188021		273.406
0.216225		0.0211524		223.009
0.216225		0.0235027		156.741
0.216225		0.0258529		79.383
0.216225		0.0282032		-3.56305
0.218575		-0.0282032		5.47947
0.218575		-0.0258529		-78.328
0.218575		-0.0235027		-156.484
0.218575		-0.0211524		-223.619
0.218575		-0.0188021		-274.77
0.218575		-0.0164519		-306.242
0.218575		-0.0141016		-315.967
0.218575		-0.0117513		-303.127
0.218575		-0.00940107		-268.744
0.218575		-0.0070508		-215.22
0.218575		-0.00470053		-146.101
0.218575		-0.00235027		-71.7178
0.218575		0		6.89665
0.218575		0.00235027		82.8518
0.218575		0.00470053		150.116
0.218575		0.0070508		217.287
0.218575		0.00940107		270.185
0.218575		0.0117513		304.309
0.218575		0.0141016		316.969
0.218575		0.0164519		307.103
0.218575		0.0188021		275.439
0.218575		0.0211524		224.166
0.218575		0.0235027		156.872
0.218575		0.0258529		78.5031
0.218575		0.0282032		-5.47945
0.220925		-0.0282032		7.4341
0.220925		-0.0258529		-77.2277
0.220925		-0.0235027		-156.291
0.220925		-0.0211524		-224.24
0.220925		-0.0188021		-276.113
0.220925		-0.0164519		-308.248
0.220925		-0.0141016		-318.475
0.220925		-0.0117513		-305.927
0.220925		-0.00940107		-271.65
0.220925		-0.0070508		-217.982
0.220925		-0.00470053		-148.907
0.220925		-0.00235027		-71.961
0.220925		0		0.525947
0.220925		0.00235027		77.1782
0.220925		0.00470053		154.256
0.220925		0.0070508		221.141
0.220925		0.00940107		273.852
0.220925		0.0117513		307.654
0.220925		0.0141016		319.873
0.220925		0.0164519		309.38
0.220925		0.0188021		276.958
0.220925		0.0211524		224.897
0.220925		0.0235027		156.734
0.220925		0.0258529		77.4328
0.220925		0.0282032		-7.43412
0.223275		-0.0282032		9.31923
0.223275		-0.0258529		-76.0435
0.223275		-0.0235027		-155.823
0.223275		-0.0211524		-224.446
0.223275		-0.0188021		-276.945
0.223275		-0.0164519		-309.619
0.223275		-0.0141016		-320.296
0.223275		-0.0117513		-308.09
0.223275		-0.00940107		-273.888
0.223275		-0.0070508		-220.108
0.223275		-0.00470053		-150.312
0.223275		-0.00235027		-71.5835
0.223275		0		7.32824
0.223275		0.00235027		81.0768
0.223275		0.00470053		153.225
0.223275		0.0070508		223.103
0.223275		0.00940107		276.439
0.223275		0.0117513		310.168
0.223275		0.0141016		321.98
0.223275		0.0164519		310.96
0.223275		0.0188021		277.974
0.223275		0.0211524		225.19
0.223275		0.0235027		156.306
0.223275		0.0258529		76.2699
0.223275		0.0282032		-9.31927
0.225626		-0.0282032		11.0303
0.225626		-0.0258529		-74.8495
0.225626		-0.0235027		-155.089
0.225626		-0.0211524		-224.208
0.225626		-0.0188021		-277.24
0.225626		-0.0164519		-310.366
0.225626		-0.0141016		-321.441
0.225626		-0.0117513		-309.587
0.225626		-0.00940107		-275.604
0.225626		-0.0070508		-221.93
0.225626		-0.00470053		-152.246
0.225626		-0.00235027		-75.4885
0.225626		0		8.85708
0.225626		0.00235027		83.0196
0.225626		0.00470053		155.32
0.225626		0.0070508		225.272
0.225626		0.00940107		278.516
0.225626		0.0117513		312.022
0.225626		0.0141016		323.382
0.225626		0.0164519		311.897
0.225626		0.0188021		278.428
0.225626		0.0211524		225.077
0.225626		0.0235027		155.637
0.225626		0.0258529		75.1198
0.225626		0.0282032		-11.0304
0.227976		-0.0282032		12.4724
0.227976		-0.0258529		-73.6595
0.227976		-0.0235027		-154.19
0.227976		-0.0211524		-223.611
0.227976		-0.0188021		-276.978
0.227976		-0.0164519		-310.468
0.227976		-0.0141016		-321.919
0.227976		-0.0117513		-310.47
0.227976		-0.00940107		-276.813
0.227976		-0.0070508		-223.363
0.227976		-0.00470053		-153.696
0.227976		-0.00235027		-72.858
0.227976		0		3.81728
0.227976		0.00235027		83.5903
0.227976		0.00470053		159.481
0.227976		0.0070508		227.773
0.227976		0.00940107		280.199
0.227976		0.0117513		313.155
0.227976		0.0141016		324.055
0.227976		0.0164519		312.169
0.227976		0.0188021		278.284
0.227976		0.0211524		224.575
0.227976		0.0235027		154.818
0.227976		0.0258529		73.9877
0.227976		0.0282032		-12.4724
0.230326		-0.0282032		13.5648
0.230326		-0.0258529		-72.5832
0.230326		-0.0235027		-153.196
0.230326		-0.0211524		-222.693
0.230326		-0.0188021		-276.225
0.230326		-0.0164519		-309.939
0.230326		-0.0141016		-321.679
0.230326		-0.0117513		-310.62
0.230326		-0.00940107		-277.447
0.230326		-0.0070508		-224.506
0.230326		-0.00470053		-154.735
0.230326		-0.00235027		-68.029
0.230326		0		11.3476
0.230326		0.00235027		92.3673
0.230326		0.00470053		163.849
0.230326		0.0070508		229.588
0.230326		0.00940107		280.984
0.230326		0.0117513		313.335
0.230326		0.0141016		323.864
0.230326		0.0164519		311.686
0.230326		0.0188021		277.601
0.230326		0.0211524		223.687
0.230326		0.0235027		153.846
0.230326		0.0258529		72.9222
0.230326		0.0282032		-13.5648
0.232676		-0.0282032		14.247
0.232676		-0.0258529		-71.7126
0.232676		-0.0235027		-152.112
0.232676		-0.0211524		-221.495
0.232676		-0.0188021		-274.995
0.232676		-0.0164519		-308.705
0.232676		-0.0141016		-320.592
0.232676		-0.0117513		-309.905
0.232676		-0.00940107		-277.419
0.232676		-0.0070508		-225.98
0.232676		-0.00470053		-159.768
0.232676		-0.00235027		-64.3029
0.232676		0		21.6306
0.232676		0.00235027		96.9643
0.232676		0.00470053		163.361
0.232676		0.0070508		229.203
0.232676		0.00940107		280.343
0.232676		0.0117513		312.454
0.232676		0.0141016		322.722
0.232676		0.0164519		310.464
0.232676		0.0188021		276.372
0.232676		0.0211524		222.493
0.232676		0.0235027		152.762
0.232676		0.0258529		72.0371
0.232676		0.0282032		-14.247
0.235027		-0.0282032		14.4795
0.235027		-0.0258529		-71.3264
0.235027		-0.0235027		-151.55
0.235027		-0.0211524		-220.832
0.235027		-0.0188021		-274.262
0.235027		-0.0164519		-307.897
0.235027		-0.0141016		-319.823
0.235027		-0.0117513		-309.305
0.235027		-0.00940107		-277.189
0.235027		-0.0070508		-226.715
0.235027		-0.00470053		-163.134
0.235027		-0.00235027		-63.3553
0.235027		0		25.4563
0.235027		0.00235027		98.2962
0.235027		0.00470053		159.69
0.235027		0.0070508		228.055
0.235027		0.00940107		279.586
0.235027		0.0117513		311.714
0.235027		0.0141016		321.909
0.235027		0.0164519		309.676
0.235027		0.0188021		275.604
0.235027		0.0211524		221.842
0.235027		0.0235027		152.211
0.235027		0.0258529		71.6552
0.235027		0.0282032		-14.4795
