
##### time= 1.782045047e-06, label: 
0		-0.0282032		40.672
0		-0.0258529		40.672
0		-0.0235027		40.672
0		-0.0211524		40.672
0		-0.0188021		40.672
0		-0.0164519		40.672
0		-0.0141016		40.672
0		-0.0117513		40.672
0		-0.00940107		40.672
0		-0.0070508		40.672
0		-0.00470053		18.2177
0		-0.00235027		-4.19
0		0		-4.14329
0		0.00235027		-4.18995
0		0.00470053		18.2177
0		0.0070508		40.672
0		0.00940107		40.672
0		0.0117513		40.672
0		0.0141016		40.672
0		0.0164519		40.672
0		0.0188021		40.672
0		0.0211524		40.672
0		0.0235027		40.672
0		0.0258529		40.672
0		0.0282032		40.672
0.00235027		-0.0282032		32.8775
0.00235027		-0.0258529		33.3779
0.00235027		-0.0235027		34.2815
0.00235027		-0.0211524		34.9753
0.00235027		-0.0188021		35.4556
0.00235027		-0.0164519		35.6637
0.00235027		-0.0141016		35.4073
0.00235027		-0.0117513		34.3079
0.00235027		-0.00940107		31.3883
0.00235027		-0.0070508		24.1804
0.00235027		-0.00470053		-12.8412
0.00235027		-0.00235027		-6.9604
0.00235027		0		4.29101
0.00235027		0.00235027		19.3228
0.00235027		0.00470053		28.984
0.00235027		0.0070508		25.1165
0.00235027		0.00940107		32.5489
0.00235027		0.0117513		35.2583
0.00235027		0.0141016		36.1548
0.00235027		0.0164519		36.2702
0.00235027		0.0188021		35.9506
0.00235027		0.0211524		35.3554
0.00235027		0.0235027		34.6114
0.00235027		0.0258529		33.718
0.00235027		0.0282032		33.2095
0.00470053		-0.0282032		17.0801
0.00470053		-0.0258529		17.8396
0.00470053		-0.0235027		19.2871
0.00470053		-0.0211524		20.5236
0.00470053		-0.0188021		21.5116
0.00470053		-0.0164519		22.1783
0.00470053		-0.0141016		22.1252
0.00470053		-0.0117513		20.8596
0.00470053		-0.00940107		17.6416
0.00470053		-0.0070508		11.312
0.00470053		-0.00470053		-25.034
0.00470053		-0.00235027		-17.0071
0.00470053		0		1.00557
0.00470053		0.00235027		20.3564
0.00470053		0.00470053		29.7215
0.00470053		0.0070508		14.97
0.00470053		0.00940107		20.3408
0.00470053		0.0117513		22.8481
0.00470053		0.0141016		23.5827
0.00470053		0.0164519		23.3069
0.00470053		0.0188021		22.4459
0.00470053		0.0211524		21.2962
0.00470053		0.0235027		19.9664
0.00470053		0.0258529		18.4741
0.00470053		0.0282032		17.7026
0.0070508		-0.0282032		0.348338
0.0070508		-0.0258529		1.25531
0.0070508		-0.0235027		3.09397
0.0070508		-0.0211524		4.86094
0.0070508		-0.0188021		6.44143
0.0070508		-0.0164519		7.71463
0.0070508		-0.0141016		8.31995
0.0070508		-0.0117513		7.84635
0.0070508		-0.00940107		5.75532
0.0070508		-0.0070508		1.19152
0.0070508		-0.00470053		-46.7109
0.0070508		-0.00235027		-32.5094
0.0070508		0		-8.23593
0.0070508		0.00235027		15.9615
0.0070508		0.00470053		30.087
0.0070508		0.0070508		7.19837
0.0070508		0.00940107		9.71918
0.0070508		0.0117513		10.6353
0.0070508		0.0141016		10.3432
0.0070508		0.0164519		9.31563
0.0070508		0.0188021		7.76346
0.0070508		0.0211524		5.93444
0.0070508		0.0235027		4.05083
0.0070508		0.0258529		2.17123
0.0070508		0.0282032		1.24618
0.00940107		-0.0282032		-16.4221
0.00940107		-0.0258529		-15.4281
0.00940107		-0.0235027		-13.3234
0.00940107		-0.0211524		-11.1201
0.00940107		-0.0188021		-8.8864
0.00940107		-0.0164519		-6.76405
0.00940107		-0.0141016		-5.07654
0.00940107		-0.0117513		-4.15392
0.00940107		-0.00940107		-4.27333
0.00940107		-0.0070508		-5.36816
0.00940107		-0.00470053		-60.6163
0.00940107		-0.00235027		-45.32
0.00940107		0		-23.5349
0.00940107		0.00235027		1.16404
0.00940107		0.00470053		19.3742
0.00940107		0.0070508		0.765717
0.00940107		0.00940107		0.0217536
0.00940107		0.0117513		-1.04781
0.00940107		0.0141016		-2.70497
0.00940107		0.0164519		-4.85051
0.00940107		0.0188021		-7.29251
0.00940107		0.0211524		-9.77138
0.00940107		0.0235027		-12.1453
0.00940107		0.0258529		-14.3038
0.00940107		0.0282032		-15.3104
0.0117513		-0.0282032		-32.2562
0.0117513		-0.0258529		-31.2313
0.0117513		-0.0235027		-28.969
0.0117513		-0.0211524		-26.317
0.0117513		-0.0188021		-23.3699
0.0117513		-0.0164519		-20.3309
0.0117513		-0.0141016		-17.453
0.0117513		-0.0117513		-14.959
0.0117513		-0.00940107		-13.1025
0.0117513		-0.0070508		-11.9958
0.0117513		-0.00470053		-74.7236
0.0117513		-0.00235027		-57.7299
0.0117513		0		-34.5431
0.0117513		0.00235027		-11.9104
0.0117513		0.00470053		4.52911
0.0117513		0.0070508		-6.61828
0.0117513		0.00940107		-9.09474
0.0117513		0.0117513		-11.8871
0.0117513		0.0141016		-15.0098
0.0117513		0.0164519		-18.3065
0.0117513		0.0188021		-21.6407
0.0117513		0.0211524		-24.8253
0.0117513		0.0235027		-27.6032
0.0117513		0.0258529		-29.9216
0.0117513		0.0282032		-30.9808
0.0141016		-0.0282032		-46.2911
0.0141016		-0.0258529		-45.3047
0.0141016		-0.0235027		-42.9708
0.0141016		-0.0211524		-39.9232
0.0141016		-0.0188021		-36.3006
0.0141016		-0.0164519		-32.3286
0.0141016		-0.0141016		-28.1859
0.0141016		-0.0117513		-24.1395
0.0141016		-0.00940107		-20.4754
0.0141016		-0.0070508		-17.5329
0.0141016		-0.00470053		-87.5812
0.0141016		-0.00235027		-73.3455
0.0141016		0		-48.1825
0.0141016		0.00235027		-18.8318
0.0141016		0.00470053		-0.408482
0.0141016		0.0070508		-13.6078
0.0141016		0.00940107		-17.1797
0.0141016		0.0117513		-21.41
0.0141016		0.0141016		-25.8523
0.0141016		0.0164519		-30.3307
0.0141016		0.0188021		-34.5673
0.0141016		0.0211524		-38.3212
0.0141016		0.0235027		-41.476
0.0141016		0.0258529		-43.8762
0.0141016		0.0282032		-44.8724
0.0164519		-0.0282032		-57.7742
0.0164519		-0.0258529		-56.8705
0.0164519		-0.0235027		-54.5176
0.0164519		-0.0211524		-51.1439
0.0164519		-0.0188021		-46.9205
0.0164519		-0.0164519		-42.0554
0.0164519		-0.0141016		-36.7761
0.0164519		-0.0117513		-31.2667
0.0164519		-0.00940107		-25.7198
0.0164519		-0.0070508		-20.0786
0.0164519		-0.00470053		-103.673
0.0164519		-0.00235027		-86.1283
0.0164519		0		-56.848
0.0164519		0.00235027		-27.6612
0.0164519		0.00470053		-10.2096
0.0164519		0.0070508		-17.2534
0.0164519		0.00940107		-23.1487
0.0164519		0.0117513		-29.0269
0.0164519		0.0141016		-34.7633
0.0164519		0.0164519		-40.2129
0.0164519		0.0188021		-45.1867
0.0164519		0.0211524		-49.4891
0.0164519		0.0235027		-52.9324
0.0164519		0.0258529		-55.3349
0.0164519		0.0282032		-56.2631
0.0188021		-0.0282032		-66.2565
0.0188021		-0.0258529		-65.4186
0.0188021		-0.0235027		-63.1182
0.0188021		-0.0211524		-59.5792
0.0188021		-0.0188021		-54.8946
0.0188021		-0.0164519		-49.2776
0.0188021		-0.0141016		-42.9849
0.0188021		-0.0117513		-36.2395
0.0188021		-0.00940107		-29.291
0.0188021		-0.0070508		-22.7705
0.0188021		-0.00470053		-104.553
0.0188021		-0.00235027		-89.416
0.0188021		0		-62.1464
0.0188021		0.00235027		-37.294
0.0188021		0.00470053		-24.5738
0.0188021		0.0070508		-19.4867
0.0188021		0.00940107		-27.4107
0.0188021		0.0117513		-34.5556
0.0188021		0.0141016		-41.3442
0.0188021		0.0164519		-47.6124
0.0188021		0.0188021		-53.2133
0.0188021		0.0211524		-57.9319
0.0188021		0.0235027		-61.4892
0.0188021		0.0258529		-63.811
0.0188021		0.0282032		-64.656
0.0211524		-0.0282032		-71.3974
0.0211524		-0.0258529		-70.6788
0.0211524		-0.0235027		-68.5179
0.0211524		-0.0211524		-64.8904
0.0211524		-0.0188021		-59.8909
0.0211524		-0.0164519		-53.7699
0.0211524		-0.0141016		-46.7282
0.0211524		-0.0117513		-38.918
0.0211524		-0.00940107		-30.444
0.0211524		-0.0070508		-21.2388
0.0211524		-0.00470053		-100.53
0.0211524		-0.00235027		-87.0068
0.0211524		0		-66.0003
0.0211524		0.00235027		-42.9314
0.0211524		0.00470053		-27.3463
0.0211524		0.0070508		-23.5326
0.0211524		0.00940107		-30.4924
0.0211524		0.0117513		-37.9864
0.0211524		0.0141016		-45.3861
0.0211524		0.0164519		-52.2533
0.0211524		0.0188021		-58.2717
0.0211524		0.0211524		-63.2188
0.0211524		0.0235027		-66.84
0.0211524		0.0258529		-69.008
0.0211524		0.0282032		-69.7251
0.0235027		-0.0282032		-72.9607
0.0235027		-0.0258529		-72.4193
0.0235027		-0.0235027		-70.4446
0.0235027		-0.0211524		-66.8075
0.0235027		-0.0188021		-61.6921
0.0235027		-0.0164519		-55.2852
0.0235027		-0.0141016		-47.7935
0.0235027		-0.0117513		-39.3738
0.0235027		-0.00940107		-30.1238
0.0235027		-0.0070508		-19.807
0.0235027		-0.00470053		-105.516
0.0235027		-0.00235027		-85.5481
0.0235027		0		-56.1224
0.0235027		0.00235027		-38.4344
0.0235027		0.00470053		-30.2041
0.0235027		0.0070508		-23.5065
0.0235027		0.00940107		-30.7897
0.0235027		0.0117513		-38.7681
0.0235027		0.0141016		-46.5836
0.0235027		0.0164519		-53.7895
0.0235027		0.0188021		-60.0607
0.0235027		0.0211524		-65.0936
0.0235027		0.0235027		-68.6909
0.0235027		0.0258529		-70.6696
0.0235027		0.0282032		-71.2183
0.0258529		-0.0282032		-70.9944
0.0258529		-0.0258529		-70.5872
0.0258529		-0.0235027		-68.8436
0.0258529		-0.0211524		-65.3545
0.0258529		-0.0188021		-60.3128
0.0258529		-0.0164519		-53.8871
0.0258529		-0.0141016		-46.2669
0.0258529		-0.0117513		-37.7318
0.0258529		-0.00940107		-28.5129
0.0258529		-0.0070508		-18.5233
0.0258529		-0.00470053		-97.435
0.0258529		-0.00235027		-80.1741
0.0258529		0		-52.5149
0.0258529		0.00235027		-27.9097
0.0258529		0.00470053		-13.7028
0.0258529		0.0070508		-19.4736
0.0258529		0.00940107		-28.0964
0.0258529		0.0117513		-36.692
0.0258529		0.0141016		-44.8707
0.0258529		0.0164519		-52.2662
0.0258529		0.0188021		-58.5765
0.0258529		0.0211524		-63.5776
0.0258529		0.0235027		-67.0174
0.0258529		0.0258529		-68.738
0.0258529		0.0282032		-69.1655
0.0282032		-0.0282032		-65.6955
0.0282032		-0.0258529		-65.4193
0.0282032		-0.0235027		-63.9713
0.0282032		-0.0211524		-60.7436
0.0282032		-0.0188021		-55.8577
0.0282032		-0.0164519		-49.5876
0.0282032		-0.0141016		-42.2773
0.0282032		-0.0117513		-34.1539
0.0282032		-0.00940107		-25.5556
0.0282032		-0.0070508		-17.3397
0.0282032		-0.00470053		-85.4668
0.0282032		-0.00235027		-68.1122
0.0282032		0		-41.2292
0.0282032		0.00235027		-12.5318
0.0282032		0.00470053		6.637
0.0282032		0.0070508		-13.2097
0.0282032		0.00940107		-23.305
0.0282032		0.0117513		-32.3445
0.0282032		0.0141016		-40.5338
0.0282032		0.0164519		-47.7995
0.0282032		0.0188021		-53.9876
0.0282032		0.0211524		-58.8352
0.0282032		0.0235027		-62.0474
0.0282032		0.0258529		-63.4865
0.0282032		0.0282032		-63.7737
0.0305535		-0.0282032		-57.5738
0.0305535		-0.0258529		-57.4302
0.0305535		-0.0235027		-56.2361
0.0305535		-0.0211524		-53.3011
0.0305535		-0.0188021		-48.7838
0.0305535		-0.0164519		-42.9113
0.0305535		-0.0141016		-35.9838
0.0305535		-0.0117513		-28.3617
0.0305535		-0.00940107		-20.3196
0.0305535		-0.0070508		-11.9205
0.0305535		-0.00470053		-63.9039
0.0305535		-0.00235027		-48.8726
0.0305535		0		-21.1098
0.0305535		0.00235027		5.10917
0.0305535		0.00470053		18.5966
0.0305535		0.0070508		-7.88033
0.0305535		0.00940107		-17.7414
0.0305535		0.0117513		-26.2316
0.0305535		0.0141016		-33.9693
0.0305535		0.0164519		-40.8987
0.0305535		0.0188021		-46.7402
0.0305535		0.0211524		-51.2724
0.0305535		0.0235027		-54.2346
0.0305535		0.0258529		-55.4212
0.0305535		0.0282032		-55.5658
0.0329037		-0.0282032		-47.197
0.0329037		-0.0258529		-47.1908
0.0329037		-0.0235027		-46.2457
0.0329037		-0.0211524		-43.6067
0.0329037		-0.0188021		-39.5157
0.0329037		-0.0164519		-34.1651
0.0329037		-0.0141016		-27.8737
0.0329037		-0.0117513		-21.0274
0.0329037		-0.00940107		-14.0037
0.0329037		-0.0070508		-7.14034
0.0329037		-0.00470053		-36.5838
0.0329037		-0.00235027		-22.2513
0.0329037		0		5.6929
0.0329037		0.00235027		30.477
0.0329037		0.00470053		41.6494
0.0329037		0.0070508		-6.21185
0.0329037		0.00940107		-12.019
0.0329037		0.0117513		-18.8899
0.0329037		0.0141016		-25.7039
0.0329037		0.0164519		-32.0087
0.0329037		0.0188021		-37.3567
0.0329037		0.0211524		-41.4436
0.0329037		0.0235027		-44.1151
0.0329037		0.0258529		-45.0692
0.0329037		0.0282032		-45.0663
0.035254		-0.0282032		-35.3373
0.035254		-0.0258529		-35.3708
0.035254		-0.0235027		-34.6244
0.035254		-0.0211524		-32.3562
0.035254		-0.0188021		-28.7061
0.035254		-0.0164519		-23.8982
0.035254		-0.0141016		-18.3718
0.035254		-0.0117513		-12.4441
0.035254		-0.00940107		-6.50401
0.035254		-0.0070508		-1.02273
0.035254		-0.00470053		-19.2695
0.035254		-0.00235027		2.43518
0.035254		0		36.7936
0.035254		0.00235027		58.6058
0.035254		0.00470053		67.7642
0.035254		0.0070508		0.782093
0.035254		0.00940107		-4.24858
0.035254		0.0117513		-10.107
0.035254		0.0141016		-16.0515
0.035254		0.0164519		-21.5961
0.035254		0.0188021		-26.396
0.035254		0.0211524		-30.0877
0.035254		0.0235027		-32.3628
0.035254		0.0258529		-33.1125
0.035254		0.0282032		-33.0979
0.0376043		-0.0282032		-22.6969
0.0376043		-0.0258529		-22.7426
0.0376043		-0.0235027		-22.144
0.0376043		-0.0211524		-20.1602
0.0376043		-0.0188021		-16.9053
0.0376043		-0.0164519		-12.6975
0.0376043		-0.0141016		-7.94987
0.0376043		-0.0117513		-2.99849
0.0376043		-0.00940107		1.77389
0.0376043		-0.0070508		6.12462
0.0376043		-0.00470053		13.9094
0.0376043		-0.00235027		33.9944
0.0376043		0		62.8459
0.0376043		0.00235027		81.6265
0.0376043		0.00470053		91.6407
0.0376043		0.0070508		9.95001
0.0376043		0.00940107		4.7458
0.0376043		0.0117513		-0.345215
0.0376043		0.0141016		-5.47172
0.0376043		0.0164519		-10.3008
0.0376043		0.0188021		-14.4931
0.0376043		0.0211524		-17.7521
0.0376043		0.0235027		-19.7721
0.0376043		0.0258529		-20.3828
0.0376043		0.0282032		-20.3382
0.0399545		-0.0282032		-10.0003
0.0399545		-0.0258529		-10.0876
0.0399545		-0.0235027		-9.55346
0.0399545		-0.0211524		-7.72108
0.0399545		-0.0188021		-4.8571
0.0399545		-0.0164519		-1.23262
0.0399545		-0.0141016		2.79484
0.0399545		-0.0117513		6.79108
0.0399545		-0.00940107		10.2989
0.0399545		-0.0070508		12.8119
0.0399545		-0.00470053		54.8298
0.0399545		-0.00235027		72.7724
0.0399545		0		89.8316
0.0399545		0.00235027		102.351
0.0399545		0.00470053		115.754
0.0399545		0.0070508		16.6881
0.0399545		0.00940107		13.3322
0.0399545		0.0117513		9.52045
0.0399545		0.0141016		5.41056
0.0399545		0.0164519		1.29653
0.0399545		0.0188021		-2.34384
0.0399545		0.0211524		-5.20744
0.0399545		0.0235027		-7.07305
0.0399545		0.0258529		-7.62873
0.0399545		0.0282032		-7.5358
0.0423048		-0.0282032		1.81586
0.0423048		-0.0258529		1.79314
0.0423048		-0.0235027		2.38576
0.0423048		-0.0211524		4.12105
0.0423048		-0.0188021		6.69452
0.0423048		-0.0164519		9.84758
0.0423048		-0.0141016		13.2543
0.0423048		-0.0117513		16.4488
0.0423048		-0.00940107		18.9623
0.0423048		-0.0070508		20.0748
0.0423048		-0.00470053		90.2588
0.0423048		-0.00235027		99.7151
0.0423048		0		113.312
0.0423048		0.00235027		133.911
0.0423048		0.00470053		150.37
0.0423048		0.0070508		22.4805
0.0423048		0.00940107		21.5804
0.0423048		0.0117513		19.1106
0.0423048		0.0141016		15.9184
0.0423048		0.0164519		12.5076
0.0423048		0.0188021		9.3124
0.0423048		0.0211524		6.69667
0.0423048		0.0235027		4.9533
0.0423048		0.0258529		4.34355
0.0423048		0.0282032		4.36165
0.0446551		-0.0282032		12.2143
0.0446551		-0.0258529		12.306
0.0446551		-0.0235027		13.0186
0.0446551		-0.0211524		14.698
0.0446551		-0.0188021		17.1152
0.0446551		-0.0164519		19.9484
0.0446551		-0.0141016		22.8546
0.0446551		-0.0117513		25.4841
0.0446551		-0.00940107		27.5553
0.0446551		-0.0070508		29.1684
0.0446551		-0.00470053		105.985
0.0446551		-0.00235027		119.943
0.0446551		0		141.774
0.0446551		0.00235027		163.254
0.0446551		0.00470053		176.861
0.0446551		0.0070508		30.6339
0.0446551		0.00940107		29.937
0.0446551		0.0117513		28.1152
0.0446551		0.0141016		25.5732
0.0446551		0.0164519		22.696
0.0446551		0.0188021		19.8252
0.0446551		0.0211524		17.368
0.0446551		0.0235027		15.6772
0.0446551		0.0258529		14.9529
0.0446551		0.0282032		14.8453
0.0470053		-0.0282032		20.4888
0.0470053		-0.0258529		20.7159
0.0470053		-0.0235027		21.6434
0.0470053		-0.0211524		23.4241
0.0470053		-0.0188021		25.7838
0.0470053		-0.0164519		28.4212
0.0470053		-0.0141016		31.0079
0.0470053		-0.0117513		33.1299
0.0470053		-0.00940107		34.5215
0.0470053		-0.0070508		35.0255
0.0470053		-0.00470053		124.458
0.0470053		-0.00235027		139
0.0470053		0		164.937
0.0470053		0.00235027		191.614
0.0470053		0.00470053		206.896
0.0470053		0.0070508		37.4903
0.0470053		0.00940107		37.2976
0.0470053		0.0117513		36.0038
0.0470053		0.0141016		33.8617
0.0470053		0.0164519		31.2453
0.0470053		0.0188021		28.5803
0.0470053		0.0211524		26.1942
0.0470053		0.0235027		24.3782
0.0470053		0.0258529		23.426
0.0470053		0.0282032		23.1966
0.0493556		-0.0282032		26.0627
0.0493556		-0.0258529		26.4422
0.0493556		-0.0235027		27.6745
0.0493556		-0.0211524		29.697
0.0493556		-0.0188021		32.1681
0.0493556		-0.0164519		34.7655
0.0493556		-0.0141016		37.1911
0.0493556		-0.0117513		38.9855
0.0493556		-0.00940107		39.7704
0.0493556		-0.0070508		39.2652
0.0493556		-0.00470053		145.627
0.0493556		-0.00235027		160.372
0.0493556		0		183.328
0.0493556		0.00235027		211.115
0.0493556		0.00470053		230.691
0.0493556		0.0070508		43.1344
0.0493556		0.00940107		43.1502
0.0493556		0.0117513		42.1378
0.0493556		0.0141016		40.2215
0.0493556		0.0164519		37.6923
0.0493556		0.0188021		35.0312
0.0493556		0.0211524		32.5363
0.0493556		0.0235027		30.4948
0.0493556		0.0258529		29.2419
0.0493556		0.0282032		28.8479
0.0517059		-0.0282032		28.603
0.0517059		-0.0258529		29.2213
0.0517059		-0.0235027		30.8589
0.0517059		-0.0211524		33.1657
0.0517059		-0.0188021		35.8785
0.0517059		-0.0164519		38.6905
0.0517059		-0.0141016		41.154
0.0517059		-0.0117513		42.8419
0.0517059		-0.00940107		43.3586
0.0517059		-0.0070508		42.3391
0.0517059		-0.00470053		163.78
0.0517059		-0.00235027		181.465
0.0517059		0		206.965
0.0517059		0.00235027		222.626
0.0517059		0.00470053		230.47
0.0517059		0.0070508		47.074
0.0517059		0.00940107		47.0644
0.0517059		0.0117513		46.1542
0.0517059		0.0141016		44.2992
0.0517059		0.0164519		41.7277
0.0517059		0.0188021		38.8361
0.0517059		0.0211524		36.0604
0.0517059		0.0235027		33.724
0.0517059		0.0258529		32.0818
0.0517059		0.0282032		31.4656
0.0540561		-0.0282032		28.0172
0.0540561		-0.0258529		28.8594
0.0540561		-0.0235027		30.9314
0.0540561		-0.0211524		33.6743
0.0540561		-0.0188021		36.8347
0.0540561		-0.0164519		40.0091
0.0540561		-0.0141016		42.7205
0.0540561		-0.0117513		44.5726
0.0540561		-0.00940107		45.156
0.0540561		-0.0070508		44.1777
0.0540561		-0.00470053		167.2
0.0540561		-0.00235027		189.018
0.0540561		0		221.265
0.0540561		0.00235027		240.213
0.0540561		0.00470053		248.732
0.0540561		0.0070508		47.6196
0.0540561		0.00940107		48.5934
0.0540561		0.0117513		47.8812
0.0540561		0.0141016		45.8859
0.0540561		0.0164519		43.0679
0.0540561		0.0188021		39.8453
0.0540561		0.0211524		36.645
0.0540561		0.0235027		33.8487
0.0540561		0.0258529		31.7595
0.0540561		0.0282032		30.9275
0.0564064		-0.0282032		24.3862
0.0564064		-0.0258529		25.4218
0.0564064		-0.0235027		27.9675
0.0564064		-0.0211524		31.2808
0.0564064		-0.0188021		34.9802
0.0564064		-0.0164519		38.6934
0.0564064		-0.0141016		41.9712
0.0564064		-0.0117513		44.2451
0.0564064		-0.00940107		45.0117
0.0564064		-0.0070508		43.6318
0.0564064		-0.00470053		176.941
0.0564064		-0.00235027		194.365
0.0564064		0		225.034
0.0564064		0.00235027		250.625
0.0564064		0.00470053		262.971
0.0564064		0.0070508		46.8469
0.0564064		0.00940107		48.3284
0.0564064		0.0117513		47.4842
0.0564064		0.0141016		45.1053
0.0564064		0.0164519		41.7494
0.0564064		0.0188021		38.0052
0.0564064		0.0211524		34.2766
0.0564064		0.0235027		30.9455
0.0564064		0.0258529		28.3785
0.0564064		0.0282032		27.3242
0.0587567		-0.0282032		17.8252
0.0587567		-0.0258529		19.0848
0.0587567		-0.0235027		22.1073
0.0587567		-0.0211524		26.0056
0.0587567		-0.0188021		30.3981
0.0587567		-0.0164519		34.8862
0.0587567		-0.0141016		38.967
0.0587567		-0.0117513		42.0473
0.0587567		-0.00940107		43.5996
0.0587567		-0.0070508		42.7844
0.0587567		-0.00470053		176.86
0.0587567		-0.00235027		201.511
0.0587567		0		227.598
0.0587567		0.00235027		245.166
0.0587567		0.00470053		261.297
0.0587567		0.0070508		46.9016
0.0587567		0.00940107		47.0025
0.0587567		0.0117513		45.2516
0.0587567		0.0141016		42.0414
0.0587567		0.0164519		37.931
0.0587567		0.0188021		33.4434
0.0587567		0.0211524		29.0378
0.0587567		0.0235027		25.1255
0.0587567		0.0258529		22.0616
0.0587567		0.0282032		20.7889
0.0611069		-0.0282032		8.68481
0.0611069		-0.0258529		10.1802
0.0611069		-0.0235027		13.7127
0.0611069		-0.0211524		18.2335
0.0611069		-0.0188021		23.4381
0.0611069		-0.0164519		28.8449
0.0611069		-0.0141016		33.8843
0.0611069		-0.0117513		38.1642
0.0611069		-0.00940107		41.2163
0.0611069		-0.0070508		42.868
0.0611069		-0.00470053		171.541
0.0611069		-0.00235027		194.153
0.0611069		0		220.015
0.0611069		0.00235027		242.339
0.0611069		0.00470053		261.413
0.0611069		0.0070508		45.4409
0.0611069		0.00940107		44.1312
0.0611069		0.0117513		41.2195
0.0611069		0.0141016		36.9821
0.0611069		0.0164519		31.8783
0.0611069		0.0188021		26.4442
0.0611069		0.0211524		21.2418
0.0611069		0.0235027		16.7292
0.0611069		0.0258529		13.1904
0.0611069		0.0282032		11.6989
0.0634572		-0.0282032		-2.51663
0.0634572		-0.0258529		-0.840863
0.0634572		-0.0235027		3.1657
0.0634572		-0.0211524		8.37837
0.0634572		-0.0188021		14.4391
0.0634572		-0.0164519		20.835
0.0634572		-0.0141016		27.0592
0.0634572		-0.0117513		32.612
0.0634572		-0.00940107		36.9865
0.0634572		-0.0070508		39.9413
0.0634572		-0.00470053		168.387
0.0634572		-0.00235027		183.492
0.0634572		0		208.787
0.0634572		0.00235027		237.515
0.0634572		0.00470053		256.052
0.0634572		0.0070508		41.6921
0.0634572		0.00940107		39.7102
0.0634572		0.0117513		35.6022
0.0634572		0.0141016		30.1028
0.0634572		0.0164519		23.8659
0.0634572		0.0188021		17.4624
0.0634572		0.0211524		11.4051
0.0634572		0.0235027		6.18047
0.0634572		0.0258529		2.18256
0.0634572		0.0282032		0.53884
0.0658075		-0.0282032		-15.243
0.0658075		-0.0258529		-13.4427
0.0658075		-0.0235027		-9.01291
0.0658075		-0.0211524		-3.10122
0.0658075		-0.0188021		3.83255
0.0658075		-0.0164519		11.3178
0.0658075		-0.0141016		18.8211
0.0658075		-0.0117513		25.6995
0.0658075		-0.00940107		31.3135
0.0658075		-0.0070508		34.9382
0.0658075		-0.00470053		160.182
0.0658075		-0.00235027		170.712
0.0658075		0		195.437
0.0658075		0.00235027		227.502
0.0658075		0.00470053		245.372
0.0658075		0.0070508		38.7613
0.0658075		0.00940107		34.5513
0.0658075		0.0117513		28.7664
0.0658075		0.0141016		21.8818
0.0658075		0.0164519		14.3853
0.0658075		0.0188021		6.85183
0.0658075		0.0211524		-0.0958532
0.0658075		0.0235027		-5.97531
0.0658075		0.0258529		-10.3797
0.0658075		0.0282032		-12.1679
0.0681577		-0.0282032		-28.7834
0.0681577		-0.0258529		-26.8565
0.0681577		-0.0235027		-22.0602
0.0681577		-0.0211524		-15.5258
0.0681577		-0.0188021		-7.71339
0.0681577		-0.0164519		0.88524
0.0681577		-0.0141016		9.68161
0.0681577		-0.0117513		18.0238
0.0681577		-0.00940107		25.241
0.0681577		-0.0070508		30.5984
0.0681577		-0.00470053		147.337
0.0681577		-0.00235027		158.427
0.0681577		0		181.888
0.0681577		0.00235027		210.555
0.0681577		0.00470053		226.849
0.0681577		0.0070508		35.1009
0.0681577		0.00940107		28.6272
0.0681577		0.0117513		21.1236
0.0681577		0.0141016		12.7373
0.0681577		0.0164519		3.92501
0.0681577		0.0188021		-4.71485
0.0681577		0.0211524		-12.5395
0.0681577		0.0235027		-19.018
0.0681577		0.0258529		-23.77
0.0681577		0.0282032		-25.6639
0.070508		-0.0282032		-42.4212
0.070508		-0.0258529		-40.4237
0.070508		-0.0235027		-35.3726
0.070508		-0.0211524		-28.2728
0.070508		-0.0188021		-19.5797
0.070508		-0.0164519		-9.89879
0.070508		-0.0141016		0.194419
0.070508		-0.0117513		10.0192
0.070508		-0.00940107		19.0044
0.070508		-0.0070508		26.5878
0.070508		-0.00470053		128.681
0.070508		-0.00235027		145.894
0.070508		0		170.588
0.070508		0.00235027		192.944
0.070508		0.00470053		207.819
0.070508		0.0070508		28.8527
0.070508		0.00940107		21.7796
0.070508		0.0117513		12.8984
0.070508		0.0141016		3.09111
0.070508		0.0164519		-6.93892
0.070508		0.0188021		-16.5784
0.070508		0.0211524		-25.2061
0.070508		0.0235027		-32.2789
0.070508		0.0258529		-37.3229
0.070508		0.0282032		-39.2746
0.0728583		-0.0282032		-55.3569
0.0728583		-0.0258529		-53.3594
0.0728583		-0.0235027		-48.1205
0.0728583		-0.0211524		-40.5577
0.0728583		-0.0188021		-31.1477
0.0728583		-0.0164519		-20.4822
0.0728583		-0.0141016		-9.14421
0.0728583		-0.0117513		2.16896
0.0728583		-0.00940107		12.7342
0.0728583		-0.0070508		22.0587
0.0728583		-0.00470053		110.46
0.0728583		-0.00235027		129.48
0.0728583		0		155.428
0.0728583		0.00235027		177.216
0.0728583		0.00470053		192.077
0.0728583		0.0070508		24.1776
0.0728583		0.00940107		15.2028
0.0728583		0.0117513		4.82572
0.0728583		0.0141016		-6.32142
0.0728583		0.0164519		-17.5344
0.0728583		0.0188021		-28.1408
0.0728583		0.0211524		-37.4756
0.0728583		0.0235027		-44.9838
0.0728583		0.0258529		-50.2019
0.0728583		0.0282032		-52.1827
0.0752085		-0.0282032		-67.0155
0.0752085		-0.0258529		-65.0508
0.0752085		-0.0235027		-59.7298
0.0752085		-0.0211524		-51.829
0.0752085		-0.0188021		-41.8298
0.0752085		-0.0164519		-30.2663
0.0752085		-0.0141016		-17.8279
0.0752085		-0.0117513		-5.30406
0.0752085		-0.00940107		6.62759
0.0752085		-0.0070508		17.3913
0.0752085		-0.00470053		97.4629
0.0752085		-0.00235027		113.122
0.0752085		0		141.58
0.0752085		0.00235027		163.739
0.0752085		0.00470053		173.098
0.0752085		0.0070508		19.4892
0.0752085		0.00940107		8.93315
0.0752085		0.0117513		-2.7621
0.0752085		0.0141016		-15.0846
0.0752085		0.0164519		-27.3471
0.0752085		0.0188021		-38.7745
0.0752085		0.0211524		-48.7055
0.0752085		0.0235027		-56.5513
0.0752085		0.0258529		-61.823
0.0752085		0.0282032		-63.7841
0.0775588		-0.0282032		-76.9811
0.0775588		-0.0258529		-75.0818
0.0775588		-0.0235027		-69.7543
0.0775588		-0.0211524		-61.6199
0.0775588		-0.0188021		-51.1202
0.0775588		-0.0164519		-38.8311
0.0775588		-0.0141016		-25.5218
0.0775588		-0.0117513		-11.9672
0.0775588		-0.00940107		1.12863
0.0775588		-0.0070508		13.1525
0.0775588		-0.00470053		84.7369
0.0775588		-0.00235027		99.3692
0.0775588		0		130.657
0.0775588		0.00235027		152.455
0.0775588		0.00470053		157.598
0.0775588		0.0070508		14.2483
0.0775588		0.00940107		3.31871
0.0775588		0.0117513		-9.43598
0.0775588		0.0141016		-22.8131
0.0775588		0.0164519		-35.9233
0.0775588		0.0188021		-48.0099
0.0775588		0.0211524		-58.4229
0.0775588		0.0235027		-66.4945
0.0775588		0.0258529		-71.7635
0.0775588		0.0282032		-73.66
0.0799091		-0.0282032		-84.6753
0.0799091		-0.0258529		-82.8719
0.0799091		-0.0235027		-77.6749
0.0799091		-0.0211524		-69.4155
0.0799091		-0.0188021		-58.5488
0.0799091		-0.0164519		-45.7651
0.0799091		-0.0141016		-31.7461
0.0799091		-0.0117513		-17.2867
0.0799091		-0.00940107		-3.39302
0.0799091		-0.0070508		8.67787
0.0799091		-0.00470053		74.0307
0.0799091		-0.00235027		89.453
0.0799091		0		117.385
0.0799091		0.00235027		140.331
0.0799091		0.00470053		150.767
0.0799091		0.0070508		12.7954
0.0799091		0.00940107		-0.747412
0.0799091		0.0117513		-14.7073
0.0799091		0.0141016		-28.9433
0.0799091		0.0164519		-42.7647
0.0799091		0.0188021		-55.4057
0.0799091		0.0211524		-66.1291
0.0799091		0.0235027		-74.2825
0.0799091		0.0258529		-79.4377
0.0799091		0.0282032		-81.2234
0.0822593		-0.0282032		-89.7652
0.0822593		-0.0258529		-88.1262
0.0822593		-0.0235027		-83.142
0.0822593		-0.0211524		-74.8787
0.0822593		-0.0188021		-63.8294
0.0822593		-0.0164519		-50.6679
0.0822593		-0.0141016		-36.1241
0.0822593		-0.0117513		-20.9965
0.0822593		-0.00940107		-6.06962
0.0822593		-0.0070508		8.02056
0.0822593		-0.00470053		63.9984
0.0822593		-0.00235027		78.6198
0.0822593		0		106.866
0.0822593		0.00235027		136.557
0.0822593		0.00470053		152.623
0.0822593		0.0070508		9.04204
0.0822593		0.00940107		-4.21063
0.0822593		0.0117513		-18.6237
0.0822593		0.0141016		-33.3417
0.0822593		0.0164519		-47.5668
0.0822593		0.0188021		-60.5316
0.0822593		0.0211524		-71.4459
0.0822593		0.0235027		-79.6057
0.0822593		0.0258529		-84.541
0.0822593		0.0282032		-86.1551
0.0846096		-0.0282032		-92.097
0.0846096		-0.0258529		-90.6158
0.0846096		-0.0235027		-85.8586
0.0846096		-0.0211524		-77.7186
0.0846096		-0.0188021		-66.6591
0.0846096		-0.0164519		-53.3439
0.0846096		-0.0141016		-38.5547
0.0846096		-0.0117513		-23.0478
0.0846096		-0.00940107		-7.52224
0.0846096		-0.0070508		7.47781
0.0846096		-0.00470053		54.3098
0.0846096		-0.00235027		71.033
0.0846096		0		105.824
0.0846096		0.00235027		137.244
0.0846096		0.00470053		150.596
0.0846096		0.0070508		7.21511
0.0846096		0.00940107		-6.09324
0.0846096		0.0117513		-20.6928
0.0846096		0.0141016		-35.6814
0.0846096		0.0164519		-50.1313
0.0846096		0.0188021		-63.1726
0.0846096		0.0211524		-74.0542
0.0846096		0.0235027		-82.124
0.0846096		0.0258529		-86.8333
0.0846096		0.0282032		-88.2908
0.0869599		-0.0282032		-91.6012
0.0869599		-0.0258529		-90.2815
0.0869599		-0.0235027		-85.7986
0.0869599		-0.0211524		-77.8612
0.0869599		-0.0188021		-66.9556
0.0869599		-0.0164519		-53.7422
0.0869599		-0.0141016		-39.0105
0.0869599		-0.0117513		-23.4884
0.0869599		-0.00940107		-7.90592
0.0869599		-0.0070508		7.28835
0.0869599		-0.00470053		51.624
0.0869599		-0.00235027		72.3131
0.0869599		0		106.594
0.0869599		0.00235027		137.533
0.0869599		0.00470053		154.879
0.0869599		0.0070508		7.32223
0.0869599		0.00940107		-6.19094
0.0869599		0.0117513		-20.8461
0.0869599		0.0141016		-35.8261
0.0869599		0.0164519		-50.2262
0.0869599		0.0188021		-63.2079
0.0869599		0.0211524		-73.967
0.0869599		0.0235027		-81.8224
0.0869599		0.0258529		-86.2537
0.0869599		0.0282032		-87.565
0.0893101		-0.0282032		-88.3719
0.0893101		-0.0258529		-87.2153
0.0893101		-0.0235027		-83.0735
0.0893101		-0.0211524		-75.4538
0.0893101		-0.0188021		-64.834
0.0893101		-0.0164519		-51.8971
0.0893101		-0.0141016		-37.4322
0.0893101		-0.0117513		-22.2836
0.0893101		-0.00940107		-7.41231
0.0893101		-0.0070508		5.89405
0.0893101		-0.00470053		62.0828
0.0893101		-0.00235027		83.0511
0.0893101		0		116.132
0.0893101		0.00235027		139.604
0.0893101		0.00470053		150.963
0.0893101		0.0070508		8.1039
0.0893101		0.00940107		-4.65903
0.0893101		0.0117513		-18.9749
0.0893101		0.0141016		-33.7163
0.0893101		0.0164519		-47.9499
0.0893101		0.0188021		-60.7576
0.0893101		0.0211524		-71.2718
0.0893101		0.0235027		-78.8182
0.0893101		0.0258529		-82.9337
0.0893101		0.0282032		-84.0888
0.0916604		-0.0282032		-82.7686
0.0916604		-0.0258529		-81.7725
0.0916604		-0.0235027		-77.9342
0.0916604		-0.0211524		-70.6637
0.0916604		-0.0188021		-60.4384
0.0916604		-0.0164519		-47.9192
0.0916604		-0.0141016		-33.9543
0.0916604		-0.0117513		-19.3413
0.0916604		-0.00940107		-4.94556
0.0916604		-0.0070508		8.52765
0.0916604		-0.00470053		71.7339
0.0916604		-0.00235027		91.1379
0.0916604		0		124.884
0.0916604		0.00235027		147.478
0.0916604		0.00470053		155.731
0.0916604		0.0070508		11.5368
0.0916604		0.00940107		-1.12461
0.0916604		0.0117513		-15.1627
0.0916604		0.0141016		-29.611
0.0916604		0.0164519		-43.4798
0.0916604		0.0188021		-55.9254
0.0916604		0.0211524		-66.1625
0.0916604		0.0235027		-73.4034
0.0916604		0.0258529		-77.1862
0.0916604		0.0282032		-78.1895
0.0940107		-0.0282032		-75.1791
0.0940107		-0.0258529		-74.3211
0.0940107		-0.0235027		-70.7862
0.0940107		-0.0211524		-63.8828
0.0940107		-0.0188021		-54.1069
0.0940107		-0.0164519		-42.1298
0.0940107		-0.0141016		-28.8022
0.0940107		-0.0117513		-14.9225
0.0940107		-0.00940107		-1.34032
0.0940107		-0.0070508		11.2335
0.0940107		-0.00470053		84.872
0.0940107		-0.00235027		105.121
0.0940107		0		136.599
0.0940107		0.00235027		156.589
0.0940107		0.00470053		165.35
0.0940107		0.0070508		16.6133
0.0940107		0.00940107		3.98288
0.0940107		0.0117513		-9.75003
0.0940107		0.0141016		-23.7569
0.0940107		0.0164519		-37.1747
0.0940107		0.0188021		-49.1674
0.0940107		0.0211524		-58.9817
0.0940107		0.0235027		-65.9157
0.0940107		0.0258529		-69.4409
0.0940107		0.0282032		-70.3096
0.096361		-0.0282032		-66.0398
0.096361		-0.0258529		-65.2405
0.096361		-0.0235027		-61.9576
0.096361		-0.0211524		-55.4583
0.096361		-0.0188021		-46.1828
0.096361		-0.0164519		-34.8022
0.096361		-0.0141016		-22.2358
0.096361		-0.0117513		-9.29639
0.096361		-0.00940107		3.18183
0.096361		-0.0070508		14.3305
0.096361		-0.00470053		95.4386
0.096361		-0.00235027		118.9
0.096361		0		155.344
0.096361		0.00235027		171.617
0.096361		0.00470053		174.908
0.096361		0.0070508		23.0561
0.096361		0.00940107		10.1077
0.096361		0.0117513		-3.17718
0.096361		0.0141016		-16.5274
0.096361		0.0164519		-29.3116
0.096361		0.0188021		-40.8098
0.096361		0.0211524		-50.1947
0.096361		0.0235027		-56.7765
0.096361		0.0258529		-60.0875
0.096361		0.0282032		-60.8937
0.0987112		-0.0282032		-55.9195
0.0987112		-0.0258529		-55.1827
0.0987112		-0.0235027		-52.0851
0.0987112		-0.0211524		-45.9217
0.0987112		-0.0188021		-37.1439
0.0987112		-0.0164519		-26.4509
0.0987112		-0.0141016		-14.6735
0.0987112		-0.0117513		-2.71076
0.0987112		-0.00940107		8.42862
0.0987112		-0.0070508		17.3052
0.0987112		-0.00470053		107.995
0.0987112		-0.00235027		135.274
0.0987112		0		174.546
0.0987112		0.00235027		192.488
0.0987112		0.00470053		198.438
0.0987112		0.0070508		26.7934
0.0987112		0.00940107		15.9657
0.0987112		0.0117513		3.9588
0.0987112		0.0141016		-8.48365
0.0987112		0.0164519		-20.5321
0.0987112		0.0188021		-31.4073
0.0987112		0.0211524		-40.338
0.0987112		0.0235027		-46.6197
0.0987112		0.0258529		-49.7573
0.0987112		0.0282032		-50.475
0.101061		-0.0282032		-45.3701
0.101061		-0.0258529		-44.6508
0.101061		-0.0235027		-41.6786
0.101061		-0.0211524		-35.7918
0.101061		-0.0188021		-27.5053
0.101061		-0.0164519		-17.4878
0.101061		-0.0141016		-6.4697
0.101061		-0.0117513		4.63391
0.101061		-0.00940107		15.0608
0.101061		-0.0070508		24.4142
0.101061		-0.00470053		134.746
0.101061		-0.00235027		152.822
0.101061		0		182.664
0.101061		0.00235027		210.262
0.101061		0.00470053		226.094
0.101061		0.0070508		31.2472
0.101061		0.00940107		22.1263
0.101061		0.0117513		11.4602
0.101061		0.0141016		0.0525892
0.101061		0.0164519		-11.2448
0.101061		0.0188021		-21.4836
0.101061		0.0211524		-29.9377
0.101061		0.0235027		-35.9374
0.101061		0.0258529		-38.9738
0.101061		0.0282032		-39.7245
0.103412		-0.0282032		-34.9625
0.103412		-0.0258529		-34.2173
0.103412		-0.0235027		-31.2896
0.103412		-0.0211524		-25.6439
0.103412		-0.0188021		-17.7835
0.103412		-0.0164519		-8.37772
0.103412		-0.0141016		1.83386
0.103412		-0.0117513		12.0323
0.103412		-0.00940107		21.4755
0.103412		-0.0070508		29.8084
0.103412		-0.00470053		160.328
0.103412		-0.00235027		172.995
0.103412		0		199.383
0.103412		0.00235027		227.678
0.103412		0.00470053		242.25
0.103412		0.0070508		35.7063
0.103412		0.00940107		28.5345
0.103412		0.0117513		19.1057
0.103412		0.0141016		8.64351
0.103412		0.0164519		-1.83673
0.103412		0.0188021		-11.5025
0.103412		0.0211524		-19.5808
0.103412		0.0235027		-25.3427
0.103412		0.0258529		-28.352
0.103412		0.0282032		-29.1299
0.105762		-0.0282032		-25.3479
0.105762		-0.0258529		-24.5359
0.105762		-0.0235027		-21.5722
0.105762		-0.0211524		-16.0955
0.105762		-0.0188021		-8.58541
0.105762		-0.0164519		0.283873
0.105762		-0.0141016		9.74723
0.105762		-0.0117513		18.9931
0.105762		-0.00940107		27.0911
0.105762		-0.0070508		32.8204
0.105762		-0.00470053		176.531
0.105762		-0.00235027		187.37
0.105762		0		216.365
0.105762		0.00235027		249.105
0.105762		0.00470053		263.69
0.105762		0.0070508		42.2831
0.105762		0.00940107		35.2765
0.105762		0.0117513		26.5864
0.105762		0.0141016		16.8797
0.105762		0.0164519		7.04423
0.105762		0.0188021		-2.12265
0.105762		0.0211524		-9.8679
0.105762		0.0235027		-15.4755
0.105762		0.0258529		-18.5253
0.105762		0.0282032		-19.3769
0.108112		-0.0282032		-17.0361
0.108112		-0.0258529		-16.1353
0.108112		-0.0235027		-13.0727
0.108112		-0.0211524		-7.65135
0.108112		-0.0188021		-0.392674
0.108112		-0.0164519		8.03488
0.108112		-0.0141016		16.9218
0.108112		-0.0117513		25.4064
0.108112		-0.00940107		32.6871
0.108112		-0.0070508		38.1859
0.108112		-0.00470053		191.335
0.108112		-0.00235027		204.657
0.108112		0		232.503
0.108112		0.00235027		262.547
0.108112		0.00470053		278.067
0.108112		0.0070508		47.5741
0.108112		0.00940107		41.3567
0.108112		0.0117513		33.3373
0.108112		0.0141016		24.2815
0.108112		0.0164519		14.9586
0.108112		0.0188021		6.18515
0.108112		0.0211524		-1.31078
0.108112		0.0235027		-6.89422
0.108112		0.0258529		-10.0551
0.108112		0.0282032		-10.9745
0.110463		-0.0282032		-10.5006
0.110463		-0.0258529		-9.46957
0.110463		-0.0235027		-6.19923
0.110463		-0.0211524		-0.74651
0.110463		-0.0188021		6.34969
0.110463		-0.0164519		14.4871
0.110463		-0.0141016		22.9337
0.110463		-0.0117513		30.8372
0.110463		-0.00940107		37.3922
0.110463		-0.0070508		41.7256
0.110463		-0.00470053		208.1
0.110463		-0.00235027		222.876
0.110463		0		242.944
0.110463		0.00235027		270.611
0.110463		0.00470053		292.985
0.110463		0.0070508		52.7344
0.110463		0.00940107		46.5506
0.110463		0.0117513		38.9706
0.110463		0.0141016		30.3766
0.110463		0.0164519		21.4427
0.110463		0.0188021		12.9579
0.110463		0.0211524		5.61288
0.110463		0.0235027		0.00200748
0.110463		0.0258529		-3.36359
0.110463		0.0282032		-4.42761
0.112813		-0.0282032		-5.94188
0.112813		-0.0258529		-4.74896
0.112813		-0.0235027		-1.24653
0.112813		-0.0211524		4.28318
0.112813		-0.0188021		11.3857
0.112813		-0.0164519		19.3887
0.112813		-0.0141016		27.5178
0.112813		-0.0117513		35.054
0.112813		-0.00940107		41.2649
0.112813		-0.0070508		45.6102
0.112813		-0.00470053		215.69
0.112813		-0.00235027		230.588
0.112813		0		254.398
0.112813		0.00235027		283.174
0.112813		0.00470053		303.037
0.112813		0.0070508		55.6365
0.112813		0.00940107		50.1125
0.112813		0.0117513		43.0162
0.112813		0.0141016		34.848
0.112813		0.0164519		26.2596
0.112813		0.0188021		17.9254
0.112813		0.0211524		10.5995
0.112813		0.0235027		4.90442
0.112813		0.0258529		1.30522
0.112813		0.0282032		0.0828543
0.115163		-0.0282032		-3.58618
0.115163		-0.0258529		-2.22886
0.115163		-0.0235027		1.55316
0.115163		-0.0211524		7.28257
0.115163		-0.0188021		14.4566
0.115163		-0.0164519		22.4359
0.115163		-0.0141016		30.4743
0.115163		-0.0117513		37.7999
0.115163		-0.00940107		43.6683
0.115163		-0.0070508		47.4718
0.115163		-0.00470053		216.166
0.115163		-0.00235027		237.239
0.115163		0		269.288
0.115163		0.00235027		292.094
0.115163		0.00470053		303.926
0.115163		0.0070508		56.4452
0.115163		0.00940107		51.8867
0.115163		0.0117513		45.3548
0.115163		0.0141016		37.517
0.115163		0.0164519		29.0941
0.115163		0.0188021		20.8362
0.115163		0.0211524		13.4534
0.115163		0.0235027		7.58331
0.115163		0.0258529		3.71889
0.115163		0.0282032		2.33392
0.117513		-0.0282032		-3.52215
0.117513		-0.0258529		-1.99961
0.117513		-0.0235027		2.0953
0.117513		-0.0211524		8.10071
0.117513		-0.0188021		15.4501
0.117513		-0.0164519		23.5188
0.117513		-0.0141016		31.6529
0.117513		-0.0117513		38.9706
0.117513		-0.00940107		44.6482
0.117513		-0.0070508		47.941
0.117513		-0.00470053		227.429
0.117513		-0.00235027		243.87
0.117513		0		269.952
0.117513		0.00235027		293.562
0.117513		0.00470053		307.531
0.117513		0.0070508		56.1891
0.117513		0.00940107		52.1615
0.117513		0.0117513		45.9732
0.117513		0.0141016		38.2809
0.117513		0.0164519		29.8618
0.117513		0.0188021		21.5706
0.117513		0.0211524		14.0706
0.117513		0.0235027		7.95753
0.117513		0.0258529		3.78476
0.117513		0.0282032		2.23992
0.119864		-0.0282032		-5.70648
0.119864		-0.0258529		-4.00128
0.119864		-0.0235027		0.413958
0.119864		-0.0211524		6.68205
0.119864		-0.0188021		14.3334
0.119864		-0.0164519		22.7115
0.119864		-0.0141016		31.0962
0.119864		-0.0117513		38.6586
0.119864		-0.00940107		44.5328
0.119864		-0.0070508		47.4441
0.119864		-0.00470053		238.834
0.119864		-0.00235027		250.989
0.119864		0		264.567
0.119864		0.00235027		285.75
0.119864		0.00470053		305.51
0.119864		0.0070508		55.0089
0.119864		0.00940107		51.1424
0.119864		0.0117513		44.9543
0.119864		0.0141016		37.2013
0.119864		0.0164519		28.6761
0.119864		0.0188021		20.1613
0.119864		0.0211524		12.3978
0.119864		0.0235027		6.03612
0.119864		0.0258529		1.57648
0.119864		0.0282032		-0.129193
0.122214		-0.0282032		-10.043
0.122214		-0.0258529		-8.17791
0.122214		-0.0235027		-3.42351
0.122214		-0.0211524		3.16246
0.122214		-0.0188021		11.1695
0.122214		-0.0164519		19.9816
0.122214		-0.0141016		28.808
0.122214		-0.0117513		36.9766
0.122214		-0.00940107		43.8706
0.122214		-0.0070508		49.2968
0.122214		-0.00470053		230.993
0.122214		-0.00235027		242.283
0.122214		0		259.43
0.122214		0.00235027		282.329
0.122214		0.00470053		299.369
0.122214		0.0070508		52.7055
0.122214		0.00940107		48.912
0.122214		0.0117513		42.4434
0.122214		0.0141016		34.362
0.122214		0.0164519		25.5305
0.122214		0.0188021		16.6742
0.122214		0.0211524		8.60452
0.122214		0.0235027		1.94316
0.122214		0.0258529		-2.83338
0.122214		0.0282032		-4.68626
0.124564		-0.0282032		-16.0784
0.124564		-0.0258529		-14.142
0.124564		-0.0235027		-9.13869
0.124564		-0.0211524		-2.13968
0.124564		-0.0188021		6.28571
0.124564		-0.0164519		15.5145
0.124564		-0.0141016		24.9127
0.124564		-0.0117513		33.6863
0.124564		-0.00940107		41.1997
0.124564		-0.0070508		47.0478
0.124564		-0.00470053		225.023
0.124564		-0.00235027		231.487
0.124564		0		250.88
0.124564		0.00235027		275.21
0.124564		0.00470053		286.613
0.124564		0.0070508		50.8468
0.124564		0.00940107		45.8682
0.124564		0.0117513		38.6899
0.124564		0.0141016		30.0438
0.124564		0.0164519		20.6703
0.124564		0.0188021		11.4402
0.124564		0.0211524		3.01183
0.124564		0.0235027		-4.0111
0.124564		0.0258529		-9.03827
0.124564		0.0282032		-11.0003
0.126914		-0.0282032		-23.5288
0.126914		-0.0258529		-21.4853
0.126914		-0.0235027		-16.2513
0.126914		-0.0211524		-8.95181
0.126914		-0.0188021		-0.109142
0.126914		-0.0164519		9.64347
0.126914		-0.0141016		19.6246
0.126914		-0.0117513		29.0178
0.126914		-0.00940107		37.1126
0.126914		-0.0070508		43.5849
0.126914		-0.00470053		207.201
0.126914		-0.00235027		223.533
0.126914		0		243.343
0.126914		0.00235027		259.234
0.126914		0.00470053		271.647
0.126914		0.0070508		48.1202
0.126914		0.00940107		41.9302
0.126914		0.0117513		33.8056
0.126914		0.0141016		24.4194
0.126914		0.0164519		14.45
0.126914		0.0188021		4.72382
0.126914		0.0211524		-4.09016
0.126914		0.0235027		-11.3987
0.126914		0.0258529		-16.6404
0.126914		0.0282032		-18.6877
0.129265		-0.0282032		-31.8721
0.129265		-0.0258529		-29.7574
0.129265		-0.0235027		-24.3799
0.129265		-0.0211524		-16.824
0.129265		-0.0188021		-7.56483
0.129265		-0.0164519		2.70255
0.129265		-0.0141016		13.2477
0.129265		-0.0117513		23.2702
0.129265		-0.00940107		31.8816
0.129265		-0.0070508		37.9878
0.129265		-0.00470053		182.747
0.129265		-0.00235027		202.891
0.129265		0		233.696
0.129265		0.00235027		251.612
0.129265		0.00470053		258.868
0.129265		0.0070508		45.5984
0.129265		0.00940107		37.1113
0.129265		0.0117513		27.842
0.129265		0.0141016		17.6934
0.129265		0.0164519		7.15535
0.129265		0.0188021		-3.08075
0.129265		0.0211524		-12.2759
0.129265		0.0235027		-19.7896
0.129265		0.0258529		-25.1559
0.129265		0.0282032		-27.2635
0.131615		-0.0282032		-40.5939
0.131615		-0.0258529		-38.4879
0.131615		-0.0235027		-33.0118
0.131615		-0.0211524		-25.2246
0.131615		-0.0188021		-15.6402
0.131615		-0.0164519		-4.87747
0.131615		-0.0141016		6.33989
0.131615		-0.0117513		17.1446
0.131615		-0.00940107		26.6068
0.131615		-0.0070508		33.5737
0.131615		-0.00470053		167.315
0.131615		-0.00235027		184.377
0.131615		0		218.699
0.131615		0.00235027		240.582
0.131615		0.00470053		245.206
0.131615		0.0070508		38.5148
0.131615		0.00940107		30.5554
0.131615		0.0117513		20.9564
0.131615		0.0141016		10.2585
0.131615		0.0164519		-0.816424
0.131615		0.0188021		-11.4846
0.131615		0.0211524		-20.9604
0.131615		0.0235027		-28.6675
0.131615		0.0258529		-34.1185
0.131615		0.0282032		-36.2111
0.133965		-0.0282032		-49.2315
0.133965		-0.0258529		-47.193
0.133965		-0.0235027		-41.74
0.133965		-0.0211524		-33.7753
0.133965		-0.0188021		-23.8805
0.133965		-0.0164519		-12.6507
0.133965		-0.0141016		-0.758952
0.133965		-0.0117513		10.9404
0.133965		-0.00940107		21.7283
0.133965		-0.0070508		31.0309
0.133965		-0.00470053		157.62
0.133965		-0.00235027		170.775
0.133965		0		198.351
0.133965		0.00235027		221.189
0.133965		0.00470053		229.605
0.133965		0.0070508		30.5504
0.133965		0.00940107		23.509
0.133965		0.0117513		13.7698
0.133965		0.0141016		2.61655
0.133965		0.0164519		-8.96607
0.133965		0.0188021		-20.0005
0.133965		0.0211524		-29.751
0.133965		0.0235027		-37.6255
0.133965		0.0258529		-43.0299
0.133965		0.0282032		-45.0478
0.136315		-0.0282032		-57.3233
0.136315		-0.0258529		-55.3513
0.136315		-0.0235027		-50.0105
0.136315		-0.0211524		-42.0296
0.136315		-0.0188021		-31.8787
0.136315		-0.0164519		-20.2246
0.136315		-0.0141016		-7.76352
0.136315		-0.0117513		4.74476
0.136315		-0.00940107		16.6778
0.136315		-0.0070508		27.9662
0.136315		-0.00470053		144.299
0.136315		-0.00235027		156.513
0.136315		0		180.186
0.136315		0.00235027		198.712
0.136315		0.00470053		205.778
0.136315		0.0070508		25.6064
0.136315		0.00940107		17.5629
0.136315		0.0117513		7.02571
0.136315		0.0141016		-4.76687
0.136315		0.0164519		-16.807
0.136315		0.0188021		-28.2091
0.136315		0.0211524		-38.1927
0.136315		0.0235027		-46.0845
0.136315		0.0258529		-51.3689
0.136315		0.0282032		-53.3081
0.138666		-0.0282032		-64.4834
0.138666		-0.0258529		-62.6273
0.138666		-0.0235027		-57.4455
0.138666		-0.0211524		-49.5036
0.138666		-0.0188021		-39.2238
0.138666		-0.0164519		-27.2761
0.138666		-0.0141016		-14.4167
0.138666		-0.0117513		-1.37819
0.138666		-0.00940107		11.0194
0.138666		-0.0070508		21.9338
0.138666		-0.00470053		124.213
0.138666		-0.00235027		139.718
0.138666		0		163.468
0.138666		0.00235027		180.752
0.138666		0.00470053		189.792
0.138666		0.0070508		23.1927
0.138666		0.00940107		12.8444
0.138666		0.0117513		1.06442
0.138666		0.0141016		-11.4764
0.138666		0.0164519		-23.9754
0.138666		0.0188021		-35.6768
0.138666		0.0211524		-45.7987
0.138666		0.0235027		-53.6457
0.138666		0.0258529		-58.7631
0.138666		0.0282032		-60.5959
0.141016		-0.0282032		-70.2513
0.141016		-0.0258529		-68.5695
0.141016		-0.0235027		-63.6386
0.141016		-0.0211524		-55.7955
0.141016		-0.0188021		-45.5195
0.141016		-0.0164519		-33.425
0.141016		-0.0141016		-20.2824
0.141016		-0.0117513		-6.88552
0.141016		-0.00940107		5.94599
0.141016		-0.0070508		17.3781
0.141016		-0.00470053		106.635
0.141016		-0.00235027		120.778
0.141016		0		146.321
0.141016		0.00235027		167.059
0.141016		0.00470053		176.396
0.141016		0.0070508		20.8364
0.141016		0.00940107		8.63468
0.141016		0.0117513		-4.12197
0.141016		0.0141016		-17.2509
0.141016		0.0164519		-30.144
0.141016		0.0188021		-42.0314
0.141016		0.0211524		-52.1621
0.141016		0.0235027		-59.9197
0.141016		0.0258529		-64.8016
0.141016		0.0282032		-66.4635
0.143366		-0.0282032		-74.3365
0.143366		-0.0258529		-72.8321
0.143366		-0.0235027		-68.2147
0.143366		-0.0211524		-60.5732
0.143366		-0.0188021		-50.4004
0.143366		-0.0164519		-38.303
0.143366		-0.0141016		-25.0036
0.143366		-0.0117513		-11.3503
0.143366		-0.00940107		1.75681
0.143366		-0.0070508		13.3504
0.143366		-0.00470053		84.501
0.143366		-0.00235027		107.409
0.143366		0		136.523
0.143366		0.00235027		154.842
0.143366		0.00470053		166.957
0.143366		0.0070508		16.1824
0.143366		0.00940107		4.46714
0.143366		0.0117513		-8.44978
0.143366		0.0141016		-21.8689
0.143366		0.0164519		-34.9682
0.143366		0.0188021		-46.9137
0.143366		0.0211524		-56.9713
0.143366		0.0235027		-64.5317
0.143366		0.0258529		-69.1062
0.143366		0.0282032		-70.5946
0.145717		-0.0282032		-76.5262
0.145717		-0.0258529		-75.2106
0.145717		-0.0235027		-70.9531
0.145717		-0.0211524		-63.6053
0.145717		-0.0188021		-53.5952
0.145717		-0.0164519		-41.5865
0.145717		-0.0141016		-28.3371
0.145717		-0.0117513		-14.5801
0.145717		-0.00940107		-1.10009
0.145717		-0.0070508		11.3478
0.145717		-0.00470053		76.4148
0.145717		-0.00235027		95.9687
0.145717		0		122.543
0.145717		0.00235027		144.748
0.145717		0.00470053		159.932
0.145717		0.0070508		12.2213
0.145717		0.00940107		1.33288
0.145717		0.0117513		-11.5866
0.145717		0.0141016		-25.0843
0.145717		0.0164519		-38.1782
0.145717		0.0188021		-50.0781
0.145717		0.0211524		-59.9898
0.145717		0.0235027		-67.2707
0.145717		0.0258529		-71.5089
0.145717		0.0282032		-72.8227
0.148067		-0.0282032		-76.7003
0.148067		-0.0258529		-75.5818
0.148067		-0.0235027		-71.6955
0.148067		-0.0211524		-64.6831
0.148067		-0.0188021		-55.0002
0.148067		-0.0164519		-43.2537
0.148067		-0.0141016		-30.1856
0.148067		-0.0117513		-16.5081
0.148067		-0.00940107		-2.93412
0.148067		-0.0070508		9.96499
0.148067		-0.00470053		73.5561
0.148067		-0.00235027		85.1836
0.148067		0		105.447
0.148067		0.00235027		136.281
0.148067		0.00470053		158.478
0.148067		0.0070508		12.6578
0.148067		0.00940107		0.215381
0.148067		0.0117513		-13.152
0.148067		0.0141016		-26.7144
0.148067		0.0164519		-39.7059
0.148067		0.0188021		-51.4015
0.148067		0.0211524		-61.0359
0.148067		0.0235027		-67.9959
0.148067		0.0258529		-71.8766
0.148067		0.0282032		-73.0035
0.150417		-0.0282032		-74.9403
0.150417		-0.0258529		-74.0242
0.150417		-0.0235027		-70.5071
0.150417		-0.0211524		-63.8678
0.150417		-0.0188021		-54.5881
0.150417		-0.0164519		-43.2282
0.150417		-0.0141016		-30.5233
0.150417		-0.0117513		-17.2251
0.150417		-0.00940107		-4.0495
0.150417		-0.0070508		8.40648
0.150417		-0.00470053		67.4773
0.150417		-0.00235027		76.7644
0.150417		0		99.0237
0.150417		0.00235027		133.722
0.150417		0.00470053		155.448
0.150417		0.0070508		13.5256
0.150417		0.00940107		0.0832152
0.150417		0.0117513		-13.3943
0.150417		0.0141016		-26.7928
0.150417		0.0164519		-39.5331
0.150417		0.0188021		-50.8869
0.150417		0.0211524		-60.1645
0.150417		0.0235027		-66.8001
0.150417		0.0258529		-70.2987
0.150417		0.0282032		-71.2107
0.152767		-0.0282032		-71.3142
0.152767		-0.0258529		-70.5642
0.152767		-0.0235027		-67.4348
0.152767		-0.0211524		-61.236
0.152767		-0.0188021		-52.3898
0.152767		-0.0164519		-41.5372
0.152767		-0.0141016		-29.3808
0.152767		-0.0117513		-16.6659
0.152767		-0.00940107		-4.25915
0.152767		-0.0070508		6.98494
0.152767		-0.00470053		66.8025
0.152767		-0.00235027		82.827
0.152767		0		103.991
0.152767		0.00235027		127.157
0.152767		0.00470053		145.184
0.152767		0.0070508		12.2826
0.152767		0.00940107		0.157747
0.152767		0.0117513		-12.5831
0.152767		0.0141016		-25.4494
0.152767		0.0164519		-37.702
0.152767		0.0188021		-48.5924
0.152767		0.0211524		-57.4705
0.152767		0.0235027		-63.7071
0.152767		0.0258529		-66.8341
0.152767		0.0282032		-67.6006
0.155118		-0.0282032		-66.0249
0.155118		-0.0258529		-65.4169
0.155118		-0.0235027		-62.6328
0.155118		-0.0211524		-56.866
0.155118		-0.0188021		-48.5538
0.155118		-0.0164519		-38.3111
0.155118		-0.0141016		-26.8085
0.155118		-0.0117513		-14.7891
0.155118		-0.00940107		-3.1168
0.155118		-0.0070508		7.28846
0.155118		-0.00470053		69.1288
0.155118		-0.00235027		85.9404
0.155118		0		110.165
0.155118		0.00235027		129.849
0.155118		0.00470053		142.121
0.155118		0.0070508		10.8577
0.155118		0.00940107		1.01081
0.155118		0.0117513		-10.6304
0.155118		0.0141016		-22.7541
0.155118		0.0164519		-34.3656
0.155118		0.0188021		-44.6991
0.155118		0.0211524		-53.075
0.155118		0.0235027		-58.875
0.155118		0.0258529		-61.6809
0.155118		0.0282032		-62.3036
0.157468		-0.0282032		-59.356
0.157468		-0.0258529		-58.8669
0.157468		-0.0235027		-56.3595
0.157468		-0.0211524		-50.9852
0.157468		-0.0188021		-43.2434
0.157468		-0.0164519		-33.6735
0.157468		-0.0141016		-22.8958
0.157468		-0.0117513		-11.6704
0.157468		-0.00940107		-0.714166
0.157468		-0.0070508		9.43827
0.157468		-0.00470053		76.7012
0.157468		-0.00235027		83.974
0.157468		0		105.153
0.157468		0.00235027		138.681
0.157468		0.00470053		158.303
0.157468		0.0070508		13.0832
0.157468		0.00940107		3.65423
0.157468		0.0117513		-7.30523
0.157468		0.0141016		-18.6825
0.157468		0.0164519		-29.6324
0.157468		0.0188021		-39.3745
0.157468		0.0211524		-47.211
0.157468		0.0235027		-52.6077
0.157468		0.0258529		-55.1284
0.157468		0.0282032		-55.6262
0.159818		-0.0282032		-51.5448
0.159818		-0.0258529		-51.1282
0.159818		-0.0235027		-48.8713
0.159818		-0.0211524		-43.911
0.159818		-0.0188021		-36.7212
0.159818		-0.0164519		-27.8364
0.159818		-0.0141016		-17.8639
0.159818		-0.0117513		-7.57239
0.159818		-0.00940107		2.34828
0.159818		-0.0070508		11.2723
0.159818		-0.00470053		82.5908
0.159818		-0.00235027		90.5616
0.159818		0		112.852
0.159818		0.00235027		142.413
0.159818		0.00470053		157.654
0.159818		0.0070508		17.8289
0.159818		0.00940107		7.68741
0.159818		0.0117513		-2.83709
0.159818		0.0141016		-13.5224
0.159818		0.0164519		-23.7469
0.159818		0.0188021		-32.8199
0.159818		0.0211524		-40.1576
0.159818		0.0235027		-45.1476
0.159818		0.0258529		-47.4266
0.159818		0.0282032		-47.8784
0.162168		-0.0282032		-43.0648
0.162168		-0.0258529		-42.6776
0.162168		-0.0235027		-40.5883
0.162168		-0.0211524		-35.9925
0.162168		-0.0188021		-29.3421
0.162168		-0.0164519		-21.1623
0.162168		-0.0141016		-12.0437
0.162168		-0.0117513		-2.74234
0.162168		-0.00940107		6.08537
0.162168		-0.0070508		13.8246
0.162168		-0.00470053		89.4794
0.162168		-0.00235027		102.686
0.162168		0		126.067
0.162168		0.00235027		146.234
0.162168		0.00470053		156.225
0.162168		0.0070508		20.8268
0.162168		0.00940107		11.8142
0.162168		0.0117513		2.14702
0.162168		0.0141016		-7.69898
0.162168		0.0164519		-17.1122
0.162168		0.0188021		-25.4911
0.162168		0.0211524		-32.2955
0.162168		0.0235027		-36.9295
0.162168		0.0258529		-39.0453
0.162168		0.0282032		-39.4591
0.164519		-0.0282032		-34.3552
0.164519		-0.0258529		-33.9489
0.164519		-0.0235027		-31.9374
0.164519		-0.0211524		-27.6868
0.164519		-0.0188021		-21.5347
0.164519		-0.0164519		-14.0106
0.164519		-0.0141016		-5.75472
0.164519		-0.0117513		2.58864
0.164519		-0.00940107		10.2753
0.164519		-0.0070508		16.4059
0.164519		-0.00470053		91.866
0.164519		-0.00235027		110.049
0.164519		0		136.166
0.164519		0.00235027		157.277
0.164519		0.00470053		170.453
0.164519		0.0070508		23.8902
0.164519		0.00940107		15.9168
0.164519		0.0117513		7.30275
0.164519		0.0141016		-1.5597
0.164519		0.0164519		-10.1211
0.164519		0.0188021		-17.8206
0.164519		0.0211524		-24.0858
0.164519		0.0235027		-28.3871
0.164519		0.0258529		-30.4102
0.164519		0.0282032		-30.8302
0.166869		-0.0282032		-25.8703
0.166869		-0.0258529		-25.4215
0.166869		-0.0235027		-23.4245
0.166869		-0.0211524		-19.4192
0.166869		-0.0188021		-13.7161
0.166869		-0.0164519		-6.79442
0.166869		-0.0141016		0.677601
0.166869		-0.0117513		8.13335
0.166869		-0.00940107		14.9453
0.166869		-0.0070508		20.5689
0.166869		-0.00470053		101.244
0.166869		-0.00235027		118.457
0.166869		0		143.1
0.166869		0.00235027		167.279
0.166869		0.00470053		184.028
0.166869		0.0070508		26.2013
0.166869		0.00940107		19.6206
0.166869		0.0117513		12.2589
0.166869		0.0141016		4.48061
0.166869		0.0164519		-3.2007
0.166869		0.0188021		-10.2167
0.166869		0.0211524		-15.9797
0.166869		0.0235027		-20.0168
0.166869		0.0258529		-21.9981
0.166869		0.0282032		-22.4441
0.169219		-0.0282032		-17.9721
0.169219		-0.0258529		-17.4532
0.169219		-0.0235027		-15.4184
0.169219		-0.0211524		-11.5686
0.169219		-0.0188021		-6.27678
0.169219		-0.0164519		0.0663319
0.169219		-0.0141016		6.90645
0.169219		-0.0117513		13.5756
0.169219		-0.00940107		19.4986
0.169219		-0.0070508		24.0748
0.169219		-0.00470053		110.182
0.169219		-0.00235027		129.065
0.169219		0		159.062
0.169219		0.00235027		176.637
0.169219		0.00470053		183.097
0.169219		0.0070508		26.8485
0.169219		0.00940107		22.7497
0.169219		0.0117513		16.8627
0.169219		0.0141016		10.1758
0.169219		0.0164519		3.34144
0.169219		0.0188021		-2.98682
0.169219		0.0211524		-8.30349
0.169219		0.0235027		-12.1626
0.169219		0.0258529		-14.1766
0.169219		0.0282032		-14.6879
0.171569		-0.0282032		-10.9825
0.171569		-0.0258529		-10.3503
0.171569		-0.0235027		-8.21356
0.171569		-0.0211524		-4.48287
0.171569		-0.0188021		0.522355
0.171569		-0.0164519		6.38023
0.171569		-0.0141016		12.5941
0.171569		-0.0117513		18.6343
0.171569		-0.00940107		23.9125
0.171569		-0.0070508		27.6651
0.171569		-0.00470053		116.876
0.171569		-0.00235027		136.583
0.171569		0		169.905
0.171569		0.00235027		183.406
0.171569		0.00470053		183.294
0.171569		0.0070508		29.9714
0.171569		0.00940107		26.1161
0.171569		0.0117513		21.1584
0.171569		0.0141016		15.3689
0.171569		0.0164519		9.30594
0.171569		0.0188021		3.54389
0.171569		0.0211524		-1.39731
0.171569		0.0235027		-5.08562
0.171569		0.0258529		-7.2015
0.171569		0.0282032		-7.82686
0.17392		-0.0282032		-5.16323
0.17392		-0.0258529		-4.39373
0.17392		-0.0235027		-2.10994
0.17392		-0.0211524		1.55989
0.17392		-0.0188021		6.34183
0.17392		-0.0164519		11.832
0.17392		-0.0141016		17.5288
0.17392		-0.0117513		23.0298
0.17392		-0.00940107		27.9736
0.17392		-0.0070508		32.1004
0.17392		-0.00470053		130.953
0.17392		-0.00235027		141.803
0.17392		0		167.533
0.17392		0.00235027		189.398
0.17392		0.00470053		196.381
0.17392		0.0070508		31.182
0.17392		0.00940107		28.8333
0.17392		0.0117513		24.8347
0.17392		0.0141016		19.844
0.17392		0.0164519		14.4391
0.17392		0.0188021		9.14352
0.17392		0.0211524		4.49447
0.17392		0.0235027		0.891038
0.17392		0.0258529		-1.35778
0.17392		0.0282032		-2.11275
0.17627		-0.0282032		-0.673612
0.17627		-0.0258529		0.198172
0.17627		-0.0235027		2.63773
0.17627		-0.0211524		6.31041
0.17627		-0.0188021		10.8996
0.17627		-0.0164519		16.0345
0.17627		-0.0141016		21.3236
0.17627		-0.0117513		26.3461
0.17627		-0.00940107		30.7808
0.17627		-0.0070508		34.8736
0.17627		-0.00470053		133.204
0.17627		-0.00235027		143.669
0.17627		0		166.778
0.17627		0.00235027		194.615
0.17627		0.00470053		209.81
0.17627		0.0070508		32.6093
0.17627		0.00940107		31.0792
0.17627		0.0117513		27.7877
0.17627		0.0141016		23.4118
0.17627		0.0164519		18.498
0.17627		0.0188021		13.5737
0.17627		0.0211524		9.12663
0.17627		0.0235027		5.54311
0.17627		0.0258529		3.14476
0.17627		0.0282032		2.28597
0.17862		-0.0282032		2.18907
0.17862		-0.0258529		3.19922
0.17862		-0.0235027		5.81126
0.17862		-0.0211524		9.51418
0.17862		-0.0188021		13.9346
0.17862		-0.0164519		18.7732
0.17862		-0.0141016		23.6811
0.17862		-0.0117513		28.1056
0.17862		-0.00940107		31.6487
0.17862		-0.0070508		33.6742
0.17862		-0.00470053		135.485
0.17862		-0.00235027		148.372
0.17862		0		170.137
0.17862		0.00235027		194.062
0.17862		0.00470053		209.107
0.17862		0.0070508		34.711
0.17862		0.00940107		32.8364
0.17862		0.0117513		29.8159
0.17862		0.0141016		25.8137
0.17862		0.0164519		21.2054
0.17862		0.0188021		16.5499
0.17862		0.0211524		12.2629
0.17862		0.0235027		8.6584
0.17862		0.0258529		6.07769
0.17862		0.0282032		5.08761
0.180971		-0.0282032		3.50301
0.180971		-0.0258529		4.64759
0.180971		-0.0235027		7.42338
0.180971		-0.0211524		11.0913
0.180971		-0.0188021		15.4479
0.180971		-0.0164519		20.1167
0.180971		-0.0141016		24.6435
0.180971		-0.0117513		28.6574
0.180971		-0.00940107		31.7521
0.180971		-0.0070508		33.6591
0.180971		-0.00470053		131.222
0.180971		-0.00235027		144.023
0.180971		0		167.044
0.180971		0.00235027		195.7
0.180971		0.00470053		214.137
0.180971		0.0070508		34.8285
0.180971		0.00940107		33.4816
0.180971		0.0117513		30.7176
0.180971		0.0141016		26.9303
0.180971		0.0164519		22.585
0.180971		0.0188021		18.0911
0.180971		0.0211524		13.8505
0.180971		0.0235027		10.2397
0.180971		0.0258529		7.48215
0.180971		0.0282032		6.34032
0.183321		-0.0282032		3.31901
0.183321		-0.0258529		4.5377
0.183321		-0.0235027		7.44474
0.183321		-0.0211524		11.1546
0.183321		-0.0188021		15.4542
0.183321		-0.0164519		19.9679
0.183321		-0.0141016		24.2324
0.183321		-0.0117513		27.9255
0.183321		-0.00940107		30.6292
0.183321		-0.0070508		31.9977
0.183321		-0.00470053		120.713
0.183321		-0.00235027		137.391
0.183321		0		167.324
0.183321		0.00235027		194
0.183321		0.00470053		207.422
0.183321		0.0070508		34.9213
0.183321		0.00940107		33.1093
0.183321		0.0117513		30.3555
0.183321		0.0141016		26.7463
0.183321		0.0164519		22.5566
0.183321		0.0188021		18.1564
0.183321		0.0211524		13.9393
0.183321		0.0235027		10.267
0.183321		0.0258529		7.37879
0.183321		0.0282032		6.15103
0.185671		-0.0282032		1.66677
0.185671		-0.0258529		2.94396
0.185671		-0.0235027		5.95544
0.185671		-0.0211524		9.72979
0.185671		-0.0188021		13.9593
0.185671		-0.0164519		18.3598
0.185671		-0.0141016		22.5688
0.185671		-0.0117513		26.0645
0.185671		-0.00940107		28.4239
0.185671		-0.0070508		28.9245
0.185671		-0.00470053		122.434
0.185671		-0.00235027		130.84
0.185671		0		155.562
0.185671		0.00235027		188.377
0.185671		0.00470053		204.875
0.185671		0.0070508		32.6553
0.185671		0.00940107		31.262
0.185671		0.0117513		28.7267
0.185671		0.0141016		25.2487
0.185671		0.0164519		21.0896
0.185671		0.0188021		16.7358
0.185671		0.0211524		12.5648
0.185671		0.0235027		8.82299
0.185671		0.0258529		5.78607
0.185671		0.0282032		4.47735
0.188021		-0.0282032		-1.186
0.188021		-0.0258529		0.150055
0.188021		-0.0235027		3.19611
0.188021		-0.0211524		6.94931
0.188021		-0.0188021		11.1786
0.188021		-0.0164519		15.5451
0.188021		-0.0141016		19.7268
0.188021		-0.0117513		23.3071
0.188021		-0.00940107		25.9645
0.188021		-0.0070508		27.8334
0.188021		-0.00470053		115.038
0.188021		-0.00235027		128.454
0.188021		0		148.826
0.188021		0.00235027		170.559
0.188021		0.00470053		185.338
0.188021		0.0070508		29.0646
0.188021		0.00940107		28.4049
0.188021		0.0117513		26.0646
0.188021		0.0141016		22.5808
0.188021		0.0164519		18.4123
0.188021		0.0188021		14.0546
0.188021		0.0211524		9.85162
0.188021		0.0235027		6.08906
0.188021		0.0258529		2.99974
0.188021		0.0282032		1.63768
0.190372		-0.0282032		-4.9575
0.190372		-0.0258529		-3.63113
0.190372		-0.0235027		-0.606556
0.190372		-0.0211524		3.08772
0.190372		-0.0188021		7.30634
0.190372		-0.0164519		11.7391
0.190372		-0.0141016		15.9228
0.190372		-0.0117513		19.5741
0.190372		-0.00940107		22.2966
0.190372		-0.0070508		23.6148
0.190372		-0.00470053		104.892
0.190372		-0.00235027		115.895
0.190372		0		134.347
0.190372		0.00235027		158.45
0.190372		0.00470053		175.104
0.190372		0.0070508		26.223
0.190372		0.00940107		25.2705
0.190372		0.0117513		22.6358
0.190372		0.0141016		18.9677
0.190372		0.0164519		14.7388
0.190372		0.0188021		10.3057
0.190372		0.0211524		6.03581
0.190372		0.0235027		2.29969
0.190372		0.0258529		-0.739784
0.190372		0.0282032		-2.09248
0.192722		-0.0282032		-9.33133
0.192722		-0.0258529		-8.0946
0.192722		-0.0235027		-5.17751
0.192722		-0.0211524		-1.48891
0.192722		-0.0188021		2.68885
0.192722		-0.0164519		7.08976
0.192722		-0.0141016		11.3942
0.192722		-0.0117513		15.1872
0.192722		-0.00940107		18.1288
0.192722		-0.0070508		19.7839
0.192722		-0.00470053		87.2431
0.192722		-0.00235027		103.12
0.192722		0		123.112
0.192722		0.00235027		139.906
0.192722		0.00470053		152.585
0.192722		0.0070508		24.1111
0.192722		0.00940107		21.9031
0.192722		0.0117513		18.6597
0.192722		0.0141016		14.6833
0.192722		0.0164519		10.2586
0.192722		0.0188021		5.74198
0.192722		0.0211524		1.48487
0.192722		0.0235027		-2.23093
0.192722		0.0258529		-5.18863
0.192722		0.0282032		-6.45717
0.195072		-0.0282032		-14.1664
0.195072		-0.0258529		-13.0037
0.195072		-0.0235027		-10.2047
0.195072		-0.0211524		-6.62202
0.195072		-0.0188021		-2.51724
0.195072		-0.0164519		1.90484
0.195072		-0.0141016		6.34576
0.195072		-0.0117513		10.4063
0.195072		-0.00940107		13.7411
0.195072		-0.0070508		16.0866
0.195072		-0.00470053		63.7902
0.195072		-0.00235027		82.4271
0.195072		0		108.926
0.195072		0.00235027		125.355
0.195072		0.00470053		133.923
0.195072		0.0070508		21.3141
0.195072		0.00940107		18.0705
0.195072		0.0117513		14.2199
0.195072		0.0141016		9.84894
0.195072		0.0164519		5.17391
0.195072		0.0188021		0.580487
0.195072		0.0211524		-3.64082
0.195072		0.0235027		-7.2735
0.195072		0.0258529		-10.0943
0.195072		0.0282032		-11.2621
0.197422		-0.0282032		-19.1229
0.197422		-0.0258529		-18.0368
0.197422		-0.0235027		-15.4626
0.197422		-0.0211524		-12.0704
0.197422		-0.0188021		-7.98212
0.197422		-0.0164519		-3.52043
0.197422		-0.0141016		1.02561
0.197422		-0.0117513		5.37247
0.197422		-0.00940107		9.19691
0.197422		-0.0070508		12.4797
0.197422		-0.00470053		48.3371
0.197422		-0.00235027		64.262
0.197422		0		89.1393
0.197422		0.00235027		106.477
0.197422		0.00470053		114.863
0.197422		0.0070508		17.5853
0.197422		0.00940107		13.7451
0.197422		0.0117513		9.34661
0.197422		0.0141016		4.58102
0.197422		0.0164519		-0.269969
0.197422		0.0188021		-4.89222
0.197422		0.0211524		-9.06499
0.197422		0.0235027		-12.5465
0.197422		0.0258529		-15.1451
0.197422		0.0282032		-16.2114
0.199773		-0.0282032		-23.8156
0.199773		-0.0258529		-22.9127
0.199773		-0.0235027		-20.6225
0.199773		-0.0211524		-17.405
0.199773		-0.0188021		-13.4195
0.199773		-0.0164519		-8.92185
0.199773		-0.0141016		-4.23876
0.199773		-0.0117513		0.307693
0.199773		-0.00940107		4.35568
0.199773		-0.0070508		7.44095
0.199773		-0.00470053		33.0898
0.199773		-0.00235027		43.892
0.199773		0		64.7317
0.199773		0.00235027		90.7247
0.199773		0.00470053		106.68
0.199773		0.0070508		13.8238
0.199773		0.00940107		9.14739
0.199773		0.0117513		4.23396
0.199773		0.0141016		-0.79354
0.199773		0.0164519		-5.73275
0.199773		0.0188021		-10.3954
0.199773		0.0211524		-14.4729
0.199773		0.0235027		-17.7368
0.199773		0.0258529		-20.0557
0.199773		0.0282032		-20.9542
0.202123		-0.0282032		-27.9562
0.202123		-0.0258529		-27.2696
0.202123		-0.0235027		-25.2998
0.202123		-0.0211524		-22.2985
0.202123		-0.0188021		-18.4982
0.202123		-0.0164519		-14.0472
0.202123		-0.0141016		-9.20917
0.202123		-0.0117513		-4.36987
0.202123		-0.00940107		0.0336763
0.202123		-0.0070508		3.14001
0.202123		-0.00470053		8.56492
0.202123		-0.00235027		23.4176
0.202123		0		47.2214
0.202123		0.00235027		75.5076
0.202123		0.00470053		94.8428
0.202123		0.0070508		9.61658
0.202123		0.00940107		4.29871
0.202123		0.0117513		-0.88779
0.202123		0.0141016		-6.03761
0.202123		0.0164519		-11.028
0.202123		0.0188021		-15.5796
0.202123		0.0211524		-19.4511
0.202123		0.0235027		-22.4953
0.202123		0.0258529		-24.4819
0.202123		0.0282032		-25.1728
0.204473		-0.0282032		-31.2998
0.204473		-0.0258529		-30.7906
0.204473		-0.0235027		-29.1994
0.204473		-0.0211524		-26.5018
0.204473		-0.0188021		-22.8619
0.204473		-0.0164519		-18.4712
0.204473		-0.0141016		-13.5729
0.204473		-0.0117513		-8.39745
0.204473		-0.00940107		-3.10285
0.204473		-0.0070508		2.24898
0.204473		-0.00470053		-3.52912
0.204473		-0.00235027		7.70071
0.204473		0		30.9185
0.204473		0.00235027		55.6854
0.204473		0.00470053		68.4643
0.204473		0.0070508		4.27522
0.204473		0.00940107		-0.771072
0.204473		0.0117513		-5.80552
0.204473		0.0141016		-10.8626
0.204473		0.0164519		-15.7184
0.204473		0.0188021		-20.1028
0.204473		0.0211524		-23.7659
0.204473		0.0235027		-26.4812
0.204473		0.0258529		-28.0845
0.204473		0.0282032		-28.5983
0.206823		-0.0282032		-33.6999
0.206823		-0.0258529		-33.353
0.206823		-0.0235027		-32.1298
0.206823		-0.0211524		-29.8008
0.206823		-0.0188021		-26.397
0.206823		-0.0164519		-22.1806
0.206823		-0.0141016		-17.3479
0.206823		-0.0117513		-11.9801
0.206823		-0.00940107		-6.09221
0.206823		-0.0070508		0.825565
0.206823		-0.00470053		-20.8022
0.206823		-0.00235027		-7.68135
0.206823		0		19.1085
0.206823		0.00235027		41.2959
0.206823		0.00470053		49.8144
0.206823		0.0070508		-2.71166
0.206823		0.00940107		-5.64748
0.206823		0.0117513		-10.1505
0.206823		0.0141016		-15.0026
0.206823		0.0164519		-19.6403
0.206823		0.0188021		-23.79
0.206823		0.0211524		-27.1643
0.206823		0.0235027		-29.5007
0.206823		0.0258529		-30.739
0.206823		0.0282032		-31.0866
0.209174		-0.0282032		-34.8983
0.209174		-0.0258529		-34.7788
0.209174		-0.0235027		-33.9619
0.209174		-0.0211524		-31.9854
0.209174		-0.0188021		-28.9606
0.209174		-0.0164519		-25.0679
0.209174		-0.0141016		-20.4463
0.209174		-0.0117513		-15.2529
0.209174		-0.00940107		-9.68736
0.209174		-0.0070508		-4.05092
0.209174		-0.00470053		-33.6579
0.209174		-0.00235027		-21.45
0.209174		0		2.34564
0.209174		0.00235027		28.5283
0.209174		0.00470053		43.1234
0.209174		0.0070508		-4.46084
0.209174		0.00940107		-8.56222
0.209174		0.0117513		-13.3126
0.209174		0.0141016		-18.0987
0.209174		0.0164519		-22.5729
0.209174		0.0188021		-26.4414
0.209174		0.0211524		-29.4558
0.209174		0.0235027		-31.4433
0.209174		0.0258529		-32.2676
0.209174		0.0282032		-32.3856
0.211524		-0.0282032		-34.9492
0.211524		-0.0258529		-35.0258
0.211524		-0.0235027		-34.5957
0.211524		-0.0211524		-33.0259
0.211524		-0.0188021		-30.405
0.211524		-0.0164519		-26.8752
0.211524		-0.0141016		-22.6169
0.211524		-0.0117513		-17.835
0.211524		-0.00940107		-12.7145
0.211524		-0.0070508		-7.48568
0.211524		-0.00470053		-51.8713
0.211524		-0.00235027		-34.6276
0.211524		0		-8.53214
0.211524		0.00235027		17.4096
0.211524		0.00470053		34.4994
0.211524		0.0070508		-4.15607
0.211524		0.00940107		-10.1694
0.211524		0.0117513		-15.3488
0.211524		0.0141016		-20.0969
0.211524		0.0164519		-24.3719
0.211524		0.0188021		-27.9205
0.211524		0.0211524		-30.5648
0.211524		0.0235027		-32.1869
0.211524		0.0258529		-32.6297
0.211524		0.0282032		-32.5414
0.213874		-0.0282032		-33.8367
0.213874		-0.0258529		-34.0565
0.213874		-0.0235027		-33.9907
0.213874		-0.0211524		-32.8615
0.213874		-0.0188021		-30.6499
0.213874		-0.0164519		-27.572
0.213874		-0.0141016		-23.8194
0.213874		-0.0117513		-19.5551
0.213874		-0.00940107		-14.9653
0.213874		-0.0070508		-10.078
0.213874		-0.00470053		-63.8746
0.213874		-0.00235027		-47.2015
0.213874		0		-15.8325
0.213874		0.00235027		13.9098
0.213874		0.00470053		28.9562
0.213874		0.0070508		-6.68375
0.213874		0.00940107		-11.6655
0.213874		0.0117513		-16.5839
0.213874		0.0141016		-21.0975
0.213874		0.0164519		-25.0158
0.213874		0.0188021		-28.2155
0.213874		0.0211524		-30.4857
0.213874		0.0235027		-31.6759
0.213874		0.0258529		-31.7741
0.213874		0.0282032		-31.5536
0.216225		-0.0282032		-31.4188
0.216225		-0.0258529		-31.7822
0.216225		-0.0235027		-32.0541
0.216225		-0.0211524		-31.3091
0.216225		-0.0188021		-29.5868
0.216225		-0.0164519		-27.0493
0.216225		-0.0141016		-23.8632
0.216225		-0.0117513		-20.246
0.216225		-0.00940107		-16.4925
0.216225		-0.0070508		-13.1753
0.216225		-0.00470053		-67.265
0.216225		-0.00235027		-53.5017
0.216225		0		-24.3788
0.216225		0.00235027		9.53153
0.216225		0.00470053		28.0822
0.216225		0.0070508		-7.178
0.216225		0.00940107		-12.286
0.216225		0.0117513		-16.9085
0.216225		0.0141016		-21.018
0.216225		0.0164519		-24.4855
0.216225		0.0188021		-27.2052
0.216225		0.0211524		-29.0584
0.216225		0.0235027		-29.8635
0.216225		0.0258529		-29.6392
0.216225		0.0282032		-29.3017
0.218575		-0.0282032		-27.7703
0.218575		-0.0258529		-28.2697
0.218575		-0.0235027		-28.8334
0.218575		-0.0211524		-28.4536
0.218575		-0.0188021		-27.2053
0.218575		-0.0164519		-25.2625
0.218575		-0.0141016		-22.6962
0.218575		-0.0117513		-19.703
0.218575		-0.00940107		-16.5761
0.218575		-0.0070508		-13.548
0.218575		-0.00470053		-64.8884
0.218575		-0.00235027		-51.1573
0.218575		0		-25.0907
0.218575		0.00235027		-0.0612946
0.218575		0.00470053		12.6327
0.218575		0.0070508		-7.59709
0.218575		0.00940107		-12.3938
0.218575		0.0117513		-16.4273
0.218575		0.0141016		-19.9057
0.218575		0.0164519		-22.7785
0.218575		0.0188021		-24.9571
0.218575		0.0211524		-26.3226
0.218575		0.0235027		-26.7913
0.218575		0.0258529		-26.3049
0.218575		0.0282032		-25.8085
0.220925		-0.0282032		-23.0998
0.220925		-0.0258529		-23.6511
0.220925		-0.0235027		-24.4261
0.220925		-0.0211524		-24.4658
0.220925		-0.0188021		-23.7127
0.220925		-0.0164519		-22.2903
0.220925		-0.0141016		-20.3616
0.220925		-0.0117513		-18.047
0.220925		-0.00940107		-15.5086
0.220925		-0.0070508		-12.8915
0.220925		-0.00470053		-69.6167
0.220925		-0.00235027		-52.5971
0.220925		0		-22.9777
0.220925		0.00235027		0.614811
0.220925		0.00470053		11.6075
0.220925		0.0070508		-9.46947
0.220925		0.00940107		-12.1909
0.220925		0.0117513		-15.1445
0.220925		0.0141016		-17.8323
0.220925		0.0164519		-20.0489
0.220925		0.0188021		-21.6374
0.220925		0.0211524		-22.5034
0.220925		0.0235027		-22.6048
0.220925		0.0258529		-21.8945
0.220925		0.0282032		-21.3369
0.223275		-0.0282032		-17.637
0.223275		-0.0258529		-18.2121
0.223275		-0.0235027		-19.1329
0.223275		-0.0211524		-19.4901
0.223275		-0.0188021		-19.1857
0.223275		-0.0164519		-18.376
0.223275		-0.0141016		-17.1224
0.223275		-0.0117513		-15.4196
0.223275		-0.00940107		-13.5291
0.223275		-0.0070508		-11.7789
0.223275		-0.00470053		-61.1559
0.223275		-0.00235027		-53.0289
0.223275		0		-28.3517
0.223275		0.00235027		2.39381
0.223275		0.00470053		16.5892
0.223275		0.0070508		-8.95954
0.223275		0.00940107		-10.7811
0.223275		0.0117513		-12.9545
0.223275		0.0141016		-14.931
0.223275		0.0164519		-16.4363
0.223275		0.0188021		-17.404
0.223275		0.0211524		-17.784
0.223275		0.0235027		-17.5382
0.223275		0.0258529		-16.6802
0.223275		0.0282032		-16.0864
0.225626		-0.0282032		-11.5717
0.225626		-0.0258529		-12.1604
0.225626		-0.0235027		-13.1579
0.225626		-0.0211524		-13.7762
0.225626		-0.0188021		-13.94
0.225626		-0.0164519		-13.6883
0.225626		-0.0141016		-13.0613
0.225626		-0.0117513		-12.036
0.225626		-0.00940107		-10.6599
0.225626		-0.0070508		-8.87378
0.225626		-0.00470053		-61.4503
0.225626		-0.00235027		-45.4065
0.225626		0		-21.9104
0.225626		0.00235027		-3.96083
0.225626		0.00470053		6.53659
0.225626		0.0070508		-5.803
0.225626		0.00940107		-8.25091
0.225626		0.0117513		-10.0072
0.225626		0.0141016		-11.2811
0.225626		0.0164519		-12.0961
0.225626		0.0188021		-12.4463
0.225626		0.0211524		-12.3688
0.225626		0.0235027		-11.8543
0.225626		0.0258529		-10.8757
0.225626		0.0282032		-10.2629
0.227976		-0.0282032		-5.10212
0.227976		-0.0258529		-5.66159
0.227976		-0.0235027		-6.69432
0.227976		-0.0211524		-7.53704
0.227976		-0.0188021		-8.15384
0.227976		-0.0164519		-8.46068
0.227976		-0.0141016		-8.48634
0.227976		-0.0117513		-8.21137
0.227976		-0.00940107		-7.56515
0.227976		-0.0070508		-6.75373
0.227976		-0.00470053		-56.1934
0.227976		-0.00235027		-41.6688
0.227976		0		-20.7922
0.227976		0.00235027		-0.899611
0.227976		0.00470053		12.6409
0.227976		0.0070508		-4.08896
0.227976		0.00940107		-5.73216
0.227976		0.0117513		-6.71248
0.227976		0.0141016		-7.19268
0.227976		0.0164519		-7.27187
0.227976		0.0188021		-7.01219
0.227976		0.0211524		-6.47969
0.227976		0.0235027		-5.7124
0.227976		0.0258529		-4.67617
0.227976		0.0282032		-4.09236
0.230326		-0.0282032		1.57322
0.230326		-0.0258529		1.05694
0.230326		-0.0235027		0.0282973
0.230326		-0.0211524		-1.02622
0.230326		-0.0188021		-2.04187
0.230326		-0.0164519		-2.95653
0.230326		-0.0141016		-3.72905
0.230326		-0.0117513		-4.18158
0.230326		-0.00940107		-4.09289
0.230326		-0.0070508		-3.13107
0.230326		-0.00470053		-47.701
0.230326		-0.00235027		-37.0422
0.230326		0		-15.8055
0.230326		0.00235027		2.5668
0.230326		0.00470053		10.3611
0.230326		0.0070508		-2.45728
0.230326		0.00940107		-3.41017
0.230326		0.0117513		-3.39772
0.230326		0.0141016		-2.93716
0.230326		0.0164519		-2.19329
0.230326		0.0188021		-1.28208
0.230326		0.0211524		-0.299639
0.230326		0.0235027		0.693596
0.230326		0.0258529		1.70969
0.230326		0.0282032		2.23043
0.232676		-0.0282032		8.17194
0.232676		-0.0258529		7.78087
0.232676		-0.0235027		6.83519
0.232676		-0.0211524		5.58833
0.232676		-0.0188021		4.11786
0.232676		-0.0164519		2.55531
0.232676		-0.0141016		0.995156
0.232676		-0.0117513		-0.352721
0.232676		-0.00940107		-1.14865
0.232676		-0.0070508		-0.682269
0.232676		-0.00470053		-30.1258
0.232676		-0.00235027		-24.1112
0.232676		0		-10.1313
0.232676		0.00235027		3.0507
0.232676		0.00470053		8.26736
0.232676		0.0070508		-3.59885
0.232676		0.00940107		-1.68214
0.232676		0.0117513		-0.202657
0.232676		0.0141016		1.31264
0.232676		0.0164519		2.93078
0.232676		0.0188021		4.49459
0.232676		0.0211524		5.92733
0.232676		0.0235027		7.17184
0.232676		0.0258529		8.11212
0.232676		0.0282032		8.5035
0.235027		-0.0282032		14.4795
0.235027		-0.0258529		14.1787
0.235027		-0.0235027		13.2962
0.235027		-0.0211524		11.8863
0.235027		-0.0188021		10.0324
0.235027		-0.0164519		7.84376
0.235027		-0.0141016		5.44731
0.235027		-0.0117513		2.97898
0.235027		-0.00940107		0.57522
0.235027		-0.0070508		-1.63697
0.235027		-0.00470053		-3.72009
0.235027		-0.00235027		-3.80618
0.235027		0		-3.8922
0.235027		0.00235027		-3.8061
0.235027		0.00470053		-3.72006
0.235027		0.0070508		-1.63698
0.235027		0.00940107		0.575218
0.235027		0.0117513		2.97899
0.235027		0.0141016		5.44732
0.235027		0.0164519		7.84376
0.235027		0.0188021		10.0324
0.235027		0.0211524		11.8863
0.235027		0.0235027		13.2962
0.235027		0.0258529		14.1787
0.235027		0.0282032		14.4795
