
####################, label: 
0	-0.0282032	0	0
0	-0.0258529	-0.256599	0.640641
0	-0.0235027	-0.197287	0.967484
0	-0.0211524	-0.104799	0.730792
0	-0.0188021	0.0121561	-0.103913
0	-0.0164519	0.141959	-1.34876
0	-0.0141016	0.270788	-2.64331
0	-0.0117513	0.382932	-3.55888
0	-0.00940107	0.460618	-3.72934
0	-0.0070508	0.482356	-2.99199
0	-0.00470053	0.197345	-1.58569
0	-0.00235027	-0.0412573	-0.523849
0	0	-0.0403426	0.287343
0	0.00235027	-0.0412562	0.999135
0	0.00470053	0.197344	1.65509
0	0.0070508	0.482355	3.06081
0	0.00940107	0.460619	3.78084
0	0.0117513	0.382935	3.59172
0	0.0141016	0.27079	2.6609
0	0.0164519	0.141959	1.35567
0	0.0188021	0.0121572	0.104349
0	0.0211524	-0.104799	-0.733373
0	0.0235027	-0.197288	-0.970731
0	0.0258529	-0.256598	-0.642745
0	0.0282032	0	0
0.00235027	-0.0282032	0	0
0.00235027	-0.0258529	-0.281454	0.85166
0.00235027	-0.0235027	-0.238609	1.38581
0.00235027	-0.0211524	-0.163053	1.32095
0.00235027	-0.0188021	-0.0620267	0.607825
0.00235027	-0.0164519	0.0533389	-0.577882
0.00235027	-0.0141016	0.167856	-1.88341
0.00235027	-0.0117513	0.261266	-2.88486
0.00235027	-0.00940107	0.305088	-3.22092
0.00235027	-0.0070508	0.256939	-2.73508
0.00235027	-0.00470053	-0.131114	-1.63666
0.00235027	-0.00235027	-0.0670031	-0.629768
0.00235027	0	0.0410038	0.217705
0.00235027	0.00235027	0.186007	0.971963
0.00235027	0.00470053	0.295938	1.72026
0.00235027	0.0070508	0.266887	2.79977
0.00235027	0.00940107	0.316369	3.26489
0.00235027	0.0117513	0.268507	2.91071
0.00235027	0.0141016	0.171402	1.8955
0.00235027	0.0164519	0.0542458	0.580764
0.00235027	0.0188021	-0.062893	-0.6103
0.00235027	0.0211524	-0.164825	-1.32555
0.00235027	0.0235027	-0.240906	-1.3902
0.00235027	0.0258529	-0.284322	-0.854317
0.00235027	0.0282032	0	0
0.00470053	-0.0282032	0	0
0.00470053	-0.0258529	-0.228054	1.27419
0.00470053	-0.0235027	-0.217402	2.23258
0.00470053	-0.0211524	-0.182753	2.51542
0.00470053	-0.0188021	-0.126663	2.04199
0.00470053	-0.0164519	-0.0553154	0.963217
0.00470053	-0.0141016	0.0212948	-0.382851
0.00470053	-0.0117513	0.0864314	-1.57714
0.00470053	-0.00940107	0.118479	-2.25426
0.00470053	-0.0070508	0.0950115	-2.23956
0.00470053	-0.00470053	-0.226301	-1.62722
0.00470053	-0.00235027	-0.154634	-0.715437
0.00470053	0	0.00914437	0.142637
0.00470053	0.00235027	0.185087	0.95794
0.00470053	0.00470053	0.268675	1.71025
0.00470053	0.0070508	0.125736	2.28845
0.00470053	0.00940107	0.136607	2.28186
0.00470053	0.0117513	0.0946714	1.58959
0.00470053	0.0141016	0.0226999	0.385084
0.00470053	0.0164519	-0.0581307	-0.967546
0.00470053	0.0188021	-0.132166	-2.04956
0.00470053	0.0211524	-0.189633	-2.52346
0.00470053	0.0235027	-0.22506	-2.23904
0.00470053	0.0258529	-0.236166	-1.27782
0.00470053	0.0282032	0	0
0.0070508	-0.0282032	0	0
0.0070508	-0.0258529	-0.0215814	1.68509
0.0070508	-0.0235027	-0.0483309	3.0693
0.0070508	-0.0211524	-0.0639236	3.69606
0.0070508	-0.0188021	-0.0642872	3.4496
0.0070508	-0.0164519	-0.0491434	2.45557
0.0070508	-0.0141016	-0.0217726	1.04126
0.0070508	-0.0117513	0.0076125	-0.370775
0.0070508	-0.00940107	0.0236133	-1.39263
0.0070508	-0.0070508	0.0078165	-1.7959
0.0070508	-0.00470053	-0.37326	-1.52835
0.0070508	-0.00235027	-0.274459	-0.751671
0.0070508	0	-0.0700162	0.062005
0.0070508	0.00235027	0.134756	0.904402
0.0070508	0.00470053	0.240421	1.57176
0.0070508	0.0070508	0.0472222	1.82154
0.0070508	0.00940107	0.0398762	1.4048
0.0070508	0.0117513	0.0103184	0.373017
0.0070508	0.0141016	-0.0270667	-1.04606
0.0070508	0.0164519	-0.0593421	-2.46446
0.0070508	0.0188021	-0.0774818	-3.46015
0.0070508	0.0211524	-0.0780408	-3.70584
0.0070508	0.0235027	-0.0632779	-3.07697
0.0070508	0.0258529	-0.037328	-1.68928
0.0070508	0.0282032	0	0
0.00940107	-0.0282032	0	0
0.00940107	-0.0258529	0.32968	2.05411
0.00940107	-0.0235027	0.262824	3.83685
0.00940107	-0.0211524	0.190522	4.7814
0.00940107	-0.0188021	0.122473	4.73843
0.00940107	-0.0164519	0.0671183	3.81016
0.00940107	-0.0141016	0.0296386	2.31852
0.00940107	-0.0117513	0.00755785	0.69586
0.00940107	-0.00940107	-0.00797149	-0.636714
0.00940107	-0.0070508	-0.0268735	-1.38926
0.00940107	-0.00470053	-0.427855	-1.38854
0.00940107	-0.00235027	-0.353496	-0.765614
0.00940107	0	-0.185977	-0.00719041
0.00940107	0.00235027	0.00907951	0.781687
0.00940107	0.00470053	0.136752	1.39482
0.00940107	0.0070508	0.00383325	1.39659
0.00940107	0.00940107	4.05785E-05	0.639535
0.00940107	0.0117513	0.00190644	-0.69847
0.00940107	0.0141016	0.0157926	-2.32574
0.00940107	0.0164519	0.0481304	-3.82011
0.00940107	0.0188021	0.100506	-4.7495
0.00940107	0.0211524	0.167415	-4.79173
0.00940107	0.0235027	0.239583	-3.84459
0.00940107	0.0258529	0.305655	-2.05825
0.00940107	0.0282032	0	0
0.0117513	-0.0282032	0	0
0.0117513	-0.0258529	0.782516	2.35786
0.0117513	-0.0235027	0.676109	4.48557
0.0117513	-0.0211524	0.542627	5.70088
0.0117513	-0.0188021	0.399228	5.82757
0.0117513	-0.0164519	0.263771	4.94995
0.0117513	-0.0141016	0.149503	3.38434
0.0117513	-0.0117513	0.0619535	1.57837
0.0117513	-0.00940107	-0.000471727	-0.0122743
0.0117513	-0.0070508	-0.0449645	-1.0416
0.0117513	-0.00470053	-0.470246	-1.23611
0.0117513	-0.00235027	-0.418913	-0.710519
0.0117513	0	-0.255318	0.0226824
0.0117513	0.00235027	-0.0864265	0.722713
0.0117513	0.00470053	0.0285025	1.22393
0.0117513	0.0070508	-0.024808	1.04001
0.0117513	0.00940107	-0.00032696	0.0122663
0.0117513	0.0117513	0.0492313	-1.58075
0.0117513	0.0141016	0.128575	-3.38985
0.0117513	0.0164519	0.237507	-4.95779
0.0117513	0.0188021	0.36969	-5.83725
0.0117513	0.0211524	0.51187	-5.71058
0.0117513	0.0235027	0.644235	-4.49253
0.0117513	0.0258529	0.749701	-2.36178
0.0117513	0.0282032	0	0
0.0141016	-0.0282032	0	0
0.0141016	-0.0258529	1.27002	2.58252
0.0141016	-0.0235027	1.12792	4.97602
0.0141016	-0.0211524	0.934672	6.39982
0.0141016	-0.0188021	0.715417	6.6536
0.0141016	-0.0164519	0.497061	5.81089
0.0141016	-0.0141016	0.30113	4.18433
0.0141016	-0.0117513	0.142758	2.23575
0.0141016	-0.00940107	0.0272712	0.450876
0.0141016	-0.0070508	-0.0496472	-0.782297
0.0141016	-0.00470053	-0.50387	-1.12966
0.0141016	-0.00235027	-0.504806	-0.662463
0.0141016	0	-0.339284	0.0331916
0.0141016	0.00235027	-0.129612	0.689396
0.0141016	0.00470053	-0.00235008	1.11136
0.0141016	0.0070508	-0.0385329	0.77795
0.0141016	0.00940107	0.0228808	-0.450019
0.0141016	0.0117513	0.126616	-2.23516
0.0141016	0.0141016	0.276198	-4.18647
0.0141016	0.0164519	0.466344	-5.81599
0.0141016	0.0188021	0.681257	-6.6613
0.0141016	0.0211524	0.897166	-6.40751
0.0141016	0.0235027	1.08868	-4.98185
0.0141016	0.0258529	1.22998	-2.58574
0.0141016	0.0282032	0	0
0.0164519	-0.0282032	0	0
0.0164519	-0.0258529	1.71346	2.71883
0.0164519	-0.0235027	1.54226	5.28304
0.0164519	-0.0211524	1.29694	6.84128
0.0164519	-0.0188021	1.00974	7.17515
0.0164519	-0.0164519	0.715382	6.34964
0.0164519	-0.0141016	0.444929	4.68044
0.0164519	-0.0117513	0.220913	2.63776
0.0164519	-0.00940107	0.0561784	0.72967
0.0164519	-0.0070508	-0.0462388	-0.626834
0.0164519	-0.00470053	-0.568962	-1.0558
0.0164519	-0.00235027	-0.579763	-0.656471
0.0164519	0	-0.392644	-0.0146647
0.0164519	0.00235027	-0.1862	0.61992
0.0164519	0.00470053	-0.0560309	1.04593
0.0164519	0.0070508	-0.039733	0.622388
0.0164519	0.00940107	0.0505619	-0.727115
0.0164519	0.0117513	0.205088	-2.63403
0.0164519	0.0141016	0.420577	-4.67902
0.0164519	0.0164519	0.68404	-6.35264
0.0164519	0.0188021	0.972429	-7.17986
0.0164519	0.0211524	1.25497	-6.84708
0.0164519	0.0235027	1.49742	-5.28789
0.0164519	0.0258529	1.66719	-2.72148
0.0164519	0.0282032	0	0
0.0188021	-0.0282032	0	0
0.0188021	-0.0258529	2.04289	2.76315
0.0188021	-0.0235027	1.85257	5.39597
0.0188021	-0.0211524	1.57034	7.00563
0.0188021	-0.0188021	1.23124	7.36913
0.0188021	-0.0164519	0.877279	6.54718
0.0188021	-0.0141016	0.547962	4.85509
0.0188021	-0.0117513	0.273543	2.77065
0.0188021	-0.00940107	0.0727173	0.813696
0.0188021	-0.0070508	-0.0500161	-0.584884
0.0188021	-0.00470053	-0.578367	-1.03653
0.0188021	-0.00235027	-0.611414	-0.694756
0.0188021	0	-0.436415	-0.0736167
0.0188021	0.00235027	-0.255008	0.580444
0.0188021	0.00470053	-0.135937	1.00007
0.0188021	0.0070508	-0.0428042	0.577833
0.0188021	0.00940107	0.0680508	-0.810047
0.0188021	0.0117513	0.260835	-2.76609
0.0188021	0.0141016	0.527048	-4.85296
0.0188021	0.0164519	0.847633	-6.54842
0.0188021	0.0188021	1.19353	-7.37253
0.0188021	0.0211524	1.52692	-7.01043
0.0188021	0.0235027	1.80476	-5.39999
0.0188021	0.0258529	1.99269	-2.76568
0.0188021	0.0282032	0	0
0.0211524	-0.0282032	0	0
0.0211524	-0.0258529	2.21042	2.71833
0.0211524	-0.0235027	2.01316	5.31537
0.0211524	-0.0211524	1.71062	6.89374
0.0211524	-0.0188021	1.34136	7.23604
0.0211524	-0.0164519	0.952901	6.40606
0.0211524	-0.0141016	0.589181	4.71329
0.0211524	-0.0117513	0.285852	2.64034
0.0211524	-0.00940107	0.0673891	0.708179
0.0211524	-0.0070508	-0.0536496	-0.652701
0.0211524	-0.00470053	-0.593056	-1.06457
0.0211524	-0.00235027	-0.627997	-0.66182
0.0211524	0	-0.488689	-0.0482059
0.0211524	0.00235027	-0.309869	0.587433
0.0211524	0.00470053	-0.161326	1.01726
0.0211524	0.0070508	-0.0594451	0.645568
0.0211524	0.00940107	0.0674961	-0.705901
0.0211524	0.0117513	0.279011	-2.63828
0.0211524	0.0141016	0.572257	-4.714
0.0211524	0.0164519	0.926022	-6.40845
0.0211524	0.0188021	1.30509	-7.241
0.0211524	0.0211524	1.66655	-6.89881
0.0211524	0.0235027	1.96386	-5.3196
0.0211524	0.0258529	2.15816	-2.72056
0.0211524	0.0282032	0	0
0.0235027	-0.0282032	0	0
0.0235027	-0.0258529	2.19246	2.59296
0.0235027	-0.0235027	1.99991	5.05412
0.0235027	-0.0211524	1.69572	6.52616
0.0235027	-0.0188021	1.32234	6.80231
0.0235027	-0.0164519	0.927803	5.95091
0.0235027	-0.0141016	0.559083	4.28147
0.0235027	-0.0117513	0.254826	2.27161
0.0235027	-0.00940107	0.0418871	0.432097
0.0235027	-0.0070508	-0.0650134	-0.814393
0.0235027	-0.00470053	-0.694991	-1.10482
0.0235027	-0.00235027	-0.67321	-0.63024
0.0235027	0	-0.451846	0.0403049
0.0235027	0.00235027	-0.302453	0.686238
0.0235027	0.00470053	-0.198942	1.11691
0.0235027	0.0070508	-0.0771585	0.817267
0.0235027	0.00940107	0.0428119	-0.432778
0.0235027	0.0117513	0.250907	-2.27421
0.0235027	0.0141016	0.544928	-4.28606
0.0235027	0.0164519	0.902698	-5.95654
0.0235027	0.0188021	1.28737	-6.80868
0.0235027	0.0211524	1.65222	-6.53198
0.0235027	0.0235027	1.95012	-5.05905
0.0235027	0.0258529	2.13948	-2.59517
0.0235027	0.0282032	0	0
0.0258529	-0.0282032	0	0
0.0258529	-0.0258529	1.99744	2.39638
0.0258529	-0.0235027	1.82043	4.63516
0.0258529	-0.0211524	1.5349	5.93616
0.0258529	-0.0188021	1.18261	6.10953
0.0258529	-0.0164519	0.810791	5.22923
0.0258529	-0.0141016	0.466047	3.60576
0.0258529	-0.0117513	0.187913	1.70389
0.0258529	-0.00940107	0.0016087	0.0169856
0.0258529	-0.0070508	-0.0820991	-1.05222
0.0258529	-0.00470053	-0.73753	-1.17096
0.0258529	-0.00235027	-0.703392	-0.65541
0.0258529	0	-0.469693	0.0813524
0.0258529	0.00235027	-0.244859	0.814068
0.0258529	0.00470053	-0.103723	1.24446
0.0258529	0.0070508	-0.0863123	1.06974
0.0258529	0.00940107	0.00158519	-0.0170911
0.0258529	0.0117513	0.182734	-1.70901
0.0258529	0.0141016	0.451983	-3.61254
0.0258529	0.0164519	0.786398	-5.23665
0.0258529	0.0188021	1.14856	-6.11684
0.0258529	0.0211524	1.49317	-5.94249
0.0258529	0.0235027	1.77214	-4.63986
0.0258529	0.0258529	1.94511	-2.39899
0.0258529	0.0282032	0	0
0.0282032	-0.0282032	0	0
0.0282032	-0.0258529	1.66606	2.13922
0.0282032	-0.0235027	1.51382	4.08973
0.0282032	-0.0211524	1.26293	5.16798
0.0282032	-0.0188021	0.951306	5.20927
0.0282032	-0.0164519	0.625794	4.2984
0.0282032	-0.0141016	0.331069	2.74092
0.0282032	-0.0117513	0.100944	0.985456
0.0282032	-0.00940107	-0.0438797	-0.501298
0.0282032	-0.0070508	-0.10266	-1.35188
0.0282032	-0.00470053	-0.75262	-1.29401
0.0282032	-0.00235027	-0.673831	-0.722276
0.0282032	0	-0.414252	0.0431387
0.0282032	0.00235027	-0.123978	0.784165
0.0282032	0.00470053	0.0584458	1.35469
0.0282032	0.0070508	-0.0782093	1.37175
0.0282032	0.00940107	-0.0400145	0.504539
0.0282032	0.0117513	0.0955959	-0.988974
0.0282032	0.0141016	0.317415	-2.74718
0.0282032	0.0164519	0.603227	-4.30564
0.0282032	0.0188021	0.919455	-5.21617
0.0282032	0.0211524	1.22325	-5.17367
0.0282032	0.0235027	1.46829	-4.09329
0.0282032	0.0258529	1.61684	-2.14158
0.0282032	0.0282032	0	0
0.0305535	-0.0282032	0	0
0.0305535	-0.0258529	1.26109	1.83516
0.0305535	-0.0235027	1.13728	3.44971
0.0305535	-0.0211524	0.930757	4.27151
0.0305535	-0.0188021	0.676095	4.16337
0.0305535	-0.0164519	0.414026	3.22226
0.0305535	-0.0141016	0.183599	1.74704
0.0305535	-0.0117513	0.0145283	0.166588
0.0305535	-0.00940107	-0.077904	-1.08722
0.0305535	-0.0070508	-0.0914511	-1.68916
0.0305535	-0.00470053	-0.654289	-1.43341
0.0305535	-0.00235027	-0.546338	-0.818681
0.0305535	0	-0.238811	-0.027847
0.0305535	0.00235027	0.0571144	0.718228
0.0305535	0.00470053	0.190404	1.4123
0.0305535	0.0070508	-0.0604561	1.69501
0.0305535	0.00940107	-0.0680187	1.09157
0.0305535	0.0117513	0.0134378	-0.167124
0.0305535	0.0141016	0.17332	-1.75116
0.0305535	0.0164519	0.394608	-3.22806
0.0305535	0.0188021	0.647771	-4.16961
0.0305535	0.0211524	0.895334	-4.277
0.0305535	0.0235027	1.0968	-3.45343
0.0305535	0.0258529	1.21697	-1.83741
0.0305535	0.0282032	0	0
0.0329037	-0.0282032	0	0
0.0329037	-0.0258529	0.848622	1.50015
0.0329037	-0.0235027	0.75506	2.75206
0.0329037	-0.0211524	0.597373	3.30135
0.0329037	-0.0188021	0.40624	3.03687
0.0329037	-0.0164519	0.215428	2.06697
0.0329037	-0.0141016	0.0569973	0.685941
0.0329037	-0.0117513	-0.0465107	-0.702855
0.0329037	-0.00940107	-0.0865319	-1.70489
0.0329037	-0.0070508	-0.0685124	-2.03904
0.0329037	-0.00470053	-0.43157	-1.55371
0.0329037	-0.00235027	-0.27969	-0.789096
0.0329037	0	0.0721866	0.00609289
0.0329037	0.00235027	0.383083	0.801766
0.0329037	0.00470053	0.491324	1.53883
0.0329037	0.0070508	-0.0596033	2.04488
0.0329037	0.00940107	-0.074268	1.71094
0.0329037	0.0117513	-0.0417825	0.704922
0.0329037	0.0141016	0.052559	-0.68749
0.0329037	0.0164519	0.20183	-2.07094
0.0329037	0.0188021	0.384045	-3.04192
0.0329037	0.0211524	0.56774	-3.30621
0.0329037	0.0235027	0.720272	-2.75617
0.0329037	0.0258529	0.81047	-1.50222
0.0329037	0.0282032	0	0
0.035254	-0.0282032	0	0
0.035254	-0.0258529	0.487327	1.14989
0.035254	-0.0235027	0.422722	2.03714
0.035254	-0.0211524	0.31467	2.31225
0.035254	-0.0188021	0.186778	1.8925
0.035254	-0.0164519	0.0665923	0.897906
0.035254	-0.0141016	-0.021416	-0.383817
0.035254	-0.0117513	-0.0630092	-1.57601
0.035254	-0.00940107	-0.056091	-2.32376
0.035254	-0.0070508	-0.0118526	-2.39433
0.035254	-0.00470053	-0.258248	-1.70453
0.035254	-0.00235027	0.0340851	-0.859774
0.035254	0	0.518149	-0.00745483
0.035254	0.00235027	0.820304	0.913702
0.035254	0.00470053	0.908167	1.75995
0.035254	0.0070508	0.00906377	2.41636
0.035254	0.00940107	-0.03664	2.33447
0.035254	0.0117513	-0.0511754	1.58066
0.035254	0.0141016	-0.018712	0.384659
0.035254	0.0164519	0.060177	-0.899587
0.035254	0.0188021	0.171747	-1.89561
0.035254	0.0211524	0.292607	-2.31559
0.035254	0.0235027	0.39511	-2.04009
0.035254	0.0258529	0.456213	-1.1514
0.035254	0.0282032	0	0
0.0376043	-0.0282032	0	0
0.0376043	-0.0258529	0.218178	0.801812
0.0376043	-0.0235027	0.179645	1.34215
0.0376043	-0.0211524	0.116416	1.35646
0.0376043	-0.0188021	0.046638	0.791132
0.0376043	-0.0164519	-0.00893448	-0.223296
0.0376043	-0.0141016	-0.0345444	-1.4073
0.0376043	-0.0117513	-0.0236324	-2.40955
0.0376043	-0.00940107	0.0195719	-2.91534
0.0376043	-0.0070508	0.0829694	-2.73596
0.0376043	-0.00470053	0.208246	-1.84147
0.0376043	-0.00235027	0.523167	-1.07179
0.0376043	0	0.971004	-0.18037
0.0376043	0.00235027	1.25623	0.920349
0.0376043	0.00470053	1.37202	1.88854
0.0376043	0.0070508	0.134791	2.75786
0.0376043	0.00940107	0.0523619	2.92723
0.0376043	0.0117513	-0.00272079	2.41619
0.0376043	0.0141016	-0.0237761	1.41026
0.0376043	0.0164519	-0.00724794	0.223667
0.0376043	0.0188021	0.0399832	-0.792393
0.0376043	0.0211524	0.10251	-1.35836
0.0376043	0.0235027	0.160403	-1.34377
0.0376043	0.0258529	0.19554	-0.802858
0.0376043	0.0282032	0	0
0.0399545	-0.0282032	0	0
0.0399545	-0.0258529	0.0572601	0.475422
0.0399545	-0.0235027	0.0408778	0.702433
0.0399545	-0.0211524	0.0160506	0.483038
0.0399545	-0.0188021	-0.00362005	-0.211113
0.0399545	-0.0164519	-0.00488654	-1.24129
0.0399545	-0.0141016	0.0204365	-2.33489
0.0399545	-0.0117513	0.0713557	-3.16583
0.0399545	-0.00940107	0.136713	-3.4559
0.0399545	-0.0070508	0.196837	-3.05712
0.0399545	-0.00470053	0.900544	-1.98533
0.0399545	-0.00235027	1.21361	-1.16365
0.0399545	0	1.50146	-0.11945
0.0399545	0.00235027	1.70688	1.00292
0.0399545	0.00470053	1.90119	1.97248
0.0399545	0.0070508	0.256391	3.06212
0.0399545	0.00940107	0.17698	3.46425
0.0399545	0.0117513	0.100034	3.17295
0.0399545	0.0141016	0.0395632	2.33947
0.0399545	0.0164519	0.00513981	1.2432
0.0399545	0.0188021	-0.00174675	0.211375
0.0399545	0.0211524	0.010825	-0.483605
0.0399545	0.0235027	0.0302644	-0.703255
0.0399545	0.0258529	0.043303	-0.475948
0.0399545	0.0282032	0	0
0.0423048	-0.0282032	0	0
0.0423048	-0.0258529	-0.0040508	0.189462
0.0423048	-0.0235027	-0.00222904	0.152216
0.0423048	-0.0211524	0.00471636	-0.263282
0.0423048	-0.0188021	0.0254436	-1.06476
0.0423048	-0.0164519	0.0670244	-2.10609
0.0423048	-0.0141016	0.131168	-3.12282
0.0423048	-0.0117513	0.210428	-3.81113
0.0423048	-0.00940107	0.288674	-3.92371
0.0423048	-0.0070508	0.340087	-3.35382
0.0423048	-0.00470053	1.59608	-2.18405
0.0423048	-0.00235027	1.77404	-1.08992
0.0423048	0	2.01789	0.105301
0.0423048	0.00235027	2.38243	1.14367
0.0423048	0.00470053	2.65905	2.14946
0.0423048	0.0070508	0.380842	3.35209
0.0423048	0.00940107	0.328531	3.93052
0.0423048	0.0117513	0.244481	3.81826
0.0423048	0.0141016	0.157534	3.12825
0.0423048	0.0164519	0.0851282	2.10921
0.0423048	0.0188021	0.0353933	1.06604
0.0423048	0.0211524	0.00766441	0.2636
0.0423048	0.0235027	-0.00462764	-0.152376
0.0423048	0.0258529	-0.00981202	-0.189654
0.0423048	0.0282032	0	0
0.0446551	-0.0282032	0	0
0.0446551	-0.0258529	0.00562554	-0.0383042
0.0446551	-0.0235027	0.0224395	-0.278708
0.0446551	-0.0211524	0.0544765	-0.844621
0.0446551	-0.0188021	0.106609	-1.72697
0.0446551	-0.0164519	0.180813	-2.77592
0.0446551	-0.0141016	0.273097	-3.73392
0.0446551	-0.0117513	0.372281	-4.31259
0.0446551	-0.00940107	0.462129	-4.29039
0.0446551	-0.0070508	0.530669	-3.58663
0.0446551	-0.00470053	1.98008	-2.31551
0.0446551	-0.00235027	2.23996	-1.02825
0.0446551	0	2.64783	0.179481
0.0446551	0.00235027	3.04881	1.25204
0.0446551	0.00470053	3.30422	2.33009
0.0446551	0.0070508	0.55733	3.60091
0.0446551	0.00940107	0.502073	4.30268
0.0446551	0.0117513	0.410717	4.32173
0.0446551	0.0141016	0.305583	3.74012
0.0446551	0.0164519	0.205717	2.77982
0.0446551	0.0188021	0.12349	1.72926
0.0446551	0.0211524	0.0643726	0.845556
0.0446551	0.0235027	0.0270219	0.278994
0.0446551	0.0258529	0.00683594	0.0383439
0.0446551	0.0282032	0	0
0.0470053	-0.0282032	0	0
0.0470053	-0.0258529	0.0479161	-0.193054
0.0470053	-0.0235027	0.07662	-0.56782
0.0470053	-0.0211524	0.12784	-1.23192
0.0470053	-0.0188021	0.203406	-2.16635
0.0470053	-0.0164519	0.301497	-3.21912
0.0470053	-0.0141016	0.414099	-4.13791
0.0470053	-0.0117513	0.525175	-4.646
0.0470053	-0.00940107	0.615581	-4.53777
0.0470053	-0.0070508	0.667332	-3.74181
0.0470053	-0.00470053	2.41066	-2.3721
0.0470053	-0.00235027	2.68037	-1.12979
0.0470053	0	3.1789	0.104151
0.0470053	0.00235027	3.69494	1.33222
0.0470053	0.00470053	4.00743	2.43837
0.0470053	0.0070508	0.714292	3.77446
0.0470053	0.00940107	0.665083	4.55601
0.0470053	0.0117513	0.570731	4.65724
0.0470053	0.0141016	0.45221	4.14458
0.0470053	0.0164519	0.331456	3.22326
0.0470053	0.0188021	0.225468	2.16891
0.0470053	0.0211524	0.142958	1.23322
0.0470053	0.0235027	0.0863011	0.568359
0.0470053	0.0258529	0.0541838	0.193231
0.0470053	0.0282032	0	0
0.0493556	-0.0282032	0	0
0.0493556	-0.0258529	0.0845639	-0.264959
0.0493556	-0.0235027	0.121965	-0.700048
0.0493556	-0.0211524	0.186926	-1.40679
0.0493556	-0.0188021	0.27935	-2.36242
0.0493556	-0.0164519	0.394587	-3.41372
0.0493556	-0.0141016	0.521843	-4.31395
0.0493556	-0.0117513	0.641444	-4.79636
0.0493556	-0.00940107	0.72969	-4.65807
0.0493556	-0.0070508	0.764606	-3.83635
0.0493556	-0.00470053	2.86992	-2.45832
0.0493556	-0.00235027	3.1407	-1.24009
0.0493556	0	3.58751	-0.0805782
0.0493556	0.00235027	4.13444	1.14901
0.0493556	0.00470053	4.54627	2.52114
0.0493556	0.0070508	0.839951	3.86723
0.0493556	0.00940107	0.7917	4.67509
0.0493556	0.0117513	0.69331	4.807
0.0493556	0.0141016	0.564366	4.32079
0.0493556	0.0164519	0.427809	3.41789
0.0493556	0.0188021	0.304214	2.3648
0.0493556	0.0211524	0.204797	1.40809
0.0493556	0.0235027	0.134396	0.700659
0.0493556	0.0258529	0.0935179	0.265187
0.0493556	0.0282032	0	0
0.0517059	-0.0282032	0	0
0.0517059	-0.0258529	0.0894134	-0.250473
0.0517059	-0.0235027	0.131873	-0.670855
0.0517059	-0.0211524	0.204563	-1.36335
0.0517059	-0.0188021	0.307397	-2.30726
0.0517059	-0.0164519	0.435102	-3.3521
0.0517059	-0.0141016	0.573726	-4.25549
0.0517059	-0.0117513	0.701683	-4.75392
0.0517059	-0.00940107	0.792977	-4.64227
0.0517059	-0.0070508	0.822694	-3.85834
0.0517059	-0.00470053	3.22308	-2.52818
0.0517059	-0.00235027	3.54979	-1.19443
0.0517059	0	4.04569	0.00460334
0.0517059	0.00235027	4.35497	1.16068
0.0517059	0.00470053	4.53548	2.52994
0.0517059	0.0070508	0.914697	3.86804
0.0517059	0.00940107	0.860753	4.65182
0.0517059	0.0117513	0.755935	4.76106
0.0517059	0.0141016	0.617577	4.26062
0.0517059	0.0164519	0.46926	3.35551
0.0517059	0.0188021	0.332738	2.30934
0.0517059	0.0211524	0.222418	1.3643
0.0517059	0.0235027	0.144119	0.6713
0.0517059	0.0258529	0.098167	0.250644
0.0517059	0.0282032	0	0
0.0540561	-0.0282032	0	0
0.0540561	-0.0258529	0.0549988	-0.15324
0.0540561	-0.0235027	0.0973183	-0.486813
0.0540561	-0.0211524	0.171238	-1.10958
0.0540561	-0.0188021	0.277953	-2.00896
0.0540561	-0.0164519	0.41213	-3.04087
0.0540561	-0.0141016	0.559152	-3.96576
0.0540561	-0.0117513	0.696746	-4.51778
0.0540561	-0.00940107	0.797442	-4.48605
0.0540561	-0.0070508	0.836317	-3.79351
0.0540561	-0.00470053	3.22489	-2.53757
0.0540561	-0.00235027	3.63274	-1.21068
0.0540561	0	4.25087	0.132687
0.0540561	0.00235027	4.61668	1.36953
0.0540561	0.00470053	4.79747	2.51097
0.0540561	0.0070508	0.901474	3.79016
0.0540561	0.00940107	0.858147	4.48856
0.0540561	0.0117513	0.748464	4.52112
0.0540561	0.0141016	0.600585	3.96854
0.0540561	0.0164519	0.44364	3.04315
0.0540561	0.0188021	0.300671	2.01041
0.0540561	0.0211524	0.186345	1.11034
0.0540561	0.0235027	0.106497	0.487114
0.0540561	0.0258529	0.0605259	0.153313
0.0540561	0.0282032	0	0
0.0564064	-0.0282032	0	0
0.0564064	-0.0258529	-0.00501499	0.0154904
0.0564064	-0.0235027	0.0305089	-0.165811
0.0564064	-0.0211524	0.0972336	-0.667952
0.0564064	-0.0188021	0.198621	-1.49159
0.0564064	-0.0164519	0.33163	-2.50129
0.0564064	-0.0141016	0.483635	-3.46055
0.0564064	-0.0117513	0.630751	-4.0992
0.0564064	-0.00940107	0.742544	-4.19301
0.0564064	-0.0070508	0.785361	-3.64692
0.0564064	-0.00470053	3.28297	-2.52199
0.0564064	-0.00235027	3.61029	-1.27678
0.0564064	0	4.18111	-0.0634405
0.0564064	0.00235027	4.65531	1.31802
0.0564064	0.00470053	4.87915	2.53488
0.0564064	0.0070508	0.843234	3.64764
0.0564064	0.00940107	0.797259	4.19338
0.0564064	0.0117513	0.676927	4.10029
0.0564064	0.0141016	0.51975	3.46198
0.0564064	0.0164519	0.357822	2.50273
0.0564064	0.0188021	0.215795	1.49232
0.0564064	0.0211524	0.106546	0.668349
0.0564064	0.0235027	0.0337581	0.165898
0.0564064	0.0258529	-0.0055977	-0.0154949
0.0564064	0.0282032	0	0
0.0587567	-0.0282032	0	0
0.0587567	-0.0258529	-0.0596814	0.238324
0.0587567	-0.0235027	-0.0392076	0.263763
0.0587567	-0.0211524	0.00915179	-0.0742441
0.0587567	-0.0188021	0.093362	-0.794027
0.0587567	-0.0164519	0.214686	-1.77138
0.0587567	-0.0141016	0.363698	-2.77216
0.0587567	-0.0117513	0.5184	-3.51963
0.0587567	-0.00940107	0.64808	-3.7742
0.0587567	-0.0070508	0.714044	-3.42241
0.0587567	-0.00470053	3.09828	-2.50832
0.0587567	-0.00235027	3.55944	-1.26775
0.0587567	0	4.02536	-0.0785646
0.0587567	0.00235027	4.33059	1.2873
0.0587567	0.00470053	4.57751	2.49487
0.0587567	0.0070508	0.782758	3.41613
0.0587567	0.00940107	0.698661	3.77207
0.0587567	0.0117513	0.557906	3.51996
0.0587567	0.0141016	0.392394	2.77258
0.0587567	0.0164519	0.233423	1.77177
0.0587567	0.0188021	0.102715	0.794234
0.0587567	0.0211524	0.0102194	0.0742759
0.0587567	0.0235027	-0.0445592	-0.263857
0.0587567	0.0258529	-0.0689899	-0.23844
0.0587567	0.0282032	0	0
0.0611069	-0.0282032	0	0
0.0611069	-0.0258529	-0.0683411	0.493162
0.0611069	-0.0235027	-0.0724111	0.765091
0.0611069	-0.0211524	-0.0551452	0.624157
0.0611069	-0.0188021	-0.00289447	0.0313112
0.0611069	-0.0164519	0.0919915	-0.902478
0.0611069	-0.0141016	0.225164	-1.94556
0.0611069	-0.0117513	0.38012	-2.81244
0.0611069	-0.00940107	0.5298	-3.24492
0.0611069	-0.0070508	0.646142	-3.1005
0.0611069	-0.00470053	2.7854	-2.37464
0.0611069	-0.00235027	3.21033	-1.26453
0.0611069	0	3.6476	0.0651366
0.0611069	0.00235027	4.00708	1.24921
0.0611069	0.00470053	4.24468	2.33326
0.0611069	0.0070508	0.684926	3.09015
0.0611069	0.00940107	0.567272	3.24251
0.0611069	0.0117513	0.410552	2.81233
0.0611069	0.0141016	0.245751	1.94579
0.0611069	0.0164519	0.101666	0.902561
0.0611069	0.0188021	-0.00326658	-0.0313258
0.0611069	0.0211524	-0.0642435	-0.62428
0.0611069	0.0235027	-0.0883391	-0.765385
0.0611069	0.0258529	-0.0885487	-0.49348
0.0611069	0.0282032	0	0
0.0634572	-0.0282032	0	0
0.0634572	-0.0258529	0.00903528	0.755487
0.0634572	-0.0235027	-0.0292035	1.29603
0.0634572	-0.0211524	-0.0571691	1.37193
0.0634572	-0.0188021	-0.0537288	0.921586
0.0634572	-0.0164519	-0.00317581	0.0422291
0.0634572	-0.0141016	0.0977291	-1.03793
0.0634572	-0.0117513	0.237532	-2.02466
0.0634572	-0.00940107	0.391281	-2.63896
0.0634572	-0.0070508	0.528773	-2.70157
0.0634572	-0.00470053	2.48882	-2.13444
0.0634572	-0.00235027	2.79809	-1.16362
0.0634572	0	3.19802	0.0759187
0.0634572	0.00235027	3.62191	1.14811
0.0634572	0.00470053	3.78455	2.15432
0.0634572	0.0070508	0.551953	2.70618
0.0634572	0.00940107	0.420097	2.63988
0.0634572	0.0117513	0.259312	2.0248
0.0634572	0.0141016	0.108722	1.03821
0.0634572	0.0164519	-0.00363743	-0.0422338
0.0634572	0.0188021	-0.0649789	-0.921767
0.0634572	0.0211524	-0.0778217	-1.37223
0.0634572	0.0235027	-0.0570145	-1.29653
0.0634572	0.0258529	-0.0234522	-0.755823
0.0634572	0.0282032	0	0
0.0658075	-0.0282032	0	0
0.0658075	-0.0258529	0.201472	1.00157
0.0658075	-0.0235027	0.120561	1.81271
0.0658075	-0.0211524	0.0335695	2.11021
0.0658075	-0.0188021	-0.0287943	1.80959
0.0658075	-0.0164519	-0.0416296	0.993122
0.0658075	-0.0141016	0.00764236	-0.113982
0.0658075	-0.0117513	0.114359	-1.21142
0.0658075	-0.00940107	0.255687	-2.00207
0.0658075	-0.0070508	0.39436	-2.27653
0.0658075	-0.00470053	2.11832	-1.91112
0.0658075	-0.00235027	2.36832	-1.03415
0.0658075	0	2.72958	0.0069543
0.0658075	0.00235027	3.15621	1.01771
0.0658075	0.00470053	3.24493	1.94936
0.0658075	0.0070508	0.437513	2.2846
0.0658075	0.00940107	0.282123	2.00323
0.0658075	0.0117513	0.128006	1.21163
0.0658075	0.0141016	0.00888582	0.114003
0.0658075	0.0164519	-0.052913	-0.99327
0.0658075	0.0188021	-0.0514787	-1.80977
0.0658075	0.0211524	0.00103757	-2.11084
0.0658075	0.0235027	0.0799287	-1.81346
0.0658075	0.0258529	0.155565	-1.00193
0.0658075	0.0282032	0	0
0.0681577	-0.0282032	0	0
0.0681577	-0.0258529	0.515336	1.21079
0.0681577	-0.0235027	0.385833	2.27409
0.0681577	-0.0211524	0.22967	2.78102
0.0681577	-0.0188021	0.0869969	2.62771
0.0681577	-0.0164519	-0.00636043	1.88046
0.0681577	-0.0141016	-0.026993	0.760214
0.0681577	-0.0117513	0.0291919	-0.429327
0.0681577	-0.00940107	0.145057	-1.37651
0.0681577	-0.0070508	0.285307	-1.84937
0.0681577	-0.00470053	1.7169	-1.68911
0.0681577	-0.00235027	1.97715	-0.904883
0.0681577	0	2.29144	-0.0724475
0.0681577	0.00235027	2.62769	0.845171
0.0681577	0.00470053	2.64343	1.66858
0.0681577	0.0070508	0.327289	1.84432
0.0681577	0.00940107	0.164517	1.37535
0.0681577	0.0117513	0.0342118	0.429199
0.0681577	0.0141016	-0.0355128	-0.760186
0.0681577	0.0164519	-0.0282013	-1.88109
0.0681577	0.0188021	0.0531773	-2.62877
0.0681577	0.0211524	0.185493	-2.78239
0.0681577	0.0235027	0.332626	-2.27478
0.0681577	0.0258529	0.456111	-1.21142
0.0681577	0.0282032	0	0
0.070508	-0.0282032	0	0
0.070508	-0.0258529	0.933776	1.36713
0.070508	-0.0235027	0.754243	2.64538
0.070508	-0.0211524	0.522893	3.33573
0.070508	-0.0188021	0.289735	3.31608
0.070508	-0.0164519	0.103641	2.641
0.070508	-0.0141016	-0.00112543	1.52367
0.070508	-0.0117513	-0.0105026	0.268666
0.070508	-0.00940107	0.0657003	-0.80252
0.070508	-0.0070508	0.198217	-1.43801
0.070508	-0.00470053	1.30576	-1.43851
0.070508	-0.00235027	1.6253	-0.771272
0.070508	0	1.92452	-0.0402288
0.070508	0.00235027	2.14944	0.752261
0.070508	0.00470053	2.10879	1.4106
0.070508	0.0070508	0.215103	1.43036
0.070508	0.00940107	0.0752936	0.801224
0.070508	0.0117513	-0.013521	-0.268567
0.070508	0.0141016	-0.0178934	-1.5241
0.070508	0.0164519	0.0726515	-2.64232
0.070508	0.0188021	0.245322	-3.31851
0.070508	0.0211524	0.466175	-3.33791
0.070508	0.0235027	0.688278	-2.64697
0.070508	0.0258529	0.86215	-1.36775
0.070508	0.0282032	0	0
0.0728583	-0.0282032	0	0
0.0728583	-0.0258529	1.41339	1.46185
0.0728583	-0.0235027	1.18603	2.90188
0.0728583	-0.0211524	0.880577	3.73599
0.0728583	-0.0188021	0.556436	3.8287
0.0728583	-0.0164519	0.273297	3.22414
0.0728583	-0.0141016	0.0770369	2.1264
0.0728583	-0.0117513	-0.0073842	0.837393
0.0728583	-0.00940107	0.018106	-0.316977
0.0728583	-0.0070508	0.12749	-1.07036
0.0728583	-0.00470053	0.970318	-1.19148
0.0728583	-0.00235027	1.28458	-0.677428
0.0728583	0	1.56712	0.0164808
0.0728583	0.00235027	1.75819	0.656944
0.0728583	0.00470053	1.68727	1.18829
0.0728583	0.0070508	0.139736	1.06781
0.0728583	0.00940107	0.021615	0.316684
0.0728583	0.0117513	-0.016429	-0.837484
0.0728583	0.0141016	0.0532555	-2.12758
0.0728583	0.0164519	0.233965	-3.22654
0.0728583	0.0188021	0.502719	-3.83194
0.0728583	0.0211524	0.81366	-3.73894
0.0728583	0.0235027	1.10872	-2.9047
0.0728583	0.0258529	1.32976	-1.46318
0.0728583	0.0282032	0	0
0.0752085	-0.0282032	0	0
0.0752085	-0.0258529	1.89608	1.4929
0.0752085	-0.0235027	1.62837	3.03002
0.0752085	-0.0211524	1.25694	3.95799
0.0752085	-0.0188021	0.849048	4.13567
0.0752085	-0.0164519	0.473276	3.59631
0.0752085	-0.0141016	0.188002	2.53466
0.0752085	-0.0117513	0.0282049	1.24572
0.0752085	-0.00940107	-0.00165131	0.0528544
0.0752085	-0.0070508	0.0762469	-0.770827
0.0752085	-0.00470053	0.743854	-0.978062
0.0752085	-0.00235027	1.00476	-0.583122
0.0752085	0	1.28262	0.0201681
0.0752085	0.00235027	1.45431	0.535954
0.0752085	0.00470053	1.32111	0.971085
0.0752085	0.0070508	0.0854443	0.770432
0.0752085	0.00940107	-0.00222605	-0.0528861
0.0752085	0.0117513	0.0146878	-1.24673
0.0752085	0.0141016	0.159073	-2.53707
0.0752085	0.0164519	0.427628	-3.60093
0.0752085	0.0188021	0.787033	-4.1412
0.0752085	0.0211524	1.18119	-3.96284
0.0752085	0.0235027	1.54171	-3.03407
0.0752085	0.0258529	1.802	-1.49528
0.0752085	0.0282032	0	0
0.0775588	-0.0282032	0	0
0.0775588	-0.0258529	2.32111	1.46344
0.0775588	-0.0235027	2.02344	3.02807
0.0775588	-0.0211524	1.5997	3.99551
0.0775588	-0.0188021	1.12221	4.22579
0.0775588	-0.0164519	0.668595	3.74407
0.0775588	-0.0141016	0.307042	2.73309
0.0775588	-0.0117513	0.0799726	1.47868
0.0775588	-0.00940107	-0.00165665	0.29363
0.0775588	-0.0070508	0.0439219	-0.551507
0.0775588	-0.00470053	0.571595	-0.800002
0.0775588	-0.00235027	0.801906	-0.477479
0.0775588	0	1.07892	0.0113246
0.0775588	0.00235027	1.2303	0.502098
0.0775588	0.00470053	1.06308	0.816877
0.0775588	0.0070508	0.0475809	0.554203
0.0775588	0.00940107	-0.00487139	-0.294345
0.0775588	0.0117513	0.0630578	-1.48182
0.0775588	0.0141016	0.274457	-2.73859
0.0775588	0.0164519	0.618528	-3.75095
0.0775588	0.0188021	1.05393	-4.23403
0.0775588	0.0211524	1.5167	-4.00379
0.0775588	0.0235027	1.92888	-3.03443
0.0775588	0.0258529	2.21853	-1.46668
0.0775588	0.0282032	0	0
0.0799091	-0.0282032	0	0
0.0799091	-0.0258529	2.62486	1.38214
0.0799091	-0.0235027	2.31254	2.90525
0.0799091	-0.0211524	1.85554	3.8577
0.0799091	-0.0188021	1.33064	4.10677
0.0799091	-0.0164519	0.823415	3.6728
0.0799091	-0.0141016	0.406207	2.72718
0.0799091	-0.0117513	0.128359	1.53914
0.0799091	-0.00940107	0.00736902	0.406155
0.0799091	-0.0070508	0.0233798	-0.415109
0.0799091	-0.00470053	0.456207	-0.683472
0.0799091	-0.00235027	0.672581	-0.410117
0.0799091	0	0.905167	0.0202124
0.0799091	0.00235027	1.05515	0.472766
0.0799091	0.00470053	0.929109	0.686399
0.0799091	0.0070508	0.0344727	0.416074
0.0799091	0.00940107	0.00162325	-0.407337
0.0799091	0.0117513	0.109206	-1.5443
0.0799091	0.0141016	0.370344	-2.73613
0.0799091	0.0164519	0.769433	-3.68381
0.0799091	0.0188021	1.2592	-4.11824
0.0799091	0.0211524	1.76769	-3.86889
0.0799091	0.0235027	2.21155	-2.91348
0.0799091	0.0258529	2.51608	-1.38656
0.0799091	0.0282032	0	0
0.0822593	-0.0282032	0	0
0.0822593	-0.0258529	2.7642	1.26103
0.0822593	-0.0235027	2.45248	2.67864
0.0822593	-0.0211524	1.98484	3.56744
0.0822593	-0.0188021	1.44063	3.80354
0.0822593	-0.0164519	0.907565	3.40875
0.0822593	-0.0141016	0.462289	2.53957
0.0822593	-0.0117513	0.157651	1.44535
0.0822593	-0.00940107	0.0141392	0.402966
0.0822593	-0.0070508	0.0198395	-0.350866
0.0822593	-0.00470053	0.377756	-0.603269
0.0822593	-0.00235027	0.56966	-0.346923
0.0822593	0	0.794652	0.0439292
0.0822593	0.00235027	0.989436	0.391614
0.0822593	0.00470053	0.900854	0.581538
0.0822593	0.0070508	0.0223663	0.350152
0.0822593	0.00940107	0.0098088	-0.404628
0.0822593	0.0117513	0.139835	-1.45239
0.0822593	0.0141016	0.426682	-2.55156
0.0822593	0.0164519	0.852018	-3.42416
0.0822593	0.0188021	1.3662	-3.81994
0.0822593	0.0211524	1.89385	-3.58098
0.0822593	0.0235027	2.34816	-2.68889
0.0822593	0.0258529	2.65174	-1.2664
0.0822593	0.0282032	0	0
0.0846096	-0.0282032	0	0
0.0846096	-0.0258529	2.71795	1.11223
0.0846096	-0.0235027	2.41994	2.37213
0.0846096	-0.0211524	1.96562	3.15721
0.0846096	-0.0188021	1.432	3.356
0.0846096	-0.0164519	0.905697	2.99171
0.0846096	-0.0141016	0.464059	2.2057
0.0846096	-0.0117513	0.159765	1.22731
0.0846096	-0.00940107	0.0146011	0.306685
0.0846096	-0.0070508	0.0200237	-0.342083
0.0846096	-0.00470053	0.324011	-0.529729
0.0846096	-0.00235027	0.51503	-0.288198
0.0846096	0	0.786562	0.0288053
0.0846096	0.00235027	0.995107	0.344983
0.0846096	0.00470053	0.898454	0.533223
0.0846096	0.0070508	0.0193202	0.345703
0.0846096	0.00940107	0.0118272	-0.309747
0.0846096	0.0117513	0.143441	-1.23768
0.0846096	0.0141016	0.429476	-2.22159
0.0846096	0.0164519	0.851151	-3.01025
0.0846096	0.0188021	1.3571	-3.37541
0.0846096	0.0211524	1.87294	-3.17356
0.0846096	0.0235027	2.31468	-2.38475
0.0846096	0.0258529	2.6045	-1.11833
0.0846096	0.0282032	0	0
0.0869599	-0.0282032	0	0
0.0869599	-0.0258529	2.49344	0.946874
0.0869599	-0.0235027	2.22176	2.01328
0.0869599	-0.0211524	1.80174	2.66559
0.0869599	-0.0188021	1.30682	2.80978
0.0869599	-0.0164519	0.81906	2.46906
0.0869599	-0.0141016	0.411848	1.77261
0.0869599	-0.0117513	0.134695	0.925199
0.0869599	-0.00940107	0.0082103	0.148133
0.0869599	-0.0070508	0.0239179	-0.370778
0.0869599	-0.00470053	0.326969	-0.466188
0.0869599	-0.00235027	0.543585	-0.270946
0.0869599	0	0.819183	-0.016874
0.0869599	0.00235027	1.03385	0.282327
0.0869599	0.00470053	0.980961	0.499029
0.0869599	0.0070508	0.024029	0.382329
0.0869599	0.00940107	0.00642908	-0.150951
0.0869599	0.0117513	0.119541	-0.937759
0.0869599	0.0141016	0.37823	-1.79114
0.0869599	0.0164519	0.765474	-2.48962
0.0869599	0.0188021	1.23367	-2.82966
0.0869599	0.0211524	1.71163	-2.68335
0.0869599	0.0235027	2.1188	-2.02635
0.0869599	0.0258529	2.38221	-0.953463
0.0869599	0.0282032	0	0
0.0893101	-0.0282032	0	0
0.0893101	-0.0258529	2.12429	0.774217
0.0893101	-0.0235027	1.88928	1.62864
0.0893101	-0.0211524	1.52145	2.13317
0.0893101	-0.0188021	1.08788	2.2121
0.0893101	-0.0164519	0.663963	1.89279
0.0893101	-0.0141016	0.316139	1.28998
0.0893101	-0.0117513	0.0889262	0.581898
0.0893101	-0.00940107	-0.00234029	-0.0403193
0.0893101	-0.0070508	0.0249663	-0.421196
0.0893101	-0.00470053	0.432566	-0.435792
0.0893101	-0.00235027	0.665432	-0.261919
0.0893101	0	0.947716	-0.00926063
0.0893101	0.00235027	1.11853	0.23773
0.0893101	0.00470053	1.05184	0.481774
0.0893101	0.0070508	0.0343269	0.44176
0.0893101	0.00940107	-0.00147098	0.0414673
0.0893101	0.0117513	0.0757221	-0.592866
0.0893101	0.0141016	0.284757	-1.3076
0.0893101	0.0164519	0.613464	-1.91313
0.0893101	0.0188021	1.01949	-2.23168
0.0893101	0.0211524	1.43713	-2.15
0.0893101	0.0235027	1.7925	-1.64158
0.0893101	0.0258529	2.02001	-0.780823
0.0893101	0.0282032	0	0
0.0916604	-0.0282032	0	0
0.0916604	-0.0258529	1.66621	0.603804
0.0916604	-0.0235027	1.47212	1.24288
0.0916604	-0.0211524	1.16724	1.59713
0.0916604	-0.0188021	0.810742	1.6104
0.0916604	-0.0164519	0.468328	1.31203
0.0916604	-0.0141016	0.197702	0.8032
0.0916604	-0.0117513	0.0349366	0.236289
0.0916604	-0.00940107	-0.0100554	-0.230624
0.0916604	-0.0070508	0.0466532	-0.475451
0.0916604	-0.00470053	0.560486	-0.419239
0.0916604	-0.00235027	0.791888	-0.233119
0.0916604	0	1.10067	0.00953236
0.0916604	0.00235027	1.28143	0.260323
0.0916604	0.00470053	1.21679	0.476729
0.0916604	0.0070508	0.0631155	0.506427
0.0916604	0.00940107	-0.00228655	0.239153
0.0916604	0.0117513	0.0273885	-0.241872
0.0916604	0.0141016	0.172414	-0.816702
0.0916604	0.0164519	0.424941	-1.32934
0.0916604	0.0188021	0.750204	-1.62805
0.0916604	0.0211524	1.09289	-1.61213
0.0916604	0.0235027	1.38654	-1.25414
0.0916604	0.0258529	1.57276	-0.609713
0.0916604	0.0282032	0	0
0.0940107	-0.0282032	0	0
0.0940107	-0.0258529	1.18047	0.441147
0.0940107	-0.0235027	1.02908	0.876577
0.0940107	-0.0211524	0.791963	1.09065
0.0940107	-0.0188021	0.519695	1.04469
0.0940107	-0.0164519	0.267407	0.768359
0.0940107	-0.0141016	0.081791	0.351385
0.0940107	-0.0117513	-0.0102493	-0.0799958
0.0940107	-0.00940107	-0.00536668	-0.399511
0.0940107	-0.0070508	0.0775084	-0.513919
0.0940107	-0.00470053	0.74723	-0.372366
0.0940107	-0.00235027	0.997461	-0.167127
0.0940107	0	1.30948	0.0314832
0.0940107	0.00235027	1.48582	0.242109
0.0940107	0.00470053	1.45576	0.460701
0.0940107	0.0070508	0.114627	0.557195
0.0940107	0.00940107	0.0159474	0.416863
0.0940107	0.0117513	-0.00669677	0.0821698
0.0940107	0.0141016	0.0674637	-0.358161
0.0940107	0.0164519	0.235954	-0.7798
0.0940107	0.0188021	0.472252	-1.0576
0.0940107	0.0211524	0.731206	-1.10229
0.0940107	0.0235027	0.958278	-0.884826
0.0940107	0.0258529	1.10296	-0.445699
0.0940107	0.0282032	0	0
0.096361	-0.0282032	0	0
0.096361	-0.0258529	0.725033	0.290114
0.096361	-0.0235027	0.614457	0.546594
0.096361	-0.0211524	0.444795	0.639502
0.096361	-0.0188021	0.256695	0.54471
0.096361	-0.0164519	0.0941886	0.293768
0.096361	-0.0141016	-0.00738328	-0.0366348
0.096361	-0.0117513	-0.0310497	-0.34412
0.096361	-0.00940107	0.0194187	-0.532183
0.096361	-0.0070508	0.12072	-0.533736
0.096361	-0.00470053	0.941366	-0.318766
0.096361	-0.00235027	1.23005	-0.0976774
0.096361	0	1.61779	0.0696851
0.096361	0.00235027	1.77539	0.228914
0.096361	0.00470053	1.72519	0.395686
0.096361	0.0070508	0.194225	0.576199
0.096361	0.00940107	0.0616868	0.554691
0.096361	0.0117513	-0.0106117	0.353574
0.096361	0.0141016	-0.00548741	0.0373614
0.096361	0.0164519	0.0793275	-0.298304
0.096361	0.0188021	0.226832	-0.551566
0.096361	0.0211524	0.402581	-0.646597
0.096361	0.0235027	0.563075	-0.552017
0.096361	0.0258529	0.667767	-0.293331
0.096361	0.0282032	0	0
0.0987112	-0.0282032	0	0
0.0987112	-0.0258529	0.348557	0.155373
0.0987112	-0.0235027	0.274609	0.264986
0.0987112	-0.0211524	0.166338	0.260406
0.0987112	-0.0188021	0.0555133	0.131187
0.0987112	-0.0164519	-0.0250354	-0.0915966
0.0987112	-0.0141016	-0.051508	-0.343251
0.0987112	-0.0117513	-0.0162465	-0.543346
0.0987112	-0.00940107	0.0690865	-0.622914
0.0987112	-0.0070508	0.171992	-0.542312
0.0987112	-0.00470053	1.17825	-0.306471
0.0987112	-0.00235027	1.51339	-0.172884
0.0987112	0	1.95979	0.0307016
0.0987112	0.00235027	2.15348	0.247669
0.0987112	0.00470053	2.16501	0.313831
0.0987112	0.0070508	0.266294	0.566235
0.0987112	0.00940107	0.130865	0.643999
0.0987112	0.0117513	0.0237263	0.556954
0.0987112	0.0141016	-0.0297794	0.349796
0.0987112	0.0164519	-0.0194323	0.0929648
0.0987112	0.0188021	0.0469401	-0.132842
0.0987112	0.0211524	0.146113	-0.263309
0.0987112	0.0235027	0.245794	-0.267716
0.0987112	0.0258529	0.314289	-0.156918
0.0987112	0.0282032	0	0
0.101061	-0.0282032	0	0
0.101061	-0.0258529	0.0778587	0.0404021
0.101061	-0.0235027	0.0353064	0.0386477
0.101061	-0.0211524	-0.0201288	-0.0362399
0.101061	-0.0188021	-0.06505	-0.184845
0.101061	-0.0164519	-0.0770786	-0.37771
0.101061	-0.0141016	-0.0421273	-0.56062
0.101061	-0.0117513	0.0393315	-0.672829
0.101061	-0.00940107	0.152904	-0.667738
0.101061	-0.0070508	0.276823	-0.527752
0.101061	-0.00470053	1.59843	-0.285089
0.101061	-0.00235027	1.82551	-0.244342
0.101061	0	2.18434	-0.0250744
0.101061	0.00235027	2.51163	0.173402
0.101061	0.00470053	2.68203	0.265611
0.101061	0.0070508	0.354301	0.543165
0.101061	0.00940107	0.224635	0.687449
0.101061	0.0117513	0.0972705	0.688391
0.101061	0.0141016	0.000342431	0.57067
0.101061	0.0164519	-0.0495613	0.383052
0.101061	0.0188021	-0.050808	0.18703
0.101061	0.0211524	-0.0168367	0.0366205
0.101061	0.0235027	0.0304445	-0.0390246
0.101061	0.0258529	0.0679616	-0.0407428
0.101061	0.0282032	0	0
0.103412	-0.0282032	0	0
0.103412	-0.0258529	-0.0810525	-0.051484
0.103412	-0.0235027	-0.0978513	-0.128702
0.103412	-0.0211524	-0.110587	-0.247421
0.103412	-0.0188021	-0.103372	-0.401587
0.103412	-0.0164519	-0.0627081	-0.563783
0.103412	-0.0141016	0.0168043	-0.68977
0.103412	-0.0117513	0.128422	-0.734506
0.103412	-0.00940107	0.254373	-0.667323
0.103412	-0.0070508	0.373348	-0.479578
0.103412	-0.00470053	2.02715	-0.190611
0.103412	-0.00235027	2.17135	-0.113134
0.103412	0	2.50025	0.0558727
0.103412	0.00235027	2.85768	0.144556
0.103412	0.00470053	3.06294	0.249136
0.103412	0.0070508	0.447218	0.513296
0.103412	0.00940107	0.337984	0.690935
0.103412	0.0117513	0.203916	0.751235
0.103412	0.0141016	0.0792035	0.701029
0.103412	0.0164519	-0.013748	0.571018
0.103412	0.0188021	-0.0668619	0.405685
0.103412	0.0211524	-0.08444	0.249707
0.103412	0.0235027	-0.0792525	0.129726
0.103412	0.0258529	-0.0671582	0.0518854
0.103412	0.0282032	0	0
0.105762	-0.0282032	0	0
0.105762	-0.0258529	-0.14257	-0.117239
0.105762	-0.0235027	-0.139053	-0.237305
0.105762	-0.0211524	-0.119612	-0.376163
0.105762	-0.0188021	-0.0743779	-0.523811
0.105762	-0.0164519	0.00284107	-0.656814
0.105762	-0.0141016	0.110272	-0.738718
0.105762	-0.0117513	0.235822	-0.737208
0.105762	-0.00940107	0.356551	-0.635168
0.105762	-0.0070508	0.440095	-0.433279
0.105762	-0.00470053	2.32776	-0.160908
0.105762	-0.00235027	2.42595	-0.0477135
0.105762	0	2.7944	0.054871
0.105762	0.00235027	3.22526	0.14718
0.105762	0.00470053	3.47706	0.229803
0.105762	0.0070508	0.56698	0.470988
0.105762	0.00940107	0.464281	0.658103
0.105762	0.0117513	0.330104	0.752102
0.105762	0.0141016	0.190964	0.748676
0.105762	0.0164519	0.0705003	0.663301
0.105762	0.0188021	-0.0183892	0.528048
0.105762	0.0211524	-0.0733321	0.3788
0.105762	0.0235027	-0.0997543	0.238672
0.105762	0.0258529	-0.107645	0.117922
0.105762	0.0282032	0	0
0.108112	-0.0282032	0	0
0.108112	-0.0258529	-0.135727	-0.155349
0.108112	-0.0235027	-0.116907	-0.290526
0.108112	-0.0211524	-0.0746775	-0.429982
0.108112	-0.0188021	-0.00422787	-0.562598
0.108112	-0.0164519	0.0951298	-0.668995
0.108112	-0.0141016	0.217221	-0.719465
0.108112	-0.0117513	0.345751	-0.692711
0.108112	-0.00940107	0.458019	-0.579778
0.108112	-0.0070508	0.53157	-0.389318
0.108112	-0.00470053	2.5705	-0.158523
0.108112	-0.00235027	2.67793	-0.0899508
0.108112	0	3.03119	-0.075133
0.108112	0.00235027	3.43539	0.106839
0.108112	0.00470053	3.73568	0.192207
0.108112	0.0070508	0.662257	0.411506
0.108112	0.00940107	0.579498	0.593199
0.108112	0.0117513	0.453681	0.701016
0.108112	0.0141016	0.311696	0.725119
0.108112	0.0164519	0.177103	0.672463
0.108112	0.0188021	0.0665945	0.565139
0.108112	0.0211524	-0.0127932	0.431514
0.108112	0.0235027	-0.0616537	0.291385
0.108112	0.0258529	-0.0845818	0.155786
0.108112	0.0282032	0	0
0.110463	-0.0282032	0	0
0.110463	-0.0258529	-0.0951802	-0.166421
0.110463	-0.0235027	-0.0650921	-0.294722
0.110463	-0.0211524	-0.00834981	-0.420373
0.110463	-0.0188021	0.0763043	-0.533268
0.110463	-0.0164519	0.186609	-0.615888
0.110463	-0.0141016	0.312951	-0.646842
0.110463	-0.0117513	0.437095	-0.611929
0.110463	-0.00940107	0.535984	-0.505668
0.110463	-0.0070508	0.584528	-0.339431
0.110463	-0.00470053	2.7781	-0.14586
0.110463	-0.00235027	2.88186	-0.0757165
0.110463	0	3.12735	-0.030287
0.110463	0.00235027	3.49908	0.0878086
0.110463	0.00470053	3.9113	0.153248
0.110463	0.0070508	0.738746	0.340352
0.110463	0.00940107	0.667261	0.504524
0.110463	0.0117513	0.552379	0.610278
0.110463	0.0141016	0.414515	0.645419
0.110463	0.0164519	0.276204	0.614818
0.110463	0.0188021	0.155715	0.532536
0.110463	0.0211524	0.0627808	0.41986
0.110463	0.0235027	2.10786E-05	0.294447
0.110463	0.0258529	-0.0338079	0.166234
0.110463	0.0282032	0	0
0.112813	-0.0282032	0	0
0.112813	-0.0258529	-0.0506377	-0.152802
0.112813	-0.0235027	-0.0137781	-0.260007
0.112813	-0.0211524	0.0498777	-0.362627
0.112813	-0.0188021	0.140677	-0.452473
0.112813	-0.0164519	0.253582	-0.515851
0.112813	-0.0141016	0.376809	-0.53676
0.112813	-0.0117513	0.493259	-0.505636
0.112813	-0.00940107	0.581485	-0.419235
0.112813	-0.0070508	0.622442	-0.287605
0.112813	-0.00470053	2.78496	-0.139329
0.112813	-0.00235027	2.87444	-0.0164009
0.112813	0	3.15563	0.0239502
0.112813	0.00235027	3.52999	-0.00662839
0.112813	0.00470053	3.91276	0.0972686
0.112813	0.0070508	0.75927	0.262727
0.112813	0.00940107	0.706159	0.402091
0.112813	0.0117513	0.605297	0.493134
0.112813	0.0141016	0.477181	0.527934
0.112813	0.0164519	0.343444	0.509502
0.112813	0.0188021	0.22148	0.448124
0.112813	0.0211524	0.123431	0.35975
0.112813	0.0235027	0.0542093	0.258238
0.112813	0.0258529	0.0139174	0.152053
0.112813	0.0282032	0	0
0.115163	-0.0282032	0	0
0.115163	-0.0258529	-0.0228233	-0.120518
0.115163	-0.0235027	0.0164562	-0.199044
0.115163	-0.0211524	0.0810819	-0.274065
0.115163	-0.0188021	0.170265	-0.340094
0.115163	-0.0164519	0.278847	-0.387863
0.115163	-0.0141016	0.395394	-0.405593
0.115163	-0.0117513	0.502619	-0.385781
0.115163	-0.00940107	0.580013	-0.326601
0.115163	-0.0070508	0.609226	-0.232117
0.115163	-0.00470053	2.61985	-0.115629
0.115163	-0.00235027	2.77352	-0.0668633
0.115163	0	3.13223	-0.0390809
0.115163	0.00235027	3.41476	-0.0206864
0.115163	0.00470053	3.68344	0.0685508
0.115163	0.0070508	0.724387	0.195291
0.115163	0.00940107	0.689169	0.298704
0.115163	0.0117513	0.603074	0.365144
0.115163	0.0141016	0.486771	0.390899
0.115163	0.0164519	0.361598	0.377369
0.115163	0.0188021	0.245401	0.332753
0.115163	0.0211524	0.149785	0.269478
0.115163	0.0235027	0.0803475	0.196085
0.115163	0.0258529	0.0380811	0.119259
0.115163	0.0282032	0	0
0.117513	-0.0282032	0	0
0.117513	-0.0258529	-0.0176688	-0.0785027
0.117513	-0.0235027	0.0192342	-0.126237
0.117513	-0.0211524	0.0785902	-0.173718
0.117513	-0.0188021	0.159608	-0.21784
0.117513	-0.0164519	0.258111	-0.251693
0.117513	-0.0141016	0.364952	-0.269273
0.117513	-0.0117513	0.463187	-0.264965
0.117513	-0.00940107	0.53295	-0.235958
0.117513	-0.0070508	0.555708	-0.183173
0.117513	-0.00470053	2.49964	-0.109675
0.117513	-0.00235027	2.59025	-0.165029
0.117513	0	2.85353	-0.128264
0.117513	0.00235027	3.11805	0.00886194
0.117513	0.00470053	3.38006	0.0635748
0.117513	0.0070508	0.651318	0.140519
0.117513	0.00940107	0.622634	0.202811
0.117513	0.0117513	0.546415	0.240415
0.117513	0.0141016	0.44137	0.2518
0.117513	0.0164519	0.327725	0.239362
0.117513	0.0188021	0.222834	0.209175
0.117513	0.0211524	0.136508	0.16823
0.117513	0.0235027	0.0730473	0.122794
0.117513	0.0258529	0.0334427	0.0770214
0.117513	0.0282032	0	0
0.119864	-0.0282032	0	0
0.119864	-0.0258529	-0.0262598	-0.0371675
0.119864	-0.0235027	0.00286221	-0.0581203
0.119864	-0.0211524	0.0497993	-0.0816576
0.119864	-0.0188021	0.116275	-0.105959
0.119864	-0.0164519	0.200032	-0.127613
0.119864	-0.0141016	0.293557	-0.144374
0.119864	-0.0117513	0.38306	-0.153447
0.119864	-0.00940107	0.450426	-0.151993
0.119864	-0.0070508	0.472996	-0.1429
0.119864	-0.00470053	2.28419	-0.137037
0.119864	-0.00235027	2.33187	-0.132335
0.119864	0	2.44811	-0.0823348
0.119864	0.00235027	2.65485	0.00190301
0.119864	0.00470053	2.92187	0.0592175
0.119864	0.0070508	0.548414	0.094377
0.119864	0.00940107	0.517278	0.118718
0.119864	0.0117513	0.445441	0.129829
0.119864	0.0141016	0.35119	0.127836
0.119864	0.0164519	0.252566	0.115986
0.119864	0.0188021	0.163553	0.0981456
0.119864	0.0211524	0.0923964	0.0765099
0.119864	0.0235027	0.0417349	0.0550914
0.119864	0.0258529	0.0103461	0.0358131
0.119864	0.0282032	0	0
0.122214	-0.0282032	0	0
0.122214	-0.0258529	-0.0292722	-0.00755856
0.122214	-0.0235027	-0.0135397	-0.0110006
0.122214	-0.0211524	0.014348	-0.0167513
0.122214	-0.0188021	0.0587964	-0.024521
0.122214	-0.0164519	0.121027	-0.0345326
0.122214	-0.0141016	0.196594	-0.0470109
0.122214	-0.0117513	0.276226	-0.0609407
0.122214	-0.00940107	0.34666	-0.0756589
0.122214	-0.0070508	0.396155	-0.0919194
0.122214	-0.00470053	1.82306	-0.115291
0.122214	-0.00235027	1.87657	-0.0748433
0.122214	0	2.00423	0.00811156
0.122214	0.00235027	2.18672	0.00216207
0.122214	0.00470053	2.36271	0.0607637
0.122214	0.0070508	0.423548	0.0571049
0.122214	0.00940107	0.386497	0.0508267
0.122214	0.0117513	0.317065	0.0431238
0.122214	0.0141016	0.234495	0.0344357
0.122214	0.0164519	0.154637	0.0259123
0.122214	0.0188021	0.0877737	0.0190459
0.122214	0.0211524	0.039038	0.013351
0.122214	0.0235027	0.00768489	0.00913787
0.122214	0.0258529	-0.0101418	0.00662842
0.122214	0.0282032	0	0
0.124564	-0.0282032	0	0
0.124564	-0.0258529	-0.0012582	0.000152098
0.124564	-0.0235027	-0.00456829	0.00157927
0.124564	-0.0211524	-0.00244867	0.00453316
0.124564	-0.0188021	0.0123544	0.00816017
0.124564	-0.0164519	0.0448221	0.0102609
0.124564	-0.0141016	0.0954248	0.00788688
0.124564	-0.0117513	0.158309	-0.000823602
0.124564	-0.00940107	0.222826	-0.0168642
0.124564	-0.0070508	0.276539	-0.0388776
0.124564	-0.00470053	1.35985	-0.0609653
0.124564	-0.00235027	1.39907	-0.0241238
0.124564	0	1.51651	-0.0173968
0.124564	0.00235027	1.66335	0.00378126
0.124564	0.00470053	1.73208	0.0526025
0.124564	0.0070508	0.298868	0.0245566
0.124564	0.00940107	0.248075	0.00326156
0.124564	0.0117513	0.181824	-0.00953851
0.124564	0.0141016	0.115078	-0.0148943
0.124564	0.0164519	0.0597183	-0.0144407
0.124564	0.0188021	0.0224848	-0.0102865
0.124564	0.0211524	0.00344662	-0.00542767
0.124564	0.0235027	-0.00200494	-0.00182801
0.124564	0.0258529	-0.000803609	-0.000175488
0.124564	0.0282032	0	0
0.126914	-0.0282032	0	0
0.126914	-0.0258529	0.0789973	-0.0210353
0.126914	-0.0235027	0.0523982	-0.0303424
0.126914	-0.0211524	0.0224487	-0.0301223
0.126914	-0.0188021	0.000172342	-0.0210909
0.126914	-0.0164519	-0.00488916	-0.00675903
0.126914	-0.0141016	0.0123416	0.00731188
0.126914	-0.0117513	0.050648	0.0146704
0.126914	-0.00940107	0.102405	0.0109361
0.126914	-0.0070508	0.156622	-0.00499566
0.126914	-0.00470053	0.848265	-0.0269136
0.126914	-0.00235027	0.950953	0.0219424
0.126914	0	1.04086	0.0140054
0.126914	0.00235027	1.10282	0.0155638
0.126914	0.00470053	1.11208	0.033331
0.126914	0.0070508	0.172916	-0.000624368
0.126914	0.00940107	0.115699	-0.0171321
0.126914	0.0117513	0.059005	-0.0183818
0.126914	0.0141016	0.0153567	-0.00845376
0.126914	0.0164519	-0.0073256	0.00748834
0.126914	0.0188021	-0.00745939	0.0228402
0.126914	0.0211524	0.0102571	0.0320612
0.126914	0.0235027	0.0367524	0.0319495
0.126914	0.0258529	0.0611841	0.0219212
0.126914	0.0282032	0	0
0.129265	-0.0282032	0	0
0.129265	-0.0258529	0.222338	-0.073836
0.129265	-0.0235027	0.170119	-0.110794
0.129265	-0.0211524	0.104121	-0.12621
0.129265	-0.0188021	0.0389763	-0.118773
0.129265	-0.0164519	-0.0106241	-0.0930393
0.129265	-0.0141016	-0.0344319	-0.0566988
0.129265	-0.0117513	-0.0287056	-0.0217275
0.129265	-0.00940107	0.00277206	0.000996585
0.129265	-0.0070508	0.0489639	0.00473156
0.129265	-0.00470053	0.388692	-0.00937213
0.129265	-0.00235027	0.496628	0.00659888
0.129265	0	0.582713	0.0226503
0.129265	0.00235027	0.615913	0.00419697
0.129265	0.00470053	0.550603	0.00430873
0.129265	0.0070508	0.0587696	-0.00878325
0.129265	0.00940107	0.00322769	-0.00123889
0.129265	0.0117513	-0.0343452	0.0245388
0.129265	0.0141016	-0.045987	0.0614164
0.129265	0.0164519	-0.0281286	0.0985793
0.129265	0.0188021	0.0158731	0.124316
0.129265	0.0211524	0.0759733	0.130728
0.129265	0.0235027	0.138089	0.114106
0.129265	0.0258529	0.187957	0.0755661
0.129265	0.0282032	0	0
0.131615	-0.0282032	0	0
0.131615	-0.0258529	0.42512	-0.155814
0.131615	-0.0235027	0.34716	-0.236808
0.131615	-0.0211524	0.243774	-0.280937
0.131615	-0.0188021	0.133453	-0.283543
0.131615	-0.0164519	0.0350157	-0.248165
0.131615	-0.0141016	-0.0359465	-0.185299
0.131615	-0.0117513	-0.0699	-0.11244
0.131615	-0.00940107	-0.0658214	-0.0483993
0.131615	-0.0070508	-0.0311932	-0.00801355
0.131615	-0.00470053	0.0377618	-0.00112348
0.131615	-0.00235027	0.12859	-0.00592778
0.131615	0	0.167101	-0.00382161
0.131615	0.00235027	0.167795	-0.0036372
0.131615	0.00470053	0.0553483	-0.00148615
0.131615	0.0070508	-0.0357847	0.0134269
0.131615	0.00940107	-0.0755897	0.0570026
0.131615	0.0117513	-0.0854413	0.12214
0.131615	0.0141016	-0.0581647	0.195103
0.131615	0.0164519	0.00586113	0.257462
0.131615	0.0188021	0.0979947	0.291821
0.131615	0.0211524	0.202564	0.287562
0.131615	0.0235027	0.301473	0.241461
0.131615	0.0258529	0.376857	0.158159
0.131615	0.0282032	0	0
0.133965	-0.0282032	0	0
0.133965	-0.0258529	0.668311	-0.258548
0.133965	-0.0235027	0.567973	-0.398672
0.133965	-0.0211524	0.429327	-0.483322
0.133965	-0.0188021	0.274881	-0.503948
0.133965	-0.0164519	0.127227	-0.46303
0.133965	-0.0141016	0.00638224	-0.372688
0.133965	-0.0117513	-0.0725647	-0.25517
0.133965	-0.00940107	-0.104183	-0.138654
0.133965	-0.0070508	-0.0918404	-0.0459795
0.133965	-0.00470053	-0.241434	0.00307148
0.133965	-0.00235027	-0.158493	0.00879879
0.133965	0	-0.167221	0.0102205
0.133965	0.00235027	-0.205282	0.00832489
0.133965	0.00470053	-0.351703	0.0126967
0.133965	0.0070508	-0.0904179	0.0610064
0.133965	0.00940107	-0.112721	0.152999
0.133965	0.0117513	-0.0913322	0.268572
0.133965	0.0141016	-0.0220033	0.38485
0.133965	0.0164519	0.0901705	0.474011
0.133965	0.0188021	0.23022	0.513327
0.133965	0.0211524	0.378173	0.490997
0.133965	0.0235027	0.511984	0.403854
0.133965	0.0258529	0.609358	0.26111
0.133965	0.0282032	0	0
0.136315	-0.0282032	0	0
0.136315	-0.0258529	0.919243	-0.369652
0.136315	-0.0235027	0.802468	-0.57891
0.136315	-0.0211524	0.63603	-0.714086
0.136315	-0.0188021	0.443125	-0.760196
0.136315	-0.0164519	0.250642	-0.71947
0.136315	-0.0141016	0.0827781	-0.604077
0.136315	-0.0117513	-0.0415901	-0.441293
0.136315	-0.00940107	-0.112781	-0.268845
0.136315	-0.0070508	-0.131778	-0.1192
0.136315	-0.00470053	-0.443638	-0.0245697
0.136315	-0.00235027	-0.370514	-0.00694737
0.136315	0	-0.408635	0.0102465
0.136315	0.00235027	-0.470395	0.013668
0.136315	0.00470053	-0.632652	0.0234869
0.136315	0.0070508	-0.120658	0.124754
0.136315	0.00940107	-0.118767	0.278274
0.136315	0.0117513	-0.0615842	0.452021
0.136315	0.0141016	0.0508265	0.614749
0.136315	0.0164519	0.20829	0.729385
0.136315	0.0188021	0.392118	0.768783
0.136315	0.0211524	0.577966	0.721104
0.136315	0.0235027	0.739473	0.583768
0.136315	0.0258529	0.853107	0.372121
0.136315	0.0282032	0	0
0.138666	-0.0282032	0	0
0.138666	-0.0258529	1.1405	-0.474717
0.138666	-0.0235027	1.01462	-0.755459
0.138666	-0.0211524	0.829964	-0.94626
0.138666	-0.0188021	0.609853	-1.02431
0.138666	-0.0164519	0.383109	-0.989821
0.138666	-0.0141016	0.177342	-0.855257
0.138666	-0.0117513	0.0142822	-0.652829
0.138666	-0.00940107	-0.09127	-0.426403
0.138666	-0.0070508	-0.134054	-0.21859
0.138666	-0.00470053	-0.539553	-0.0764579
0.138666	-0.00235027	-0.498644	-0.0437194
0.138666	0	-0.565637	-0.0168622
0.138666	0.00235027	-0.645117	0.00855583
0.138666	0.00470053	-0.824438	0.0515188
0.138666	0.0070508	-0.141748	0.210391
0.138666	0.00940107	-0.106386	0.427035
0.138666	0.0117513	-0.0110305	0.657646
0.138666	0.0141016	0.141173	0.862034
0.138666	0.0164519	0.336751	0.996837
0.138666	0.0188021	0.554705	1.03085
0.138666	0.0211524	0.76785	0.951583
0.138666	0.0235027	0.947511	0.759321
0.138666	0.0258529	1.07013	0.476846
0.138666	0.0282032	0	0
0.141016	-0.0282032	0	0
0.141016	-0.0258529	1.29226	-0.55789
0.141016	-0.0235027	1.16672	-0.904851
0.141016	-0.0211524	0.975984	-1.14865
0.141016	-0.0188021	0.743888	-1.26188
0.141016	-0.0164519	0.498424	-1.24015
0.141016	-0.0141016	0.268401	-1.0961
0.141016	-0.0117513	0.0781118	-0.863538
0.141016	-0.00940107	-0.0552219	-0.590732
0.141016	-0.0070508	-0.123462	-0.3267
0.141016	-0.00470053	-0.564955	-0.130952
0.141016	-0.00235027	-0.543093	-0.0819843
0.141016	0	-0.641494	-0.0183286
0.141016	0.00235027	-0.751212	0.0353993
0.141016	0.00470053	-0.93455	0.121356
0.141016	0.0070508	-0.148032	0.32079
0.141016	0.00940107	-0.0801927	0.588405
0.141016	0.0117513	0.046761	0.86422
0.141016	0.0141016	0.228286	1.09879
0.141016	0.0164519	0.4495	1.2439
0.141016	0.0188021	0.686885	1.26576
0.141016	0.0211524	0.912431	1.15197
0.141016	0.0235027	1.09854	0.907444
0.141016	0.0258529	1.22125	0.559283
0.141016	0.0282032	0	0
0.143366	-0.0282032	0	0
0.143366	-0.0258529	1.34324	-0.60471
0.143366	-0.0235027	1.22729	-1.0026
0.143366	-0.0211524	1.04471	-1.28996
0.143366	-0.0188021	0.817591	-1.43642
0.143366	-0.0164519	0.572038	-1.4342
0.143366	-0.0141016	0.335217	-1.29256
0.143366	-0.0117513	0.132395	-1.04478
0.143366	-0.00940107	-0.0171079	-0.740754
0.143366	-0.0070508	-0.102262	-0.433138
0.143366	-0.00470053	-0.499658	-0.190512
0.143366	-0.00235027	-0.550926	-0.097168
0.143366	0	-0.685235	-0.000166146
0.143366	0.00235027	-0.794217	0.0741779
0.143366	0.00470053	-0.987223	0.204157
0.143366	0.0070508	-0.123956	0.433853
0.143366	0.00940107	-0.0435014	0.738182
0.143366	0.0117513	0.0985616	1.04278
0.143366	0.0141016	0.293191	1.29209
0.143366	0.0164519	0.522236	1.43493
0.143366	0.0188021	0.76103	1.43791
0.143366	0.0211524	0.982591	1.29134
0.143366	0.0235027	1.16103	1.00396
0.143366	0.0258529	1.27453	0.605442
0.143366	0.0282032	0	0
0.145717	-0.0282032	0	0
0.145717	-0.0258529	1.278	-0.604966
0.145717	-0.0235027	1.17976	-1.02736
0.145717	-0.0211524	1.01903	-1.34116
0.145717	-0.0188021	0.813457	-1.51487
0.145717	-0.0164519	0.586579	-1.53595
0.145717	-0.0141016	0.363094	-1.41081
0.145717	-0.0117513	0.164984	-1.1688
0.145717	-0.00940107	0.010592	-0.856246
0.145717	-0.0070508	-0.0881924	-0.526242
0.145717	-0.00470053	-0.472523	-0.25048
0.145717	-0.00235027	-0.524177	-0.0864673
0.145717	0	-0.65691	-0.011354
0.145717	0.00235027	-0.790611	0.0766948
0.145717	0.00470053	-0.988955	0.247071
0.145717	0.0070508	-0.0949805	0.519412
0.145717	0.00940107	-0.0128334	0.849442
0.145717	0.0117513	0.13111	1.16373
0.145717	0.0141016	0.321415	1.40766
0.145717	0.0164519	0.538505	1.53433
0.145717	0.0188021	0.760076	1.51446
0.145717	0.0211524	0.961102	1.34125
0.145717	0.0235027	1.11854	1.0277
0.145717	0.0258529	1.2151	0.605268
0.145717	0.0282032	0	0
0.148067	-0.0282032	0	0
0.148067	-0.0258529	1.09914	-0.553473
0.148067	-0.0235027	1.02438	-0.964407
0.148067	-0.0211524	0.896453	-1.27976
0.148067	-0.0188021	0.728868	-1.46917
0.148067	-0.0164519	0.539059	-1.51554
0.148067	-0.0141016	0.34679	-1.42143
0.148067	-0.0117513	0.170498	-1.20958
0.148067	-0.00940107	0.0263577	-0.917827
0.148067	-0.0070508	-0.0743415	-0.595692
0.148067	-0.00470053	-0.450536	-0.31667
0.148067	-0.00235027	-0.469204	-0.134201
0.148067	0	-0.571698	-0.0372537
0.148067	0.00235027	-0.750655	0.0914705
0.148067	0.00470053	-0.97068	0.283166
0.148067	0.0070508	-0.09443	0.57785
0.148067	0.00940107	-0.0019348	0.906708
0.148067	0.0117513	0.135836	1.20244
0.148067	0.0141016	0.30691	1.41689
0.148067	0.0164519	0.494844	1.51276
0.148067	0.0188021	0.681177	1.46768
0.148067	0.0211524	0.845906	1.27929
0.148067	0.0235027	0.97152	0.964181
0.148067	0.0258529	1.04526	0.553292
0.148067	0.0282032	0	0
0.150417	-0.0282032	0	0
0.150417	-0.0258529	0.82913	-0.449179
0.150417	-0.0235027	0.781064	-0.806932
0.150417	-0.0211524	0.693721	-1.09291
0.150417	-0.0188021	0.575318	-1.28114
0.150417	-0.0164519	0.43636	-1.35273
0.150417	-0.0141016	0.290285	-1.30378
0.150417	-0.0117513	0.151059	-1.14642
0.150417	-0.00940107	0.0318254	-0.906215
0.150417	-0.0070508	-0.0569089	-0.623354
0.150417	-0.00470053	-0.38942	-0.365905
0.150417	-0.00235027	-0.40659	-0.176677
0.150417	0	-0.517919	0.00808294
0.150417	0.00235027	-0.708281	0.174376
0.150417	0.00470053	-0.897134	0.344237
0.150417	0.0070508	-0.0915643	0.61013
0.150417	0.00940107	-0.000653998	0.897197
0.150417	0.0117513	0.117464	1.14038
0.150417	0.0141016	0.254805	1.29981
0.150417	0.0164519	0.399061	1.35033
0.150417	0.0188021	0.536309	1.27969
0.150417	0.0211524	0.653495	1.09254
0.150417	0.0235027	0.74	0.806695
0.150417	0.0258529	0.787401	0.449032
0.150417	0.0282032	0	0
0.152767	-0.0282032	0	0
0.152767	-0.0258529	0.502779	-0.297523
0.152767	-0.0235027	0.482237	-0.556397
0.152767	-0.0211524	0.439449	-0.778754
0.152767	-0.0188021	0.376044	-0.946021
0.152767	-0.0164519	0.296036	-1.04019
0.152767	-0.0141016	0.205435	-1.04896
0.152767	-0.0117513	0.112325	-0.969278
0.152767	-0.00940107	0.0269989	-0.810041
0.152767	-0.0070508	-0.0402676	-0.595388
0.152767	-0.00470053	-0.34554	-0.375616
0.152767	-0.00235027	-0.403482	-0.179477
0.152767	0	-0.502214	0.0335774
0.152767	0.00235027	-0.619419	0.220124
0.152767	0.00470053	-0.750972	0.380133
0.152767	0.0070508	-0.0708085	0.592384
0.152767	0.00940107	-0.000999965	0.805744
0.152767	0.0117513	0.0848081	0.965707
0.152767	0.0141016	0.177946	1.04652
0.152767	0.0164519	0.268703	1.03873
0.152767	0.0188021	0.348786	0.945291
0.152767	0.0211524	0.412426	0.778383
0.152767	0.0235027	0.455582	0.556322
0.152767	0.0258529	0.476203	0.297543
0.152767	0.0282032	0	0
0.155118	-0.0282032	0	0
0.155118	-0.0258529	0.164445	-0.108464
0.155118	-0.0235027	0.169193	-0.222513
0.155118	-0.0211524	0.169932	-0.346456
0.155118	-0.0188021	0.162298	-0.473029
0.155118	-0.0164519	0.142597	-0.585553
0.155118	-0.0141016	0.109354	-0.662091
0.155118	-0.0117513	0.0645403	-0.681775
0.155118	-0.00940107	0.0141135	-0.63144
0.155118	-0.0070508	-0.0330114	-0.513033
0.155118	-0.00470053	-0.303724	-0.34821
0.155118	-0.00235027	-0.368566	-0.162378
0.155118	0	-0.470884	-0.019669
0.155118	0.00235027	-0.556864	0.160364
0.155118	0.00470053	-0.624419	0.353212
0.155118	0.0070508	-0.0491779	0.511481
0.155118	0.00940107	-0.00457718	0.629118
0.155118	0.0117513	0.046392	0.680067
0.155118	0.0141016	0.0928162	0.661151
0.155118	0.0164519	0.127912	0.585158
0.155118	0.0188021	0.149413	0.472952
0.155118	0.0211524	0.158604	0.346336
0.155118	0.0235027	0.159043	0.222497
0.155118	0.0258529	0.155055	0.108444
0.155118	0.0282032	0	0
0.157468	-0.0282032	0	0
0.157468	-0.0258529	-0.141361	0.106339
0.157468	-0.0235027	-0.115271	0.176977
0.157468	-0.0211524	-0.0757175	0.182419
0.157468	-0.0188021	-0.0329795	0.114909
0.157468	-0.0164519	0.00225613	-0.0112577
0.157468	-0.0141016	0.0215259	-0.163472
0.157468	-0.0117513	0.0208876	-0.300502
0.157468	-0.00940107	0.0018208	-0.38349
0.157468	-0.0070508	-0.0298162	-0.388139
0.157468	-0.00470053	-0.269095	-0.3054
0.157468	-0.00235027	-0.303367	-0.152792
0.157468	0	-0.381483	-0.0210594
0.157468	0.00235027	-0.501005	0.135987
0.157468	0.00470053	-0.55539	0.292609
0.157468	0.0070508	-0.0413308	0.383441
0.157468	0.00940107	-0.00931667	0.381824
0.157468	0.0117513	0.0130752	0.300023
0.157468	0.0141016	0.0175652	0.163407
0.157468	0.0164519	0.00198507	0.0112568
0.157468	0.0188021	-0.0300294	-0.114967
0.157468	0.0211524	-0.0701131	-0.182513
0.157468	0.0235027	-0.107599	-0.177064
0.157468	0.0258529	-0.132382	-0.106393
0.157468	0.0282032	0	0
0.159818	-0.0282032	0	0
0.159818	-0.0258529	-0.376912	0.333298
0.159818	-0.0235027	-0.334611	0.618709
0.159818	-0.0211524	-0.26399	0.777129
0.159818	-0.0188021	-0.18064	0.783153
0.159818	-0.0164519	-0.101233	0.647437
0.159818	-0.0141016	-0.040088	0.414334
0.159818	-0.0117513	-0.00625103	0.147489
0.159818	-0.00940107	-0.00125633	-0.0858851
0.159818	-0.0070508	-0.019824	-0.231837
0.159818	-0.00470053	-0.21457	-0.246549
0.159818	-0.00235027	-0.2639	-0.142447
0.159818	0	-0.333934	0.0109909
0.159818	0.00235027	-0.414995	0.153267
0.159818	0.00470053	-0.409587	0.236911
0.159818	0.0070508	-0.0313559	0.229524
0.159818	0.00940107	-0.00411283	0.0856994
0.159818	0.0117513	-0.00234203	-0.147522
0.159818	0.0141016	-0.030345	-0.414712
0.159818	0.0164519	-0.0863616	-0.648077
0.159818	0.0188021	-0.16145	-0.784042
0.159818	0.0211524	-0.241424	-0.778064
0.159818	0.0235027	-0.309116	-0.619466
0.159818	0.0258529	-0.349623	-0.333735
0.159818	0.0282032	0	0
0.162168	-0.0282032	0	0
0.162168	-0.0258529	-0.518374	0.559214
0.162168	-0.0235027	-0.465035	1.07597
0.162168	-0.0211524	-0.372758	1.40061
0.162168	-0.0188021	-0.261304	1.48807
0.162168	-0.0164519	-0.152051	1.34522
0.162168	-0.0141016	-0.0637133	1.02897
0.162168	-0.0117513	-0.00910995	0.625969
0.162168	-0.00940107	0.00841182	0.234337
0.162168	-0.0070508	-0.00598368	-0.0603747
0.162168	-0.00470053	-0.156036	-0.175812
0.162168	-0.00235027	-0.232407	-0.124142
0.162168	0	-0.294594	0.00495532
0.162168	0.00235027	-0.330958	0.119248
0.162168	0.00470053	-0.272426	0.17515
0.162168	0.0070508	-0.00901534	0.060503
0.162168	0.00940107	0.016331	-0.235087
0.162168	0.0117513	0.00713242	-0.627907
0.162168	0.0141016	-0.040729	-1.0317
0.162168	0.0164519	-0.122951	-1.34836
0.162168	0.0188021	-0.227009	-1.49085
0.162168	0.0211524	-0.334469	-1.40313
0.162168	0.0235027	-0.423113	-1.07789
0.162168	0.0258529	-0.474254	-0.560051
0.162168	0.0282032	0	0
0.164519	-0.0282032	0	0
0.164519	-0.0258529	-0.55959	0.772364
0.164519	-0.0235027	-0.499561	1.52053
0.164519	-0.0211524	-0.395736	2.01193
0.164519	-0.0188021	-0.269372	2.1812
0.164519	-0.0164519	-0.145458	2.03089
0.164519	-0.0141016	-0.0461665	1.63192
0.164519	-0.0117513	0.0143588	1.09365
0.164519	-0.00940107	0.0315914	0.545075
0.164519	-0.0070508	0.0117712	0.104438
0.164519	-0.00470053	-0.0940277	-0.106617
0.164519	-0.00235027	-0.190119	-0.0950819
0.164519	0	-0.248779	-0.00203589
0.164519	0.00235027	-0.271701	0.0864858
0.164519	0.00470053	-0.174447	0.109735
0.164519	0.0070508	0.0171413	-0.106076
0.164519	0.00940107	0.0489367	-0.550247
0.164519	0.0117513	0.0405074	-1.10044
0.164519	0.0141016	-0.0125125	-1.63932
0.164519	0.0164519	-0.105077	-2.03804
0.164519	0.0188021	-0.222913	-2.18709
0.164519	0.0211524	-0.344265	-2.0168
0.164519	0.0235027	-0.444026	-1.52401
0.164519	0.0258529	-0.50126	-0.773785
0.164519	0.0282032	0	0
0.166869	-0.0282032	0	0
0.166869	-0.0258529	-0.512662	0.962123
0.166869	-0.0235027	-0.449488	1.92558
0.166869	-0.0211524	-0.342159	2.5707
0.166869	-0.0188021	-0.213135	2.81366
0.166869	-0.0164519	-0.0886825	2.65387
0.166869	-0.0141016	0.00696762	2.1745
0.166869	-0.0117513	0.0598824	1.5087
0.166869	-0.00940107	0.0661517	0.814617
0.166869	-0.0070508	0.032944	0.241158
0.166869	-0.00470053	-0.0513221	-0.0541099
0.166869	-0.00235027	-0.162036	-0.0716441
0.166869	0	-0.213149	0.0052418
0.166869	0.00235027	-0.228843	0.0856163
0.166869	0.00470053	-0.0933019	0.0578399
0.166869	0.0070508	0.041966	-0.247812
0.166869	0.00940107	0.0868462	-0.826242
0.166869	0.0117513	0.0902571	-1.52165
0.166869	0.0141016	0.046073	-2.18686
0.166869	0.0164519	-0.0417764	-2.66484
0.166869	0.0188021	-0.158757	-2.82277
0.166869	0.0211524	-0.281555	-2.57789
0.166869	0.0235027	-0.384098	-1.93051
0.166869	0.0258529	-0.443623	-0.964567
0.166869	0.0282032	0	0
0.169219	-0.0282032	0	0
0.169219	-0.0258529	-0.401708	1.12007
0.169219	-0.0235027	-0.338023	2.26659
0.169219	-0.0211524	-0.233315	3.03989
0.169219	-0.0188021	-0.111967	3.34026
0.169219	-0.0164519	0.000998334	3.16636
0.169219	-0.0141016	0.082471	2.61232
0.169219	-0.0117513	0.117508	1.83331
0.169219	-0.00940107	0.104186	1.01484
0.169219	-0.0070508	0.0516406	0.332192
0.169219	-0.00470053	-0.0278068	-0.0276334
0.169219	-0.00235027	-0.159363	-0.0671299
0.169219	0	-0.218459	0.00560941
0.169219	0.00235027	-0.218093	0.0848859
0.169219	0.00470053	-0.0461938	0.0291967
0.169219	0.0070508	0.057592	-0.341647
0.169219	0.00940107	0.121558	-1.03032
0.169219	0.0117513	0.145962	-1.85009
0.169219	0.0141016	0.12151	-2.62774
0.169219	0.0164519	0.0502906	-3.18
0.169219	0.0188021	-0.0532796	-3.35131
0.169219	0.0211524	-0.167464	-3.04824
0.169219	0.0235027	-0.266646	-2.27262
0.169219	0.0258529	-0.326292	-1.12333
0.169219	0.0282032	0	0
0.171569	-0.0282032	0	0
0.171569	-0.0258529	-0.257738	1.24047
0.171569	-0.0235027	-0.194805	2.52374
0.171569	-0.0211524	-0.0977944	3.38808
0.171569	-0.0188021	0.0100766	3.72295
0.171569	-0.0164519	0.103809	3.52761
0.171569	-0.0141016	0.162485	2.90732
0.171569	-0.0117513	0.174101	2.03599
0.171569	-0.00940107	0.137639	1.12231
0.171569	-0.0070508	0.0634365	0.362601
0.171569	-0.00470053	-0.0352922	-0.0330808
0.171569	-0.00235027	-0.186411	-0.0677233
0.171569	0	-0.257392	0.00487301
0.171569	0.00235027	-0.250321	0.0815789
0.171569	0.00470053	-0.0553433	0.0350199
0.171569	0.0070508	0.068726	-0.372239
0.171569	0.00940107	0.150323	-1.13799
0.171569	0.0117513	0.197683	-2.05293
0.171569	0.0141016	0.198284	-2.92338
0.171569	0.0164519	0.151412	-3.54153
0.171569	0.0188021	0.068364	-3.73408
0.171569	0.0211524	-0.0304825	-3.39621
0.171569	0.0235027	-0.120618	-2.52961
0.171569	0.0258529	-0.179328	-1.24359
0.171569	0.0282032	0	0
0.17392	-0.0282032	0	0
0.17392	-0.0258529	-0.113109	1.31835
0.17392	-0.0235027	-0.0516807	2.6804
0.17392	-0.0211524	0.0350785	3.59108
0.17392	-0.0188021	0.125744	3.93406
0.17392	-0.0164519	0.196985	3.70861
0.17392	-0.0141016	0.22976	3.03233
0.17392	-0.0117513	0.215898	2.09504
0.17392	-0.00940107	0.157284	1.12227
0.17392	-0.0070508	0.0646322	0.324985
0.17392	-0.00470053	-0.0890281	-0.0752293
0.17392	-0.00235027	-0.252257	-0.0899084
0.17392	0	-0.324057	0.00238223
0.17392	0.00235027	-0.336949	0.0925741
0.17392	0.00470053	-0.133524	0.079722
0.17392	0.0070508	0.0627841	-0.331527
0.17392	0.00940107	0.162118	-1.13356
0.17392	0.0117513	0.232819	-2.10772
0.17392	0.0141016	0.260106	-3.04449
0.17392	0.0164519	0.240389	-3.71956
0.17392	0.0188021	0.181294	-3.94326
0.17392	0.0211524	0.101071	-3.59823
0.17392	0.0235027	0.0218249	-2.68531
0.17392	0.0258529	-0.0349536	-1.32102
0.17392	0.0282032	0	0
0.17627	-0.0282032	0	0
0.17627	-0.0258529	0.00505798	1.34887
0.17627	-0.0235027	0.0639257	2.72693
0.17627	-0.0211524	0.139896	3.63437
0.17627	-0.0188021	0.211812	3.95491
0.17627	-0.0164519	0.259279	3.69191
0.17627	-0.0141016	0.267538	2.97124
0.17627	-0.0117513	0.23029	1.99751
0.17627	-0.00940107	0.151897	1.00658
0.17627	-0.0070508	0.0453154	0.214782
0.17627	-0.00470053	-0.185345	-0.161413
0.17627	-0.00235027	-0.356546	-0.147106
0.17627	0	-0.439599	0.000702816
0.17627	0.00235027	-0.48295	0.133606
0.17627	0.00470053	-0.291908	0.159529
0.17627	0.0070508	0.0423737	-0.215145
0.17627	0.00940107	0.153369	-1.00958
0.17627	0.0117513	0.242892	-2.0029
0.17627	0.0141016	0.293737	-2.9776
0.17627	0.0164519	0.299114	-3.69877
0.17627	0.0188021	0.263778	-3.96147
0.17627	0.0211524	0.202328	-3.63956
0.17627	0.0235027	0.134338	-2.73076
0.17627	0.0258529	0.0802642	-1.3509
0.17627	0.0282032	0	0
0.17862	-0.0282032	0	0
0.17862	-0.0258529	0.0776848	1.32857
0.17862	-0.0235027	0.133552	2.65913
0.17862	-0.0211524	0.198819	3.51307
0.17862	-0.0188021	0.252819	3.77995
0.17862	-0.0164519	0.279143	3.4714
0.17862	-0.0141016	0.266375	2.71975
0.17862	-0.0117513	0.209884	1.73944
0.17862	-0.00940107	0.117595	0.771226
0.17862	-0.0070508	0.00570939	0.0284551
0.17862	-0.00470053	-0.328147	-0.284264
0.17862	-0.00235027	-0.51336	-0.212656
0.17862	0	-0.613662	-0.00817176
0.17862	0.00235027	-0.671462	0.188227
0.17862	0.00470053	-0.506487	0.274866
0.17862	0.0070508	0.0058852	-0.0282106
0.17862	0.00940107	0.12201	-0.769535
0.17862	0.0117513	0.222657	-1.73939
0.17862	0.0141016	0.290363	-2.72163
0.17862	0.0164519	0.315308	-3.47412
0.17862	0.0188021	0.300268	-3.78317
0.17862	0.0211524	0.256259	-3.51628
0.17862	0.0235027	0.198984	-2.66156
0.17862	0.0258529	0.147581	-1.33005
0.17862	0.0282032	0	0
0.180971	-0.0282032	0	0
0.180971	-0.0258529	0.102802	1.25757
0.180971	-0.0235027	0.154623	2.47776
0.180971	-0.0211524	0.208129	3.23201
0.180971	-0.0188021	0.247871	3.41754
0.180971	-0.0164519	0.258024	3.05592
0.180971	-0.0141016	0.228849	2.28786
0.180971	-0.0117513	0.161031	1.33069
0.180971	-0.00940107	0.064099	0.424579
0.180971	-0.0070508	-0.0448901	-0.22537
0.180971	-0.00470053	-0.490586	-0.431983
0.180971	-0.00235027	-0.674736	-0.297516
0.180971	0	-0.804975	-0.0331565
0.180971	0.00235027	-0.916824	0.253978
0.180971	0.00470053	-0.800552	0.421664
0.180971	0.0070508	-0.0464502	0.223116
0.180971	0.00940107	0.0675904	-0.422815
0.180971	0.0117513	0.172607	-1.32844
0.180971	0.0141016	0.250085	-2.28648
0.180971	0.0164519	0.289682	-3.05554
0.180971	0.0188021	0.290283	-3.41779
0.180971	0.0211524	0.259906	-3.23306
0.180971	0.0235027	0.213284	-2.47861
0.180971	0.0258529	0.165501	-1.25825
0.180971	0.0282032	0	0
0.183321	-0.0282032	0	0
0.183321	-0.0258529	0.0870629	1.13614
0.183321	-0.0235027	0.133454	2.19184
0.183321	-0.0211524	0.177526	2.80639
0.183321	-0.0188021	0.205153	2.88773
0.183321	-0.0164519	0.202989	2.4689
0.183321	-0.0141016	0.164118	1.69738
0.183321	-0.0117513	0.0919654	0.791337
0.183321	-0.00940107	-0.0022695	-0.0157553
0.183321	-0.0070508	-0.100622	-0.534436
0.183321	-0.00470053	-0.63852	-0.613572
0.183321	-0.00235027	-0.83972	-0.357936
0.183321	0	-1.04219	-0.028916
0.183321	0.00235027	-1.18573	0.337946
0.183321	0.00470053	-1.09718	0.594994
0.183321	0.0070508	-0.109815	0.529193
0.183321	0.00940107	-0.00245374	0.015689
0.183321	0.0117513	0.0999679	-0.789495
0.183321	0.0141016	0.181142	-1.69509
0.183321	0.0164519	0.229304	-2.46719
0.183321	0.0188021	0.241025	-2.88677
0.183321	0.0211524	0.221845	-2.80577
0.183321	0.0235027	0.184047	-2.19188
0.183321	0.0258529	0.141574	-1.13638
0.183321	0.0282032	0	0
0.185671	-0.0282032	0	0
0.185671	-0.0258529	0.0461552	0.967619
0.185671	-0.0235027	0.0861303	1.81782
0.185671	-0.0211524	0.121904	2.26039
0.185671	-0.0188021	0.139626	2.22014
0.185671	-0.0164519	0.129363	1.74271
0.185671	-0.0141016	0.0868739	0.980301
0.185671	-0.0117513	0.0160065	0.149509
0.185671	-0.00940107	-0.069872	-0.527315
0.185671	-0.0070508	-0.14986	-0.880273
0.185671	-0.00470053	-0.858388	-0.788685
0.185671	-0.00235027	-1.00546	-0.393169
0.185671	0	-1.21036	0.0601513
0.185671	0.00235027	-1.44765	0.463712
0.185671	0.00470053	-1.43641	0.795381
0.185671	0.0070508	-0.169188	0.877399
0.185671	0.00940107	-0.0768486	0.525529
0.185671	0.0117513	0.0176413	-0.149147
0.185671	0.0141016	0.0971888	-0.97874
0.185671	0.0164519	0.148596	-1.741
0.185671	0.0188021	0.167398	-2.21884
0.185671	0.0211524	0.157424	-2.25953
0.185671	0.0235027	0.127602	-1.81772
0.185671	0.0258529	0.0907138	-0.967593
0.185671	0.0282032	0	0
0.188021	-0.0282032	0	0
0.188021	-0.0258529	0.00177362	0.760276
0.188021	-0.0235027	0.0340685	1.37701
0.188021	-0.0211524	0.061287	1.62716
0.188021	-0.0188021	0.0718545	1.45493
0.188021	-0.0164519	0.0567609	0.919193
0.188021	-0.0141016	0.0134614	0.176487
0.188021	-0.0117513	-0.0529742	-0.560431
0.188021	-0.00940107	-0.130113	-1.08477
0.188021	-0.0070508	-0.204463	-1.25114
0.188021	-0.00470053	-1.01551	-0.980009
0.188021	-0.00235027	-1.19946	-0.49851
0.188021	0	-1.40054	0.0716251
0.188021	0.00235027	-1.59261	0.558317
0.188021	0.00470053	-1.63607	0.982614
0.188021	0.0070508	-0.213506	1.2453
0.188021	0.00940107	-0.142342	1.0806
0.188021	0.0117513	-0.0592424	0.558947
0.188021	0.0141016	0.0154087	-0.176185
0.188021	0.0164519	0.06723	-0.918131
0.188021	0.0188021	0.0903415	-1.45384
0.188021	0.0211524	0.0868831	-1.62654
0.188021	0.0235027	0.0649054	-1.37647
0.188021	0.0258529	0.0354564	-0.759944
0.188021	0.0282032	0	0
0.190372	-0.0282032	0	0
0.190372	-0.0258529	-0.0285315	0.526144
0.190372	-0.0235027	-0.00409785	0.895993
0.190372	-0.0211524	0.0154872	0.945953
0.190372	-0.0188021	0.020222	0.638696
0.190372	-0.0164519	0.00213014	0.0464725
0.190372	-0.0141016	-0.0405628	-0.669
0.190372	-0.0117513	-0.101987	-1.30156
0.190372	-0.00940107	-0.169492	-1.66222
0.190372	-0.0070508	-0.225159	-1.63383
0.190372	-0.00470053	-1.11788	-1.19201
0.190372	-0.00235027	-1.27481	-0.630109
0.190372	0	-1.48444	0.00655776
0.190372	0.00235027	-1.74292	0.610675
0.190372	0.00470053	-1.86615	1.14675
0.190372	0.0070508	-0.250026	1.61441
0.190372	0.00940107	-0.192098	1.65341
0.190372	0.0117513	-0.117939	1.29788
0.190372	0.0141016	-0.0483194	0.667893
0.190372	0.0164519	0.00267435	-0.0464216
0.190372	0.0188021	0.0285235	-0.638319
0.190372	0.0211524	0.030274	-0.945556
0.190372	0.0235027	0.0155366	-0.895583
0.190372	0.0258529	-0.00581286	-0.525976
0.190372	0.0282032	0	0
0.192722	-0.0282032	0	0
0.192722	-0.0258529	-0.0327156	0.281029
0.192722	-0.0235027	-0.0155164	0.407573
0.192722	-0.0211524	-0.00201447	0.260603
0.192722	-0.0188021	-0.00203469	-0.17794
0.192722	-0.0164519	-0.0224012	-0.823044
0.192722	-0.0141016	-0.0644555	-1.5087
0.192722	-0.0117513	-0.122071	-2.035
0.192722	-0.00940107	-0.183014	-2.23058
0.192722	-0.0070508	-0.230299	-2.00312
0.192722	-0.00470053	-1.08336	-1.36618
0.192722	-0.00235027	-1.29918	-0.758976
0.192722	0	-1.55437	-0.0264817
0.192722	0.00235027	-1.76261	0.712703
0.192722	0.00470053	-1.89474	1.32019
0.192722	0.0070508	-0.280671	1.9803
0.192722	0.00940107	-0.221115	2.21963
0.192722	0.0117513	-0.149981	2.03013
0.192722	0.0141016	-0.0830608	1.50685
0.192722	0.0164519	-0.0324138	0.822589
0.192722	0.0188021	-0.00434529	0.177905
0.192722	0.0211524	0.00200899	-0.26055
0.192722	0.0235027	-0.00668585	-0.407505
0.192722	0.0258529	-0.0209708	-0.280969
0.192722	0.0282032	0	0
0.195072	-0.0282032	0	0
0.195072	-0.0258529	-0.00797879	0.0441339
0.195072	-0.0235027	0.00390229	-0.0532705
0.195072	-0.0211524	0.0128677	-0.381967
0.195072	-0.0188021	0.00989803	-0.941737
0.195072	-0.0164519	-0.0117622	-1.6362
0.195072	-0.0141016	-0.0537431	-2.29465
0.195072	-0.0117513	-0.110314	-2.72201
0.195072	-0.00940107	-0.169854	-2.76434
0.195072	-0.0070508	-0.218154	-2.35157
0.195072	-0.00470053	-0.894873	-1.53329
0.195072	-0.00235027	-1.15927	-0.79842
0.195072	0	-1.5327	-0.0474584
0.195072	0.00235027	-1.76302	0.770535
0.195072	0.00470053	-1.87873	1.51414
0.195072	0.0070508	-0.289047	2.33741
0.195072	0.00940107	-0.22337	2.75709
0.195072	0.0117513	-0.150741	2.71917
0.195072	0.0141016	-0.0834116	2.29388
0.195072	0.0164519	-0.0319483	1.63612
0.195072	0.0188021	-0.00228254	0.94169
0.195072	0.0211524	0.00707469	0.381999
0.195072	0.0235027	0.00278126	0.0532735
0.195072	0.0258529	-0.00619374	-0.0441244
0.195072	0.0282032	0	0
0.197422	-0.0282032	0	0
0.197422	-0.0258529	0.0398539	-0.163793
0.197422	-0.0235027	0.0490077	-0.451496
0.197422	-0.0211524	0.0563477	-0.935761
0.197422	-0.0188021	0.0524173	-1.60124
0.197422	-0.0164519	0.0305828	-2.34164
0.197422	-0.0141016	-0.0111011	-2.98058
0.197422	-0.0117513	-0.0685491	-3.32647
0.197422	-0.00940107	-0.131356	-3.23987
0.197422	-0.0070508	-0.189738	-2.67276
0.197422	-0.00470053	-0.745234	-1.71729
0.197422	-0.00235027	-0.985352	-0.818644
0.197422	0	-1.36592	-0.0384909
0.197422	0.00235027	-1.63265	0.775861
0.197422	0.00470053	-1.7709	1.7007
0.197422	0.0070508	-0.267362	2.66893
0.197422	0.00940107	-0.196317	3.241
0.197422	0.0117513	-0.119257	3.32913
0.197422	0.0141016	-0.0495846	2.98267
0.197422	0.0164519	0.00234528	2.34292
0.197422	0.0188021	0.0321263	1.60196
0.197422	0.0211524	0.0423176	0.936082
0.197422	0.0235027	0.039765	0.451672
0.197422	0.0258529	0.0334644	0.163843
0.197422	0.0282032	0	0
0.199773	-0.0282032	0	0
0.199773	-0.0258529	0.0972675	-0.32298
0.199773	-0.0235027	0.106954	-0.753832
0.199773	-0.0211524	0.115764	-1.35785
0.199773	-0.0188021	0.114053	-2.10923
0.199773	-0.0164519	0.0941033	-2.89194
0.199773	-0.0141016	0.0533539	-3.52425
0.199773	-0.0117513	-0.00442983	-3.81551
0.199773	-0.00940107	-0.0686537	-3.63196
0.199773	-0.0070508	-0.122698	-2.94432
0.199773	-0.00470053	-0.546769	-1.8836
0.199773	-0.00235027	-0.717785	-0.972386
0.199773	0	-1.05716	-0.0839025
0.199773	0.00235027	-1.48366	0.804198
0.199773	0.00470053	-1.76276	1.8771
0.199773	0.0070508	-0.227949	2.96104
0.199773	0.00940107	-0.14418	3.64738
0.199773	0.0117513	-0.0609559	3.82592
0.199773	0.0141016	0.0099884	3.53045
0.199773	0.0164519	0.0604661	2.89563
0.199773	0.0188021	0.0883509	2.11139
0.199773	0.0211524	0.0962621	1.35912
0.199773	0.0235027	0.091987	0.754377
0.199773	0.0258529	0.0851383	0.323257
0.199773	0.0282032	0	0
0.202123	-0.0282032	0	0
0.202123	-0.0258529	0.146064	-0.416058
0.202123	-0.0235027	0.159369	-0.932339
0.202123	-0.0211524	0.173144	-1.61277
0.202123	-0.0188021	0.177747	-2.42551
0.202123	-0.0164519	0.163583	-3.24761
0.202123	-0.0141016	0.125792	-3.89025
0.202123	-0.0117513	0.0674084	-4.15902
0.202123	-0.00940107	-0.000563237	-3.91868
0.202123	-0.0070508	-0.0545147	-3.14024
0.202123	-0.00470053	-0.148194	-1.94741
0.202123	-0.00235027	-0.400092	-0.950271
0.202123	0	-0.805425	0.0454765
0.202123	0.00235027	-1.29006	1.07407
0.202123	0.00470053	-1.64101	2.05933
0.202123	0.0070508	-0.166956	3.20446
0.202123	0.00940107	-0.0718958	3.95415
0.202123	0.0117513	0.0136948	4.1782
0.202123	0.0141016	0.0824703	3.90091
0.202123	0.0164519	0.128423	3.25351
0.202123	0.0188021	0.149703	2.42877
0.202123	0.0211524	0.151035	1.6147
0.202123	0.0235027	0.141703	0.933324
0.202123	0.0258529	0.131132	0.416447
0.202123	0.0282032	0	0
0.204473	-0.0282032	0	0
0.204473	-0.0258529	0.168137	-0.430694
0.204473	-0.0235027	0.187693	-0.966674
0.204473	-0.0211524	0.210209	-1.67414
0.204473	-0.0188021	0.224584	-2.52016
0.204473	-0.0164519	0.220041	-3.37843
0.204473	-0.0141016	0.189747	-4.05134
0.204473	-0.0117513	0.13262	-4.33694
0.204473	-0.00940107	0.053144	-4.09327
0.204473	-0.0070508	-0.039994	-3.28379
0.204473	-0.00470053	0.0625564	-2.01575
0.204473	-0.00235027	-0.134795	-0.919232
0.204473	0	-0.540294	0.136673
0.204473	0.00235027	-0.974725	1.27559
0.204473	0.00470053	-1.21358	2.23778
0.204473	0.0070508	-0.076027	3.37645
0.204473	0.00940107	0.0132066	4.13637
0.204473	0.0117513	0.0916858	4.35901
0.204473	0.0141016	0.151857	4.06337
0.204473	0.0164519	0.187248	3.38524
0.204473	0.0188021	0.19748	2.52391
0.204473	0.0211524	0.188509	1.67617
0.204473	0.0235027	0.17022	0.967793
0.204473	0.0258529	0.153359	0.431161
0.204473	0.0282032	0	0
0.206823	-0.0282032	0	0
0.206823	-0.0258529	0.151283	-0.361592
0.206823	-0.0235027	0.178331	-0.845668
0.206823	-0.0211524	0.212475	-1.52649
0.206823	-0.0188021	0.240792	-2.37638
0.206823	-0.0164519	0.251317	-3.26556
0.206823	-0.0141016	0.234721	-3.99031
0.206823	-0.0117513	0.185484	-4.33625
0.206823	-0.00940107	0.103302	-4.14987
0.206823	-0.0070508	-0.0146493	-3.39251
0.206823	-0.00470053	0.369965	-2.1955
0.206823	-0.00235027	0.135213	-1.09541
0.206823	0	-0.335907	0.0156708
0.206823	0.00235027	-0.726922	1.11998
0.206823	0.00470053	-0.885945	2.26227
0.206823	0.0070508	0.0481172	3.42998
0.206823	0.00940107	0.0957611	4.17211
0.206823	0.0117513	0.157156	4.35026
0.206823	0.0141016	0.202987	3.99934
0.206823	0.0164519	0.222535	3.27172
0.206823	0.0188021	0.21701	2.38004
0.206823	0.0211524	0.193677	1.52864
0.206823	0.0235027	0.16374	0.846724
0.206823	0.0258529	0.139426	0.362054
0.206823	0.0282032	0	0
0.209174	-0.0282032	0	0
0.209174	-0.0258529	0.0910667	-0.209936
0.209174	-0.0235027	0.125731	-0.569953
0.209174	-0.0211524	0.172519	-1.16943
0.209174	-0.0188021	0.218273	-1.99139
0.209174	-0.0164519	0.248901	-2.90577
0.209174	-0.0141016	0.252269	-3.70068
0.209174	-0.0117513	0.221451	-4.14624
0.209174	-0.00940107	0.157235	-4.06844
0.209174	-0.0070508	0.0699205	-3.41437
0.209174	-0.00470053	0.588722	-2.30563
0.209174	-0.00235027	0.373037	-1.235
0.209174	0	-0.0407645	-0.0887427
0.209174	0.00235027	-0.496133	0.973857
0.209174	0.00470053	-0.754282	2.18162
0.209174	0.0070508	0.0769956	3.38261
0.209174	0.00940107	0.138973	4.06466
0.209174	0.0117513	0.193281	4.15009
0.209174	0.0141016	0.223303	3.70597
0.209174	0.0164519	0.224127	2.9101
0.209174	0.0188021	0.199286	1.99432
0.209174	0.0211524	0.158875	1.17113
0.209174	0.0235027	0.116407	0.570762
0.209174	0.0258529	0.0844916	0.210199
0.209174	0.0282032	0	0
0.211524	-0.0282032	0	0
0.211524	-0.0258529	-0.0069293	0.0158627
0.211524	-0.0235027	0.0337242	-0.151288
0.211524	-0.0211524	0.09286	-0.61623
0.211524	-0.0188021	0.156612	-1.37796
0.211524	-0.0164519	0.209199	-2.31038
0.211524	-0.0141016	0.236846	-3.19081
0.211524	-0.0117513	0.231147	-3.76849
0.211524	-0.00940107	0.190726	-3.84212
0.211524	-0.0070508	0.12254	-3.32677
0.211524	-0.00470053	0.875361	-2.2916
0.211524	-0.00235027	0.585049	-1.25879
0.211524	0	0.144195	-0.131803
0.211524	0.00235027	-0.294143	1.04725
0.211524	0.00470053	-0.582202	2.21541
0.211524	0.0070508	0.0680343	3.29147
0.211524	0.00940107	0.152547	3.83142
0.211524	0.0117513	0.198926	3.76867
0.211524	0.0141016	0.210457	3.19418
0.211524	0.0164519	0.189713	2.31346
0.211524	0.0188021	0.143814	1.37995
0.211524	0.0211524	0.0859396	0.617119
0.211524	0.0235027	0.0313751	0.151506
0.211524	0.0258529	-0.00645569	-0.0158863
0.211524	0.0282032	0	0
0.213874	-0.0282032	0	0
0.213874	-0.0258529	-0.128218	0.300603
0.213874	-0.0235027	-0.0845351	0.388035
0.213874	-0.0211524	-0.0157217	0.105769
0.213874	-0.0188021	0.0641764	-0.566168
0.213874	-0.0164519	0.138289	-1.50727
0.213874	-0.0141016	0.191483	-2.48445
0.213874	-0.0117513	0.213169	-3.2214
0.213874	-0.00940107	0.199699	-3.48405
0.213874	-0.0070508	0.152535	-3.15324
0.213874	-0.00470053	1.02111	-2.26289
0.213874	-0.00235027	0.762664	-1.18102
0.213874	0	0.256231	-0.114425
0.213874	0.00235027	-0.224749	1.05767
0.213874	0.00470053	-0.462898	2.21313
0.213874	0.0070508	0.101161	3.13024
0.213874	0.00940107	0.155667	3.47804
0.213874	0.0117513	0.18078	3.22289
0.213874	0.0141016	0.169601	2.48767
0.213874	0.0164519	0.125467	1.5096
0.213874	0.0188021	0.0590789	0.567142
0.213874	0.0211524	-0.0145854	-0.105947
0.213874	0.0235027	-0.0787777	-0.388681
0.213874	0.0258529	-0.119625	-0.30116
0.213874	0.0282032	0	0
0.216225	-0.0282032	0	0
0.216225	-0.0258529	-0.25082	0.625237
0.216225	-0.0235027	-0.208255	1.01625
0.216225	-0.0211524	-0.134564	0.956631
0.216225	-0.0188021	-0.0433603	0.399865
0.216225	-0.0164519	0.0481136	-0.540133
0.216225	-0.0141016	0.12358	-1.61995
0.216225	-0.0117513	0.171337	-2.53622
0.216225	-0.00940107	0.187412	-3.01449
0.216225	-0.0070508	0.179673	-2.89533
0.216225	-0.00470053	1.00124	-2.15738
0.216225	-0.00235027	0.814933	-1.05975
0.216225	0	0.372575	0.0594788
0.216225	0.00235027	-0.145183	1.1421
0.216225	0.00470053	-0.418002	2.12424
0.216225	0.0070508	0.0978873	2.89076
0.216225	0.00940107	0.139612	3.01829
0.216225	0.0117513	0.143093	2.54082
0.216225	0.0141016	0.108845	1.62321
0.216225	0.0164519	0.0435529	0.541217
0.216225	0.0188021	-0.0398694	-0.400677
0.216225	0.0211524	-0.124891	-0.958477
0.216225	0.0235027	-0.194022	-1.01834
0.216225	0.0258529	-0.233907	-0.626475
0.216225	0.0282032	0	0
0.218575	-0.0282032	0	0
0.218575	-0.0258529	-0.349257	0.967697
0.218575	-0.0235027	-0.312467	1.69581
0.218575	-0.0211524	-0.240055	1.8866
0.218575	-0.0188021	-0.144996	1.46443
0.218575	-0.0164519	-0.0440615	0.534128
0.218575	-0.0141016	0.0466531	-0.64948
0.218575	-0.0117513	0.114053	-1.75467
0.218575	-0.00940107	0.152137	-2.46654
0.218575	-0.0070508	0.162165	-2.5761
0.218575	-0.00470053	0.885416	-1.99356
0.218575	-0.00235027	0.725489	-1.01706
0.218575	0	0.357767	0.0983384
0.218575	0.00235027	0.000869251	1.17496
0.218575	0.00470053	-0.172376	2.04836
0.218575	0.0070508	0.090935	2.60085
0.218575	0.00940107	0.113751	2.47975
0.218575	0.0117513	0.0950917	1.76152
0.218575	0.0141016	0.0409166	0.651531
0.218575	0.0164519	-0.039729	-0.535629
0.218575	0.0188021	-0.133013	-1.46799
0.218575	0.0211524	-0.222076	-1.89121
0.218575	0.0235027	-0.290336	-1.70001
0.218575	0.0258529	-0.324983	-0.969858
0.218575	0.0282032	0	0
0.220925	-0.0282032	0	0
0.220925	-0.0258529	-0.399868	1.30569
0.220925	-0.0235027	-0.372902	2.38602
0.220925	-0.0211524	-0.309849	2.83991
0.220925	-0.0188021	-0.22011	2.56299
0.220925	-0.0164519	-0.119337	1.65029
0.220925	-0.0141016	-0.0234421	0.366658
0.220925	-0.0117513	0.0547734	-0.9285
0.220925	-0.00940107	0.107304	-1.87955
0.220925	-0.0070508	0.131958	-2.23127
0.220925	-0.00470053	0.859566	-1.83858
0.220925	-0.00235027	0.687808	-0.941028
0.220925	0	0.302878	0.00693271
0.220925	0.00235027	-0.00803981	1.00925
0.220925	0.00470053	-0.143319	1.90462
0.220925	0.0070508	0.0969304	2.26363
0.220925	0.00940107	0.084349	1.89478
0.220925	0.0117513	0.045964	0.933739
0.220925	0.0141016	-0.0205308	-0.368279
0.220925	0.0164519	-0.107338	-1.65636
0.220925	0.0188021	-0.200846	-2.57082
0.220925	0.0211524	-0.284996	-2.84824
0.220925	0.0235027	-0.345097	-2.39279
0.220925	0.0258529	-0.37017	-1.30916
0.220925	0.0282032	0	0
0.223275	-0.0282032	0	0
0.223275	-0.0258529	-0.387879	1.61957
0.223275	-0.0235027	-0.373864	3.04486
0.223275	-0.0211524	-0.326392	3.75871
0.223275	-0.0188021	-0.25136	3.62839
0.223275	-0.0164519	-0.162545	2.73874
0.223275	-0.0141016	-0.0729159	1.36399
0.223275	-0.0117513	0.00558363	-0.111563
0.223275	-0.00940107	0.0638642	-1.29289
0.223275	-0.0070508	0.100621	-1.88027
0.223275	-0.00470053	0.677177	-1.66441
0.223275	-0.00235027	0.63578	-0.85824
0.223275	0	0.343618	0.0888172
0.223275	0.00235027	-0.0286999	0.972051
0.223275	0.00470053	-0.183693	1.69668
0.223275	0.0070508	0.0765374	1.90587
0.223275	0.00940107	0.0508921	1.30494
0.223275	0.0117513	0.0046907	0.112309
0.223275	0.0141016	-0.0635846	-1.37117
0.223275	0.0164519	-0.145387	-2.7506
0.223275	0.0188021	-0.228016	-3.64186
0.223275	0.0211524	-0.297821	-3.77116
0.223275	0.0235027	-0.342705	-3.05429
0.223275	0.0258529	-0.355253	-1.62439
0.223275	0.0282032	0	0
0.225626	-0.0282032	0	0
0.225626	-0.0258529	-0.307462	1.89248
0.225626	-0.0235027	-0.308172	3.63235
0.225626	-0.0211524	-0.281785	4.58607
0.225626	-0.0188021	-0.231022	4.59459
0.225626	-0.0164519	-0.164556	3.73111
0.225626	-0.0141016	-0.0925719	2.27821
0.225626	-0.0117513	-0.0249689	0.642245
0.225626	-0.00940107	0.0289166	-0.747624
0.225626	-0.0070508	0.0620442	-1.55171
0.225626	-0.00470053	0.608514	-1.50762
0.225626	-0.00235027	0.498926	-0.829469
0.225626	0	0.244134	0.0986891
0.225626	0.00235027	0.0435216	0.912221
0.225626	0.00470053	-0.0647289	1.53806
0.225626	0.0070508	0.040574	1.57508
0.225626	0.00940107	0.0223818	0.755518
0.225626	0.0117513	-0.0207604	-0.647309
0.225626	0.0141016	-0.0799548	-2.29197
0.225626	0.0164519	-0.145415	-3.7495
0.225626	0.0188021	-0.206267	-4.61426
0.225626	0.0211524	-0.252998	-4.60383
0.225626	0.0235027	-0.27764	-3.64519
0.225626	0.0258529	-0.274979	-1.89932
0.225626	0.0282032	0	0
0.227976	-0.0282032	0	0
0.227976	-0.0258529	-0.162166	2.10985
0.227976	-0.0235027	-0.178686	4.11567
0.227976	-0.0211524	-0.177727	5.27288
0.227976	-0.0188021	-0.159002	5.40117
0.227976	-0.0164519	-0.124388	4.56447
0.227976	-0.0141016	-0.0804173	3.05054
0.227976	-0.0117513	-0.033945	1.28345
0.227976	-0.00940107	0.00766903	-0.280615
0.227976	-0.0070508	0.0383455	-1.26818
0.227976	-0.00470053	0.500592	-1.36919
0.227976	-0.00235027	0.422379	-0.738532
0.227976	0	0.214389	0.0393603
0.227976	0.00235027	0.00911897	0.847321
0.227976	0.00470053	-0.11261	1.42072
0.227976	0.0070508	0.0232157	1.29322
0.227976	0.00940107	0.00581075	0.284041
0.227976	0.0117513	-0.027749	-1.29456
0.227976	0.0141016	-0.0681583	-3.07077
0.227976	0.0164519	-0.10691	-4.58947
0.227976	0.0188021	-0.13674	-5.42663
0.227976	0.0211524	-0.152795	-5.29561
0.227976	0.0235027	-0.152476	-4.13242
0.227976	0.0258529	-0.133941	-2.11925
0.227976	0.0282032	0	0
0.230326	-0.0282032	0	0
0.230326	-0.0258529	0.032964	2.26373
0.230326	-0.0235027	0.000825445	4.46879
0.230326	-0.0211524	-0.0266295	5.77868
0.230326	-0.0188021	-0.0443474	5.9993
0.230326	-0.0164519	-0.0494734	5.18638
0.230326	-0.0141016	-0.0420918	3.63095
0.230326	-0.0117513	-0.0238201	1.76942
0.230326	-0.00940107	-0.00113016	0.0766106
0.230326	-0.0070508	0.0146499	-1.05043
0.230326	-0.00470053	0.388844	-1.26135
0.230326	-0.00235027	0.351448	-0.645441
0.230326	0	0.152956	0.109815
0.230326	0.00235027	-0.0243533	0.87636
0.230326	0.00470053	-0.0844611	1.33565
0.230326	0.0070508	0.0114973	1.07421
0.230326	0.00940107	-0.000941745	-0.0775956
0.230326	0.0117513	-0.019355	-1.78489
0.230326	0.0141016	-0.0331533	-3.65562
0.230326	0.0164519	-0.0367017	-5.21561
0.230326	0.0188021	-0.0278456	-6.02918
0.230326	0.0211524	-0.00777538	-5.80446
0.230326	0.0235027	0.0202325	-4.48772
0.230326	0.0258529	0.053322	-2.2743
0.230326	0.0282032	0	0
0.232676	-0.0282032	0	0
0.232676	-0.0258529	0.255038	2.35056
0.232676	-0.0235027	0.209964	4.67259
0.232676	-0.0211524	0.153279	6.07525
0.232676	-0.0188021	0.0951404	6.35358
0.232676	-0.0164519	0.0460002	5.55727
0.232676	-0.0141016	0.0123576	3.98105
0.232676	-0.0117513	-0.00235296	2.06734
0.232676	-0.00940107	-0.00124115	0.299759
0.232676	-0.0070508	0.00276721	-0.916555
0.232676	-0.00470053	0.231346	-1.22692
0.232676	-0.00235027	0.218984	-0.584018
0.232676	0	0.0940324	0.200763
0.232676	0.00235027	-0.0277074	0.880661
0.232676	0.00470053	-0.0634882	1.25451
0.232676	0.0070508	0.0145966	0.929629
0.232676	0.00940107	-0.00181763	-0.302924
0.232676	0.0117513	-0.0013519	-2.08435
0.232676	0.0141016	0.0163001	-4.00752
0.232676	0.0164519	0.0527593	-5.58892
0.232676	0.0188021	0.103844	-6.3854
0.232676	0.0211524	0.162576	-6.1026
0.232676	0.0235027	0.220304	-4.69254
0.232676	0.0258529	0.265895	-2.3612
0.232676	0.0282032	0	0
0.235027	-0.0282032	0	0
0.235027	-0.0258529	0	0
0.235027	-0.0235027	0	0
0.235027	-0.0211524	0	0
0.235027	-0.0188021	0	0
0.235027	-0.0164519	0	0
0.235027	-0.0141016	0	0
0.235027	-0.0117513	0	0
0.235027	-0.00940107	0	0
0.235027	-0.0070508	0	0
0.235027	-0.00470053	0	0
0.235027	-0.00235027	0	0
0.235027	0	0	0
0.235027	0.00235027	0	0
0.235027	0.00470053	0	0
0.235027	0.0070508	0	0
0.235027	0.00940107	0	0
0.235027	0.0117513	0	0
0.235027	0.0141016	0	0
0.235027	0.0164519	0	0
0.235027	0.0188021	0	0
0.235027	0.0211524	0	0
0.235027	0.0235027	0	0
0.235027	0.0258529	0	0
0.235027	0.0282032	0	0
