
##### time= 1.184294092e-06, label: 
0		0		-85.7726
0		0.0046875		-85.7726
0		0.009375		-85.7726
0		0.0140625		-46.6446
0		0.01875		-6.74974
0		0.0234375		-5.35104
0		0.028125		-4.08834
0		0.0328125		-2.92425
0		0.0375		-1.87473
0		0.0421875		-0.845052
0		0.046875		0.0410622
0		0.0515625		0.74803
0		0.05625		1.41094
0		0.0609375		1.94006
0		0.065625		2.30339
0		0.0703125		2.54907
0		0.075		2.62249
0		0.0796875		2.52722
0		0.084375		2.27374
0		0.0890625		1.95104
0		0.09375		1.50991
0		0.0984375		0.844184
0		0.103125		0.100356
0		0.107813		-0.775545
0		0.1125		-1.79268
0		0.117188		-2.89669
0		0.121875		-4.1184
0		0.126563		-5.39073
0		0.13125		-6.74698
0		0.135938		-46.6133
0		0.140625		-85.7726
0		0.145313		-85.7726
0		0.15		-85.7726
0.0046875		0		306.663
0.0046875		0.0046875		276.403
0.0046875		0.009375		192.116
0.0046875		0.0140625		-2191.34
0.0046875		0.01875		-1522.6
0.0046875		0.0234375		-318.035
0.0046875		0.028125		290.283
0.0046875		0.0328125		238.178
0.0046875		0.0375		155.144
0.0046875		0.0421875		324.204
0.0046875		0.046875		267.504
0.0046875		0.0515625		17.2655
0.0046875		0.05625		-2.16549
0.0046875		0.0609375		-43.4253
0.0046875		0.065625		-27.9895
0.0046875		0.0703125		197.057
0.0046875		0.075		203.371
0.0046875		0.0796875		17.0611
0.0046875		0.084375		-128.431
0.0046875		0.0890625		-328.637
0.0046875		0.09375		-128.999
0.0046875		0.0984375		100.47
0.0046875		0.103125		-59.9077
0.0046875		0.107813		411.506
0.0046875		0.1125		529.994
0.0046875		0.117188		396.077
0.0046875		0.121875		508.434
0.0046875		0.126563		784.222
0.0046875		0.13125		2360.58
0.0046875		0.135938		3489.89
0.0046875		0.140625		151.246
0.0046875		0.145313		259.051
0.0046875		0.15		293.733
0.009375		0		685.186
0.009375		0.0046875		627.416
0.009375		0.009375		452.518
0.009375		0.0140625		-3069.78
0.009375		0.01875		-1985.67
0.009375		0.0234375		-250.596
0.009375		0.028125		543.071
0.009375		0.0328125		524.074
0.009375		0.0375		549.117
0.009375		0.0421875		386.271
0.009375		0.046875		111.327
0.009375		0.0515625		349.263
0.009375		0.05625		194.395
0.009375		0.0609375		-216.816
0.009375		0.065625		-4.98294
0.009375		0.0703125		251.998
0.009375		0.075		336.255
0.009375		0.0796875		340.123
0.009375		0.084375		199.35
0.009375		0.0890625		-287.444
0.009375		0.09375		-277.814
0.009375		0.0984375		-25.2823
0.009375		0.103125		63.1141
0.009375		0.107813		720.85
0.009375		0.1125		565.53
0.009375		0.117188		484.9
0.009375		0.121875		616.632
0.009375		0.126563		1201.23
0.009375		0.13125		3740.36
0.009375		0.135938		5414.01
0.009375		0.140625		431.179
0.009375		0.145313		609.155
0.009375		0.15		669.003
0.0140625		0		997.826
0.0140625		0.0046875		925.001
0.0140625		0.009375		723.583
0.0140625		0.0140625		-3342.55
0.0140625		0.01875		-1811.58
0.0140625		0.0234375		-42.6213
0.0140625		0.028125		301.258
0.0140625		0.0328125		357.147
0.0140625		0.0375		672.663
0.0140625		0.0421875		816.219
0.0140625		0.046875		374.667
0.0140625		0.0515625		244.89
0.0140625		0.05625		-68.2123
0.0140625		0.0609375		-50.2372
0.0140625		0.065625		250.325
0.0140625		0.0703125		267.004
0.0140625		0.075		606.763
0.0140625		0.0796875		119.193
0.0140625		0.084375		-458.597
0.0140625		0.0890625		-209.208
0.0140625		0.09375		-73.8963
0.0140625		0.0984375		48.3786
0.0140625		0.103125		459.629
0.0140625		0.107813		288.295
0.0140625		0.1125		419.608
0.0140625		0.117188		1219.91
0.0140625		0.121875		822.989
0.0140625		0.126563		1266.25
0.0140625		0.13125		3996.51
0.0140625		0.135938		5676.35
0.0140625		0.140625		696.607
0.0140625		0.145313		906.569
0.0140625		0.15		980.661
0.01875		0		1193.69
0.01875		0.0046875		1109.5
0.01875		0.009375		863.641
0.01875		0.0140625		-2856.05
0.01875		0.01875		-1528.13
0.01875		0.0234375		-42.2739
0.01875		0.028125		566.388
0.01875		0.0328125		662.48
0.01875		0.0375		644.904
0.01875		0.0421875		910.055
0.01875		0.046875		464.013
0.01875		0.0515625		108.452
0.01875		0.05625		-121.312
0.01875		0.0609375		-88.5558
0.01875		0.065625		114.793
0.01875		0.0703125		-45.9892
0.01875		0.075		339.647
0.01875		0.0796875		552.119
0.01875		0.084375		37.7081
0.01875		0.0890625		-482.372
0.01875		0.09375		-341.298
0.01875		0.0984375		475.918
0.01875		0.103125		617.705
0.01875		0.107813		92.3318
0.01875		0.1125		581.097
0.01875		0.117188		1321.58
0.01875		0.121875		1088.61
0.01875		0.126563		1722.52
0.01875		0.13125		4140.81
0.01875		0.135938		5693.39
0.01875		0.140625		876.497
0.01875		0.145313		1097.74
0.01875		0.15		1177.19
0.0234375		0		1249.94
0.0234375		0.0046875		1170.5
0.0234375		0.009375		956.514
0.0234375		0.0140625		-3129.76
0.0234375		0.01875		-1623.06
0.0234375		0.0234375		88.0595
0.0234375		0.028125		737.097
0.0234375		0.0328125		506.799
0.0234375		0.0375		221.617
0.0234375		0.0421875		865.369
0.0234375		0.046875		633.151
0.0234375		0.0515625		184.933
0.0234375		0.05625		-95.1158
0.0234375		0.0609375		27.9434
0.0234375		0.065625		384.781
0.0234375		0.0703125		207.503
0.0234375		0.075		-207.522
0.0234375		0.0796875		-157.668
0.0234375		0.084375		297.091
0.0234375		0.0890625		62.8045
0.0234375		0.09375		-361.682
0.0234375		0.0984375		-69.7507
0.0234375		0.103125		302.159
0.0234375		0.107813		173.83
0.0234375		0.1125		607.414
0.0234375		0.117188		1196.98
0.0234375		0.121875		842.839
0.0234375		0.126563		1824.16
0.0234375		0.13125		4637.13
0.0234375		0.135938		6059.63
0.0234375		0.140625		923.601
0.0234375		0.145313		1144.63
0.0234375		0.15		1223.66
0.028125		0		1146.11
0.028125		0.0046875		1072.49
0.028125		0.009375		866.69
0.028125		0.0140625		-2646.72
0.028125		0.01875		-1446.04
0.028125		0.0234375		-27.499
0.028125		0.028125		379.31
0.028125		0.0328125		579.09
0.028125		0.0375		378.193
0.028125		0.0421875		497.991
0.028125		0.046875		797.607
0.028125		0.0515625		601.342
0.028125		0.05625		-280.478
0.028125		0.0609375		-487.351
0.028125		0.065625		164.428
0.028125		0.0703125		-277.734
0.028125		0.075		-916.124
0.028125		0.0796875		-430.998
0.028125		0.084375		523.285
0.028125		0.0890625		843.018
0.028125		0.09375		-36.1173
0.028125		0.0984375		-125.06
0.028125		0.103125		124.831
0.028125		0.107813		-23.8516
0.028125		0.1125		729.248
0.028125		0.117188		1204.73
0.028125		0.121875		1132.02
0.028125		0.126563		1841.46
0.028125		0.13125		4213.69
0.028125		0.135938		5784.16
0.028125		0.140625		866.975
0.028125		0.145313		1038.81
0.028125		0.15		1108.38
0.0328125		0		900.481
0.0328125		0.0046875		835.332
0.0328125		0.009375		630.7
0.0328125		0.0140625		-2764.49
0.0328125		0.01875		-1495.55
0.0328125		0.0234375		218.576
0.0328125		0.028125		-314.613
0.0328125		0.0328125		281.492
0.0328125		0.0375		977.334
0.0328125		0.0421875		-46.8077
0.0328125		0.046875		-6.70258
0.0328125		0.0515625		364.769
0.0328125		0.05625		-310.627
0.0328125		0.0609375		-640.395
0.0328125		0.065625		85.9576
0.0328125		0.0703125		165.37
0.0328125		0.075		-56.5125
0.0328125		0.0796875		-275.905
0.0328125		0.084375		324.607
0.0328125		0.0890625		574.655
0.0328125		0.09375		-333.629
0.0328125		0.0984375		-343.506
0.0328125		0.103125		166.225
0.0328125		0.107813		159.783
0.0328125		0.1125		469.585
0.0328125		0.117188		1050.31
0.0328125		0.121875		1270.93
0.0328125		0.126563		1705.87
0.0328125		0.13125		3925.33
0.0328125		0.135938		5740.75
0.0328125		0.140625		509.075
0.0328125		0.145313		764.377
0.0328125		0.15		842.182
0.0375		0		557.844
0.0375		0.0046875		523.538
0.0375		0.009375		444.786
0.0375		0.0140625		-3102.05
0.0375		0.01875		-2061.52
0.0375		0.0234375		-578.172
0.0375		0.028125		-525.868
0.0375		0.0328125		445.986
0.0375		0.0375		754.097
0.0375		0.0421875		-250.537
0.0375		0.046875		-80.1765
0.0375		0.0515625		151.61
0.0375		0.05625		39.4854
0.0375		0.0609375		-317.285
0.0375		0.065625		-446.166
0.0375		0.0703125		10.2143
0.0375		0.075		38.7349
0.0375		0.0796875		-722.714
0.0375		0.084375		97.231
0.0375		0.0890625		780.759
0.0375		0.09375		-79.2482
0.0375		0.0984375		-505.129
0.0375		0.103125		-328.241
0.0375		0.107813		-268.932
0.0375		0.1125		409.209
0.0375		0.117188		1332.3
0.0375		0.121875		1207.3
0.0375		0.126563		1297.19
0.0375		0.13125		3268.28
0.0375		0.135938		4937.69
0.0375		0.140625		292.21
0.0375		0.145313		452.318
0.0375		0.15		503.517
0.0421875		0		143.072
0.0421875		0.0046875		123.057
0.0421875		0.009375		45.3035
0.0421875		0.0140625		-3781.08
0.0421875		0.01875		-2474.14
0.0421875		0.0234375		-711.439
0.0421875		0.028125		-88.6471
0.0421875		0.0328125		41.4882
0.0421875		0.0375		-26.6596
0.0421875		0.0421875		-127.345
0.0421875		0.046875		-385.895
0.0421875		0.0515625		-214.2
0.0421875		0.05625		254.68
0.0421875		0.0609375		-9.58434
0.0421875		0.065625		-492.691
0.0421875		0.0703125		-156.482
0.0421875		0.075		-37.7244
0.0421875		0.0796875		-281.934
0.0421875		0.084375		-244.078
0.0421875		0.0890625		-238.022
0.0421875		0.09375		-147.842
0.0421875		0.0984375		-300.672
0.0421875		0.103125		-366.38
0.0421875		0.107813		-185.77
0.0421875		0.1125		137.299
0.0421875		0.117188		509.775
0.0421875		0.121875		440.739
0.0421875		0.126563		1074.61
0.0421875		0.13125		3247.69
0.0421875		0.135938		4612.92
0.0421875		0.140625		102.057
0.0421875		0.145313		116.213
0.0421875		0.15		126.155
0.046875		0		-268.896
0.046875		0.0046875		-255.379
0.046875		0.009375		-222.512
0.046875		0.0140625		-4083.85
0.046875		0.01875		-2994.54
0.046875		0.0234375		-1142.68
0.046875		0.028125		-571.143
0.046875		0.0328125		-380.15
0.046875		0.0375		159.535
0.046875		0.0421875		-224.127
0.046875		0.046875		-405.636
0.046875		0.0515625		52.3902
0.046875		0.05625		145.62
0.046875		0.0609375		-173.951
0.046875		0.065625		-596.832
0.046875		0.0703125		-246.719
0.046875		0.075		308.609
0.046875		0.0796875		-202.66
0.046875		0.084375		-329.393
0.046875		0.0890625		-8.86568
0.046875		0.09375		-167.792
0.046875		0.0984375		-313.885
0.046875		0.103125		-745.911
0.046875		0.107813		-570.729
0.046875		0.1125		99.2275
0.046875		0.117188		0.526199
0.046875		0.121875		93.1406
0.046875		0.126563		589.553
0.046875		0.13125		2534.88
0.046875		0.135938		4385.97
0.046875		0.140625		-183.95
0.046875		0.145313		-251.302
0.046875		0.15		-269.237
0.0515625		0		-637.756
0.0515625		0.0046875		-588.956
0.0515625		0.009375		-430.741
0.0515625		0.0140625		-5112.97
0.0515625		0.01875		-3602.21
0.0515625		0.0234375		-1492.92
0.0515625		0.028125		-528.914
0.0515625		0.0328125		-426.125
0.0515625		0.0375		-408.06
0.0515625		0.0421875		-380.24
0.0515625		0.046875		-251.732
0.0515625		0.0515625		89.9586
0.0515625		0.05625		-18.7396
0.0515625		0.0609375		-453.337
0.0515625		0.065625		-532.32
0.0515625		0.0703125		-57.4117
0.0515625		0.075		236.975
0.0515625		0.0796875		138.644
0.0515625		0.084375		-705.45
0.0515625		0.0890625		-384.389
0.0515625		0.09375		468.888
0.0515625		0.0984375		-706.888
0.0515625		0.103125		-1279.79
0.0515625		0.107813		-143.374
0.0515625		0.1125		-19.6545
0.0515625		0.117188		-589.14
0.0515625		0.121875		87.1124
0.0515625		0.126563		878.752
0.0515625		0.13125		2156.74
0.0515625		0.135938		3371.6
0.0515625		0.140625		-548.766
0.0515625		0.145313		-602.652
0.0515625		0.15		-632.331
0.05625		0		-935.245
0.05625		0.0046875		-874.297
0.05625		0.009375		-716.667
0.05625		0.0140625		-5907.77
0.05625		0.01875		-4185.14
0.05625		0.0234375		-1943.09
0.05625		0.028125		-1091.64
0.05625		0.0328125		-660.569
0.05625		0.0375		-413.268
0.05625		0.0421875		-490.775
0.05625		0.046875		-132.974
0.05625		0.0515625		-60.1921
0.05625		0.05625		-46.2507
0.05625		0.0609375		6.89668
0.05625		0.065625		-386.56
0.05625		0.0703125		-305.201
0.05625		0.075		13.748
0.05625		0.0796875		-22.1095
0.05625		0.084375		-675.261
0.05625		0.0890625		-323.355
0.05625		0.09375		-10.4016
0.05625		0.0984375		-608.367
0.05625		0.103125		-818.931
0.05625		0.107813		-769.054
0.05625		0.1125		-709.047
0.05625		0.117188		-695.214
0.05625		0.121875		-110.173
0.05625		0.126563		736.007
0.05625		0.13125		1798.68
0.05625		0.135938		2643.39
0.05625		0.140625		-627.754
0.05625		0.145313		-821.143
0.05625		0.15		-886.52
0.0609375		0		-1107.46
0.0609375		0.0046875		-1025.24
0.0609375		0.009375		-786.059
0.0609375		0.0140625		-6478.74
0.0609375		0.01875		-4466.6
0.0609375		0.0234375		-2068.01
0.0609375		0.028125		-1422.83
0.0609375		0.0328125		-759.387
0.0609375		0.0375		-344.126
0.0609375		0.0421875		93.8696
0.0609375		0.046875		31.8174
0.0609375		0.0515625		-581.906
0.0609375		0.05625		-298.028
0.0609375		0.0609375		-350.106
0.0609375		0.065625		-267.284
0.0609375		0.0703125		-314.388
0.0609375		0.075		-277.383
0.0609375		0.0796875		457.623
0.0609375		0.084375		130.009
0.0609375		0.0890625		-590.818
0.0609375		0.09375		-454.863
0.0609375		0.0984375		-501.74
0.0609375		0.103125		-923.198
0.0609375		0.107813		-1040.92
0.0609375		0.1125		-995.43
0.0609375		0.117188		-798.412
0.0609375		0.121875		42.4654
0.0609375		0.126563		728.883
0.0609375		0.13125		1493.61
0.0609375		0.135938		2425.68
0.0609375		0.140625		-685.121
0.0609375		0.145313		-937.866
0.0609375		0.15		-1024.87
0.065625		0		-1148.03
0.065625		0.0046875		-1056.44
0.065625		0.009375		-796.054
0.065625		0.0140625		-6211.96
0.065625		0.01875		-4557.26
0.065625		0.0234375		-2533.7
0.065625		0.028125		-1349.93
0.065625		0.0328125		-422.847
0.065625		0.0375		-310.885
0.065625		0.0421875		-364.11
0.065625		0.046875		-297.509
0.065625		0.0515625		-79.3409
0.065625		0.05625		36.6712
0.065625		0.0609375		-558.998
0.065625		0.065625		-598.441
0.065625		0.0703125		-16.965
0.065625		0.075		119.426
0.065625		0.0796875		-102.851
0.065625		0.084375		-484.221
0.065625		0.0890625		-144.89
0.065625		0.09375		21.4326
0.065625		0.0984375		-642.992
0.065625		0.103125		-1209.46
0.065625		0.107813		-1025.63
0.065625		0.1125		-150.886
0.065625		0.117188		-234.42
0.065625		0.121875		-549.819
0.065625		0.126563		-33.8969
0.065625		0.13125		1615.69
0.065625		0.135938		3102.87
0.065625		0.140625		-659.766
0.065625		0.145313		-944.994
0.065625		0.15		-1042.66
0.0703125		0		-1061.19
0.0703125		0.0046875		-969.321
0.0703125		0.009375		-698.201
0.0703125		0.0140625		-6076.55
0.0703125		0.01875		-4883.23
0.0703125		0.0234375		-2670.88
0.0703125		0.028125		-905.561
0.0703125		0.0328125		-141.402
0.0703125		0.0375		-213.797
0.0703125		0.0421875		1.68329
0.0703125		0.046875		137.821
0.0703125		0.0515625		-189.493
0.0703125		0.05625		-372.451
0.0703125		0.0609375		-749.811
0.0703125		0.065625		-999.471
0.0703125		0.0703125		-627.509
0.0703125		0.075		-115.75
0.0703125		0.0796875		302.652
0.0703125		0.084375		-169.528
0.0703125		0.0890625		-446.333
0.0703125		0.09375		54.5947
0.0703125		0.0984375		-519.735
0.0703125		0.103125		-974.959
0.0703125		0.107813		-982.057
0.0703125		0.1125		-578.867
0.0703125		0.117188		-214.896
0.0703125		0.121875		-275.652
0.0703125		0.126563		-6.45161
0.0703125		0.13125		1513.19
0.0703125		0.135938		2997.69
0.0703125		0.140625		-588.2
0.0703125		0.145313		-852.577
0.0703125		0.15		-944.802
0.075		0		-870.687
0.075		0.0046875		-794.367
0.075		0.009375		-561.995
0.075		0.0140625		-5406.18
0.075		0.01875		-4212.82
0.075		0.0234375		-1920.45
0.075		0.028125		-624.004
0.075		0.0328125		-542.494
0.075		0.0375		-245.925
0.075		0.0421875		88.1263
0.075		0.046875		-182.362
0.075		0.0515625		-410.89
0.075		0.05625		-171.746
0.075		0.0609375		-11.7764
0.075		0.065625		-356.063
0.075		0.0703125		-441.437
0.075		0.075		-429.067
0.075		0.0796875		-57.7401
0.075		0.084375		48.5235
0.075		0.0890625		28.1678
0.075		0.09375		326.527
0.075		0.0984375		-486.799
0.075		0.103125		-584.013
0.075		0.107813		-885.476
0.075		0.1125		-1059.81
0.075		0.117188		-402.255
0.075		0.121875		-36.9413
0.075		0.126563		279.691
0.075		0.13125		1695.6
0.075		0.135938		3268.63
0.075		0.140625		-436.783
0.075		0.145313		-666.986
0.075		0.15		-742.843
0.0796875		0		-602.746
0.0796875		0.0046875		-562.965
0.0796875		0.009375		-448.295
0.0796875		0.0140625		-4655.35
0.0796875		0.01875		-3679.8
0.0796875		0.0234375		-1593.19
0.0796875		0.028125		-391.048
0.0796875		0.0328125		-289.713
0.0796875		0.0375		-113.598
0.0796875		0.0421875		106.115
0.0796875		0.046875		-30.402
0.0796875		0.0515625		-644.535
0.0796875		0.05625		-660.19
0.0796875		0.0609375		-220.768
0.0796875		0.065625		37.8305
0.0796875		0.0703125		212.692
0.0796875		0.075		-218.738
0.0796875		0.0796875		-393.17
0.0796875		0.084375		-278.731
0.0796875		0.0890625		178.656
0.0796875		0.09375		714.496
0.0796875		0.0984375		-145.298
0.0796875		0.103125		-658.637
0.0796875		0.107813		-54.208
0.0796875		0.1125		-111.806
0.0796875		0.117188		-332.069
0.0796875		0.121875		66.3316
0.0796875		0.126563		452.219
0.0796875		0.13125		2010.68
0.0796875		0.135938		3474.69
0.0796875		0.140625		-350.003
0.0796875		0.145313		-423.319
0.0796875		0.15		-459.232
0.084375		0		-269.038
0.084375		0.0046875		-271.779
0.084375		0.009375		-300.75
0.084375		0.0140625		-4069.35
0.084375		0.01875		-3048.17
0.084375		0.0234375		-1130.42
0.084375		0.028125		114.027
0.084375		0.0328125		-27.8898
0.084375		0.0375		-139.317
0.084375		0.0421875		243.318
0.084375		0.046875		-315.265
0.084375		0.0515625		-387.04
0.084375		0.05625		11.5421
0.084375		0.0609375		-752.554
0.084375		0.065625		-342.845
0.084375		0.0703125		22.5441
0.084375		0.075		-425.137
0.084375		0.0796875		187.671
0.084375		0.084375		158.732
0.084375		0.0890625		389.643
0.084375		0.09375		811.919
0.084375		0.0984375		93.5516
0.084375		0.103125		-781.242
0.084375		0.107813		-171.448
0.084375		0.1125		473.009
0.084375		0.117188		270.844
0.084375		0.121875		133.95
0.084375		0.126563		637.942
0.084375		0.13125		2608.31
0.084375		0.135938		3836.04
0.084375		0.140625		-11.2623
0.084375		0.145313		-82.6011
0.084375		0.15		-101.534
0.0890625		0		113.901
0.0890625		0.0046875		85.5471
0.0890625		0.009375		-8.22075
0.0890625		0.0140625		-3953.22
0.0890625		0.01875		-2931.01
0.0890625		0.0234375		-817.857
0.0890625		0.028125		386.49
0.0890625		0.0328125		713.177
0.0890625		0.0375		919.036
0.0890625		0.0421875		191.094
0.0890625		0.046875		-444.744
0.0890625		0.0515625		-382.224
0.0890625		0.05625		10.5896
0.0890625		0.0609375		-452.167
0.0890625		0.065625		-174.821
0.0890625		0.0703125		496.464
0.0890625		0.075		-131.818
0.0890625		0.0796875		465.662
0.0890625		0.084375		522.3
0.0890625		0.0890625		-226.102
0.0890625		0.09375		-133.661
0.0890625		0.0984375		8.79256
0.0890625		0.103125		-431.464
0.0890625		0.107813		33.6776
0.0890625		0.1125		535.629
0.0890625		0.117188		257.88
0.0890625		0.121875		305.358
0.0890625		0.126563		1073.42
0.0890625		0.13125		3196.03
0.0890625		0.135938		4485.42
0.0890625		0.140625		215.214
0.0890625		0.145313		247.307
0.0890625		0.15		262.052
0.09375		0		491.367
0.09375		0.0046875		451.293
0.09375		0.009375		357.977
0.09375		0.0140625		-3623.48
0.09375		0.01875		-2171.09
0.09375		0.0234375		-185.888
0.09375		0.028125		148.205
0.09375		0.0328125		605.008
0.09375		0.0375		934.95
0.09375		0.0421875		98.3923
0.09375		0.046875		-296.036
0.09375		0.0515625		23.2766
0.09375		0.05625		362.556
0.09375		0.0609375		-25.7967
0.09375		0.065625		-403.741
0.09375		0.0703125		-82.0056
0.09375		0.075		95.1452
0.09375		0.0796875		440.449
0.09375		0.084375		478.142
0.09375		0.0890625		169.276
0.09375		0.09375		120.499
0.09375		0.0984375		-92.0688
0.09375		0.103125		-236.677
0.09375		0.107813		606.912
0.09375		0.1125		758.891
0.09375		0.117188		222.72
0.09375		0.121875		751.547
0.09375		0.126563		2052.41
0.09375		0.13125		3761.88
0.09375		0.135938		4566.66
0.09375		0.140625		386.27
0.09375		0.145313		539.643
0.09375		0.15		591.485
0.0984375		0		789.19
0.0984375		0.0046875		721.248
0.0984375		0.009375		516.759
0.0984375		0.0140625		-3373.06
0.0984375		0.01875		-1733.88
0.0984375		0.0234375		230.925
0.0984375		0.028125		439.597
0.0984375		0.0328125		701.37
0.0984375		0.0375		714.264
0.0984375		0.0421875		150.644
0.0984375		0.046875		432.589
0.0984375		0.0515625		513.063
0.0984375		0.05625		35.697
0.0984375		0.0609375		-137.669
0.0984375		0.065625		-437.151
0.0984375		0.0703125		-121.744
0.0984375		0.075		-10.5293
0.0984375		0.0796875		248.867
0.0984375		0.084375		769.574
0.0984375		0.0890625		540.938
0.0984375		0.09375		192.442
0.0984375		0.0984375		77.3603
0.0984375		0.103125		249.53
0.0984375		0.107813		834.361
0.0984375		0.1125		1108.78
0.0984375		0.117188		557.682
0.0984375		0.121875		843.989
0.0984375		0.126563		1910.19
0.0984375		0.13125		3846.77
0.0984375		0.135938		5264.43
0.0984375		0.140625		567.519
0.0984375		0.145313		787.001
0.0984375		0.15		861.265
0.103125		0		982.912
0.103125		0.0046875		906.403
0.103125		0.009375		698.124
0.103125		0.0140625		-3046.63
0.103125		0.01875		-1664.3
0.103125		0.0234375		366.183
0.103125		0.028125		924.34
0.103125		0.0328125		738.119
0.103125		0.0375		623.181
0.103125		0.0421875		158.265
0.103125		0.046875		-93.613
0.103125		0.0515625		470.601
0.103125		0.05625		811.868
0.103125		0.0609375		332.089
0.103125		0.065625		52.9199
0.103125		0.0703125		462.559
0.103125		0.075		-159.479
0.103125		0.0796875		-175.459
0.103125		0.084375		312.553
0.103125		0.0890625		273.57
0.103125		0.09375		408.843
0.103125		0.0984375		349.238
0.103125		0.103125		387.222
0.103125		0.107813		697.033
0.103125		0.1125		1054.42
0.103125		0.117188		731.106
0.103125		0.121875		815.573
0.103125		0.126563		1844.33
0.103125		0.13125		4191.79
0.103125		0.135938		5882
0.103125		0.140625		726.972
0.103125		0.145313		957.28
0.103125		0.15		1039.63
0.107813		0		1039.8
0.107813		0.0046875		954.348
0.107813		0.009375		718.103
0.107813		0.0140625		-2470.38
0.107813		0.01875		-1140.75
0.107813		0.0234375		509.598
0.107813		0.028125		689.567
0.107813		0.0328125		427.392
0.107813		0.0375		573.884
0.107813		0.0421875		636.052
0.107813		0.046875		124.301
0.107813		0.0515625		228.15
0.107813		0.05625		671.206
0.107813		0.0609375		18.3763
0.107813		0.065625		89.6691
0.107813		0.0703125		435.246
0.107813		0.075		-203.817
0.107813		0.0796875		410.766
0.107813		0.084375		482.544
0.107813		0.0890625		337.336
0.107813		0.09375		732.103
0.107813		0.0984375		209.902
0.107813		0.103125		511.829
0.107813		0.107813		1068.44
0.107813		0.1125		320.955
0.107813		0.117188		553.277
0.107813		0.121875		1168.11
0.107813		0.126563		1894.53
0.107813		0.13125		4456.11
0.107813		0.135938		5963.68
0.107813		0.140625		754.083
0.107813		0.145313		1006.42
0.107813		0.15		1094.33
0.1125		0		960.924
0.1125		0.0046875		869.187
0.1125		0.009375		581.133
0.1125		0.0140625		-2659.54
0.1125		0.01875		-1100.7
0.1125		0.0234375		525.784
0.1125		0.028125		709.528
0.1125		0.0328125		278.93
0.1125		0.0375		100.112
0.1125		0.0421875		194.107
0.1125		0.046875		324.405
0.1125		0.0515625		219.45
0.1125		0.05625		121.765
0.1125		0.0609375		-5.94333
0.1125		0.065625		149.833
0.1125		0.0703125		652.911
0.1125		0.075		227.955
0.1125		0.0796875		-87.5547
0.1125		0.084375		70.7057
0.1125		0.0890625		597.979
0.1125		0.09375		638.627
0.1125		0.0984375		132.213
0.1125		0.103125		517.771
0.1125		0.107813		1167.2
0.1125		0.1125		192.137
0.1125		0.117188		595.889
0.1125		0.121875		1513.54
0.1125		0.126563		2019.35
0.1125		0.13125		4116.78
0.1125		0.135938		5243.83
0.1125		0.140625		680.474
0.1125		0.145313		935.507
0.1125		0.15		1021.58
0.117188		0		780.008
0.117188		0.0046875		715.782
0.117188		0.009375		543.807
0.117188		0.0140625		-2827.4
0.117188		0.01875		-1160.09
0.117188		0.0234375		590.396
0.117188		0.028125		495.929
0.117188		0.0328125		49.5405
0.117188		0.0375		-104.859
0.117188		0.0421875		69.2645
0.117188		0.046875		263.455
0.117188		0.0515625		130.769
0.117188		0.05625		209.046
0.117188		0.0609375		256.568
0.117188		0.065625		100.143
0.117188		0.0703125		452.654
0.117188		0.075		413.131
0.117188		0.0796875		-234.587
0.117188		0.084375		-174.42
0.117188		0.0890625		680.874
0.117188		0.09375		844.469
0.117188		0.0984375		266.018
0.117188		0.103125		358.341
0.117188		0.107813		733.036
0.117188		0.1125		315.95
0.117188		0.117188		664.669
0.117188		0.121875		1273.46
0.117188		0.126563		1514.41
0.117188		0.13125		3690.12
0.117188		0.135938		5529.52
0.117188		0.140625		584.942
0.117188		0.145313		769.046
0.117188		0.15		835.877
0.121875		0		497.507
0.121875		0.0046875		457.066
0.121875		0.009375		349.248
0.121875		0.0140625		-3085.53
0.121875		0.01875		-1693.71
0.121875		0.0234375		-72.746
0.121875		0.028125		349.802
0.121875		0.0328125		144.571
0.121875		0.0375		-40.3403
0.121875		0.0421875		-164.285
0.121875		0.046875		-69.2669
0.121875		0.0515625		289.067
0.121875		0.05625		28.4335
0.121875		0.0609375		-98.4741
0.121875		0.065625		50.2472
0.121875		0.0703125		132.175
0.121875		0.075		48.1971
0.121875		0.0796875		153.46
0.121875		0.084375		503.545
0.121875		0.0890625		839.643
0.121875		0.09375		328.534
0.121875		0.0984375		-114.944
0.121875		0.103125		393.347
0.121875		0.107813		549.032
0.121875		0.1125		342.751
0.121875		0.117188		789.278
0.121875		0.121875		1079.42
0.121875		0.126563		1441.38
0.121875		0.13125		3380.05
0.121875		0.135938		4711.25
0.121875		0.140625		359.992
0.121875		0.145313		505.751
0.121875		0.15		553.12
0.126563		0		147.617
0.126563		0.0046875		128.327
0.126563		0.009375		57.6826
0.126563		0.0140625		-3469.03
0.126563		0.01875		-2321.42
0.126563		0.0234375		-625.695
0.126563		0.028125		-193.013
0.126563		0.0328125		-173.431
0.126563		0.0375		265.658
0.126563		0.0421875		35.692
0.126563		0.046875		-19.1961
0.126563		0.0515625		423.526
0.126563		0.05625		321.396
0.126563		0.0609375		114.712
0.126563		0.065625		78.0507
0.126563		0.0703125		-317.272
0.126563		0.075		-156.268
0.126563		0.0796875		320.667
0.126563		0.084375		323.12
0.126563		0.0890625		515.801
0.126563		0.09375		-41.834
0.126563		0.0984375		-647.181
0.126563		0.103125		-1.47424
0.126563		0.107813		602.291
0.126563		0.1125		412.805
0.126563		0.117188		507.074
0.126563		0.121875		639.081
0.126563		0.126563		1022.44
0.126563		0.13125		2943.15
0.126563		0.135938		4411.9
0.126563		0.140625		147.164
0.126563		0.145313		201.425
0.126563		0.15		218.093
0.13125		0		-209.717
0.13125		0.0046875		-194.57
0.13125		0.009375		-158.203
0.13125		0.0140625		-4243.79
0.13125		0.01875		-2893.97
0.13125		0.0234375		-929.143
0.13125		0.028125		-265.973
0.13125		0.0328125		-264.914
0.13125		0.0375		33.6414
0.13125		0.0421875		-300.669
0.13125		0.046875		-257.127
0.13125		0.0515625		324.344
0.13125		0.05625		-199.783
0.13125		0.0609375		-620.275
0.13125		0.065625		54.8828
0.13125		0.0703125		218.079
0.13125		0.075		315.732
0.13125		0.0796875		470.192
0.13125		0.084375		27.6026
0.13125		0.0890625		-189.747
0.13125		0.09375		-166.815
0.13125		0.0984375		208.522
0.13125		0.103125		-56.6722
0.13125		0.107813		-285.312
0.13125		0.1125		-138.818
0.13125		0.117188		437.527
0.13125		0.121875		859.852
0.13125		0.126563		806.027
0.13125		0.13125		2229.92
0.13125		0.135938		3579.48
0.13125		0.140625		-50.0176
0.13125		0.145313		-110.538
0.13125		0.15		-130.841
0.135938		0		-538.265
0.135938		0.0046875		-485.306
0.135938		0.009375		-326.347
0.135938		0.0140625		-5126.56
0.135938		0.01875		-3734.46
0.135938		0.0234375		-1293.43
0.135938		0.028125		-481.906
0.135938		0.0328125		-476.686
0.135938		0.0375		-138.479
0.135938		0.0421875		-166.433
0.135938		0.046875		-157.136
0.135938		0.0515625		182.672
0.135938		0.05625		-497.051
0.135938		0.0609375		-932.536
0.135938		0.065625		-196.408
0.135938		0.0703125		168.532
0.135938		0.075		345.326
0.135938		0.0796875		538.772
0.135938		0.084375		351.419
0.135938		0.0890625		-366.29
0.135938		0.09375		-127.716
0.135938		0.0984375		167.869
0.135938		0.103125		-453.24
0.135938		0.107813		-259.206
0.135938		0.1125		-284.427
0.135938		0.117188		72.6133
0.135938		0.121875		385.525
0.135938		0.126563		187.579
0.135938		0.13125		1777.55
0.135938		0.135938		3057.63
0.135938		0.140625		-246.797
0.135938		0.145313		-408.155
0.135938		0.15		-461.904
0.140625		0		-814.583
0.140625		0.0046875		-736.677
0.140625		0.009375		-496.848
0.140625		0.0140625		-5628.97
0.140625		0.01875		-3958.94
0.140625		0.0234375		-1571.11
0.140625		0.028125		-1036.35
0.140625		0.0328125		-801.154
0.140625		0.0375		-484.009
0.140625		0.0421875		-760.288
0.140625		0.046875		-504.934
0.140625		0.0515625		-13.0888
0.140625		0.05625		-665.533
0.140625		0.0609375		-601.433
0.140625		0.065625		229.155
0.140625		0.0703125		235.444
0.140625		0.075		231.217
0.140625		0.0796875		303.294
0.140625		0.084375		453.977
0.140625		0.0890625		317.771
0.140625		0.09375		-163.703
0.140625		0.0984375		-104.982
0.140625		0.103125		-299.451
0.140625		0.107813		-356.021
0.140625		0.1125		-470.445
0.140625		0.117188		-679.303
0.140625		0.121875		2.54082
0.140625		0.126563		425.292
0.140625		0.13125		1370.24
0.140625		0.135938		2247.66
0.140625		0.140625		-450.357
0.140625		0.145313		-665.675
0.140625		0.15		-742.397
0.145313		0		-1009.29
0.145313		0.0046875		-926.937
0.145313		0.009375		-700.099
0.145313		0.0140625		-6061.69
0.145313		0.01875		-4168.51
0.145313		0.0234375		-1700.39
0.145313		0.028125		-1052.55
0.145313		0.0328125		-678.709
0.145313		0.0375		-530.605
0.145313		0.0421875		-777.797
0.145313		0.046875		-882.487
0.145313		0.0515625		-840.07
0.145313		0.05625		-551.536
0.145313		0.0609375		-471.477
0.145313		0.065625		-214.421
0.145313		0.0703125		40.9627
0.145313		0.075		105.071
0.145313		0.0796875		392.125
0.145313		0.084375		663.324
0.145313		0.0890625		734.419
0.145313		0.09375		-62.5934
0.145313		0.0984375		163.213
0.145313		0.103125		-404.891
0.145313		0.107813		-1295.57
0.145313		0.1125		-653.891
0.145313		0.117188		-527.805
0.145313		0.121875		-131.074
0.145313		0.126563		233.423
0.145313		0.13125		1266.75
0.145313		0.135938		2282.21
0.145313		0.140625		-544.414
0.145313		0.145313		-839.386
0.145313		0.15		-936.592
0.15		0		-1078.09
0.15		0.0046875		-988.237
0.15		0.009375		-729.808
0.15		0.0140625		-5868.34
0.15		0.01875		-4257.88
0.15		0.0234375		-2133.55
0.15		0.028125		-1469.88
0.15		0.0328125		-968.912
0.15		0.0375		-429.187
0.15		0.0421875		-326.075
0.15		0.046875		-407.232
0.15		0.0515625		-641.242
0.15		0.05625		-719.421
0.15		0.0609375		-423.784
0.15		0.065625		-303.136
0.15		0.0703125		-47.2964
0.15		0.075		624.832
0.15		0.0796875		284.571
0.15		0.084375		-287.675
0.15		0.0890625		13.0885
0.15		0.09375		-178.447
0.15		0.0984375		-20.4458
0.15		0.103125		-435.983
0.15		0.107813		-991.813
0.15		0.1125		-512.875
0.15		0.117188		-378.013
0.15		0.121875		-366.848
0.15		0.126563		-177.238
0.15		0.13125		1222.37
0.15		0.135938		2447.02
0.15		0.140625		-670.773
0.15		0.145313		-938.488
0.15		0.15		-1032.42
0.154688		0		-1014.94
0.154688		0.0046875		-926.286
0.154688		0.009375		-656.351
0.154688		0.0140625		-6131.69
0.154688		0.01875		-4439.17
0.154688		0.0234375		-1995.29
0.154688		0.028125		-750.122
0.154688		0.0328125		-926.878
0.154688		0.0375		-1038.46
0.154688		0.0421875		-593.476
0.154688		0.046875		-356.713
0.154688		0.0515625		106.294
0.154688		0.05625		-255.681
0.154688		0.0609375		-392.475
0.154688		0.065625		-164.6
0.154688		0.0703125		96.8314
0.154688		0.075		39.5231
0.154688		0.0796875		-381.632
0.154688		0.084375		-119.059
0.154688		0.0890625		217.332
0.154688		0.09375		-112.127
0.154688		0.0984375		-193.033
0.154688		0.103125		-421.284
0.154688		0.107813		-608.455
0.154688		0.1125		-260.474
0.154688		0.117188		-372.378
0.154688		0.121875		-461.59
0.154688		0.126563		-29.9701
0.154688		0.13125		1285.09
0.154688		0.135938		2168.61
0.154688		0.140625		-690.677
0.154688		0.145313		-920.08
0.154688		0.15		-1001.87
0.159375		0		-830.716
0.159375		0.0046875		-773.476
0.159375		0.009375		-646.577
0.159375		0.0140625		-5091.82
0.159375		0.01875		-3778.26
0.159375		0.0234375		-1962.62
0.159375		0.028125		-1252.2
0.159375		0.0328125		-678.034
0.159375		0.0375		-232.152
0.159375		0.0421875		-632.869
0.159375		0.046875		-1076.39
0.159375		0.0515625		-106.141
0.159375		0.05625		20.7368
0.159375		0.0609375		72.7087
0.159375		0.065625		592.347
0.159375		0.0703125		-62.3764
0.159375		0.075		-633.423
0.159375		0.0796875		-278.357
0.159375		0.084375		-204.696
0.159375		0.0890625		-290.199
0.159375		0.09375		342.538
0.159375		0.0984375		133.217
0.159375		0.103125		-524.668
0.159375		0.107813		-690.743
0.159375		0.1125		-352.276
0.159375		0.117188		-119.477
0.159375		0.121875		-204.555
0.159375		0.126563		-57.1069
0.159375		0.13125		1264.88
0.159375		0.135938		2359.59
0.159375		0.140625		-598.841
0.159375		0.145313		-773.603
0.159375		0.15		-837.227
0.164062		0		-516.44
0.164062		0.0046875		-466.062
0.164062		0.009375		-314.105
0.164062		0.0140625		-4920.78
0.164062		0.01875		-3337.2
0.164062		0.0234375		-1526.2
0.164062		0.028125		-1212.14
0.164062		0.0328125		-611.222
0.164062		0.0375		55.6724
0.164062		0.0421875		-240.1
0.164062		0.046875		-848.403
0.164062		0.0515625		-310.306
0.164062		0.05625		-143.456
0.164062		0.0609375		-243.393
0.164062		0.065625		261.587
0.164062		0.0703125		78.7818
0.164062		0.075		-743.724
0.164062		0.0796875		-280.581
0.164062		0.084375		131.712
0.164062		0.0890625		-474.385
0.164062		0.09375		-78.4504
0.164062		0.0984375		317.504
0.164062		0.103125		27.5254
0.164062		0.107813		-383.745
0.164062		0.1125		-486.781
0.164062		0.117188		-361.161
0.164062		0.121875		76.0971
0.164062		0.126563		352.64
0.164062		0.13125		1751.07
0.164062		0.135938		3192.13
0.164062		0.140625		-390.362
0.164062		0.145313		-511.278
0.164062		0.15		-554.737
0.16875		0		-138.207
0.16875		0.0046875		-110.573
0.16875		0.009375		-30.741
0.16875		0.0140625		-4336.44
0.16875		0.01875		-2794.01
0.16875		0.0234375		-1267.75
0.16875		0.028125		-1350.35
0.16875		0.0328125		-682.657
0.16875		0.0375		-223.774
0.16875		0.0421875		-292.764
0.16875		0.046875		-165.805
0.16875		0.0515625		121.051
0.16875		0.05625		-205.331
0.16875		0.0609375		-406.822
0.16875		0.065625		399.081
0.16875		0.0703125		411.989
0.16875		0.075		-376.904
0.16875		0.0796875		-110.305
0.16875		0.084375		370.712
0.16875		0.0890625		-213.045
0.16875		0.09375		-424.939
0.16875		0.0984375		352.466
0.16875		0.103125		607.586
0.16875		0.107813		-23.12
0.16875		0.1125		-246.137
0.16875		0.117188		-130.033
0.16875		0.121875		-139.328
0.16875		0.126563		400.192
0.16875		0.13125		2476.13
0.16875		0.135938		3871.9
0.16875		0.140625		-111.495
0.16875		0.145313		-174.672
0.16875		0.15		-193.616
0.173438		0		246.453
0.173438		0.0046875		250.813
0.173438		0.009375		292.966
0.173438		0.0140625		-4266.47
0.173438		0.01875		-2516.26
0.173438		0.0234375		-528.55
0.173438		0.028125		-423.053
0.173438		0.0328125		-255.536
0.173438		0.0375		-269.272
0.173438		0.0421875		-420.325
0.173438		0.046875		-273.522
0.173438		0.0515625		-198.274
0.173438		0.05625		117.278
0.173438		0.0609375		373.948
0.173438		0.065625		25.5953
0.173438		0.0703125		-76.4639
0.173438		0.075		-51.4479
0.173438		0.0796875		246.662
0.173438		0.084375		197.881
0.173438		0.0890625		-581.874
0.173438		0.09375		-338.051
0.173438		0.0984375		126.297
0.173438		0.103125		51.3668
0.173438		0.107813		-171.32
0.173438		0.1125		18.1039
0.173438		0.117188		372.75
0.173438		0.121875		179.748
0.173438		0.126563		792.862
0.173438		0.13125		3071.1
0.173438		0.135938		4485.06
0.173438		0.140625		90.6691
0.173438		0.145313		174.071
0.173438		0.15		196.119
0.178125		0		575.688
0.178125		0.0046875		533.886
0.178125		0.009375		417.093
0.178125		0.0140625		-4121.79
0.178125		0.01875		-2254.75
0.178125		0.0234375		-119.703
0.178125		0.028125		-132.832
0.178125		0.0328125		92.076
0.178125		0.0375		233.63
0.178125		0.0421875		-343.55
0.178125		0.046875		-58.8619
0.178125		0.0515625		186.694
0.178125		0.05625		11.8493
0.178125		0.0609375		180.771
0.178125		0.065625		23.1434
0.178125		0.0703125		216.254
0.178125		0.075		460.212
0.178125		0.0796875		264.971
0.178125		0.084375		0.496201
0.178125		0.0890625		-603.794
0.178125		0.09375		-327.435
0.178125		0.0984375		147.705
0.178125		0.103125		298.209
0.178125		0.107813		357.127
0.178125		0.1125		-76.516
0.178125		0.117188		-125.441
0.178125		0.121875		472.63
0.178125		0.126563		1464.33
0.178125		0.13125		3515.1
0.178125		0.135938		5016.66
0.178125		0.140625		438.071
0.178125		0.145313		543.13
0.178125		0.15		586.017
0.182813		0		837.859
0.182813		0.0046875		756.037
0.182813		0.009375		508.5
0.182813		0.0140625		-3358.53
0.182813		0.01875		-1586.01
0.182813		0.0234375		25.3871
0.182813		0.028125		131.008
0.182813		0.0328125		321.821
0.182813		0.0375		-69.7663
0.182813		0.0421875		-447.434
0.182813		0.046875		279.849
0.182813		0.0515625		445.691
0.182813		0.05625		322.694
0.182813		0.0609375		509.803
0.182813		0.065625		280.856
0.182813		0.0703125		-115.389
0.182813		0.075		-437.755
0.182813		0.0796875		219.883
0.182813		0.084375		438.273
0.182813		0.0890625		19.7868
0.182813		0.09375		138.019
0.182813		0.0984375		195.465
0.182813		0.103125		164.025
0.182813		0.107813		116.459
0.182813		0.1125		411.955
0.182813		0.117188		505.849
0.182813		0.121875		482.809
0.182813		0.126563		1490.93
0.182813		0.13125		4044.54
0.182813		0.135938		5983.03
0.182813		0.140625		626.474
0.182813		0.145313		839.566
0.182813		0.15		912.412
0.1875		0		1029.88
0.1875		0.0046875		927.289
0.1875		0.009375		617.94
0.1875		0.0140625		-3005.22
0.1875		0.01875		-1348.3
0.1875		0.0234375		166.948
0.1875		0.028125		367.025
0.1875		0.0328125		305.475
0.1875		0.0375		137.424
0.1875		0.0421875		166.759
0.1875		0.046875		171.944
0.1875		0.0515625		117.999
0.1875		0.05625		363.378
0.1875		0.0609375		315.749
0.1875		0.065625		82.5574
0.1875		0.0703125		236.87
0.1875		0.075		-137.44
0.1875		0.0796875		-149.533
0.1875		0.084375		242.746
0.1875		0.0890625		6.52019
0.1875		0.09375		-77.0731
0.1875		0.0984375		415.854
0.1875		0.103125		311.842
0.1875		0.107813		92.6155
0.1875		0.1125		210.198
0.1875		0.117188		722.733
0.1875		0.121875		1321.04
0.1875		0.126563		1690.73
0.1875		0.13125		3995.23
0.1875		0.135938		6108.95
0.1875		0.140625		825.292
0.1875		0.145313		1062.42
0.1875		0.15		1147.48
0.192188		0		1132.71
0.192188		0.0046875		1033.73
0.192188		0.009375		760.415
0.192188		0.0140625		-2658.78
0.192188		0.01875		-1403.14
0.192188		0.0234375		104.564
0.192188		0.028125		701.09
0.192188		0.0328125		495.791
0.192188		0.0375		-368.736
0.192188		0.0421875		-16.8304
0.192188		0.046875		313.601
0.192188		0.0515625		174.539
0.192188		0.05625		483.886
0.192188		0.0609375		-161.766
0.192188		0.065625		-251.538
0.192188		0.0703125		76.731
0.192188		0.075		-147.694
0.192188		0.0796875		51.3609
0.192188		0.084375		176.079
0.192188		0.0890625		362.817
0.192188		0.09375		664.225
0.192188		0.0984375		925.544
0.192188		0.103125		556.321
0.192188		0.107813		72.5308
0.192188		0.1125		84.7245
0.192188		0.117188		694.337
0.192188		0.121875		1137.13
0.192188		0.126563		1361.08
0.192188		0.13125		4068.34
0.192188		0.135938		6405.95
0.192188		0.140625		906.7
0.192188		0.145313		1167.31
0.192188		0.15		1257.72
0.196875		0		1116.43
0.196875		0.0046875		1019.72
0.196875		0.009375		727.586
0.196875		0.0140625		-2952.4
0.196875		0.01875		-1402.98
0.196875		0.0234375		438.802
0.196875		0.028125		606.885
0.196875		0.0328125		251.18
0.196875		0.0375		-121.755
0.196875		0.0421875		-25.0956
0.196875		0.046875		297.702
0.196875		0.0515625		474.18
0.196875		0.05625		419.515
0.196875		0.0609375		48.8802
0.196875		0.065625		-116.509
0.196875		0.0703125		-111.754
0.196875		0.075		16.8662
0.196875		0.0796875		-174.572
0.196875		0.084375		-299.283
0.196875		0.0890625		167.092
0.196875		0.09375		885.696
0.196875		0.0984375		792.64
0.196875		0.103125		367.2
0.196875		0.107813		545.235
0.196875		0.1125		341.536
0.196875		0.117188		879.219
0.196875		0.121875		1466.13
0.196875		0.126563		1610.53
0.196875		0.13125		3768.34
0.196875		0.135938		5618.41
0.196875		0.140625		936.677
0.196875		0.145313		1148.36
0.196875		0.15		1230.29
0.201563		0		987.246
0.201563		0.0046875		916.512
0.201563		0.009375		726.715
0.201563		0.0140625		-3017.78
0.201563		0.01875		-1804.48
0.201563		0.0234375		-62.144
0.201563		0.028125		482.725
0.201563		0.0328125		661.704
0.201563		0.0375		197.42
0.201563		0.0421875		-164.045
0.201563		0.046875		-115.637
0.201563		0.0515625		-20.4223
0.201563		0.05625		299.399
0.201563		0.0609375		16.8715
0.201563		0.065625		143.074
0.201563		0.0703125		153.628
0.201563		0.075		-529.28
0.201563		0.0796875		-112.682
0.201563		0.084375		589.827
0.201563		0.0890625		165.947
0.201563		0.09375		331.468
0.201563		0.0984375		143.599
0.201563		0.103125		-146.874
0.201563		0.107813		514.099
0.201563		0.1125		738.378
0.201563		0.117188		1008.46
0.201563		0.121875		1202.65
0.201563		0.126563		1555.17
0.201563		0.13125		3622.92
0.201563		0.135938		5320.6
0.201563		0.140625		667.39
0.201563		0.145313		972.561
0.201563		0.15		1063.01
0.20625		0		738.799
0.20625		0.0046875		692.556
0.20625		0.009375		554.654
0.20625		0.0140625		-3095.66
0.20625		0.01875		-1867.59
0.20625		0.0234375		-271.719
0.20625		0.028125		-173.212
0.20625		0.0328125		261.401
0.20625		0.0375		122.979
0.20625		0.0421875		-404.163
0.20625		0.046875		-222.701
0.20625		0.0515625		-23.3168
0.20625		0.05625		213.62
0.20625		0.0609375		-413.252
0.20625		0.065625		-124.469
0.20625		0.0703125		519.757
0.20625		0.075		-80.5563
0.20625		0.0796875		-498.277
0.20625		0.084375		-84.2785
0.20625		0.0890625		427.044
0.20625		0.09375		-4.39896
0.20625		0.0984375		-442.666
0.20625		0.103125		67.8336
0.20625		0.107813		677.158
0.20625		0.1125		699.479
0.20625		0.117188		585.84
0.20625		0.121875		782.617
0.20625		0.126563		1341.78
0.20625		0.13125		3436.32
0.20625		0.135938		5107.79
0.20625		0.140625		628.28
0.20625		0.145313		768.824
0.20625		0.15		819.726
0.210938		0		399.354
0.210938		0.0046875		390.639
0.210938		0.009375		385.762
0.210938		0.0140625		-3928.72
0.210938		0.01875		-2390.33
0.210938		0.0234375		-752.002
0.210938		0.028125		-515.047
0.210938		0.0328125		53.3142
0.210938		0.0375		-154.515
0.210938		0.0421875		-274.103
0.210938		0.046875		26.2112
0.210938		0.0515625		60.3515
0.210938		0.05625		-40.5727
0.210938		0.0609375		-604.876
0.210938		0.065625		-208.084
0.210938		0.0703125		654.704
0.210938		0.075		516.639
0.210938		0.0796875		-511.623
0.210938		0.084375		-625.482
0.210938		0.0890625		36.2391
0.210938		0.09375		204.193
0.210938		0.0984375		75.4825
0.210938		0.103125		-3.25119
0.210938		0.107813		330.714
0.210938		0.1125		371.847
0.210938		0.117188		172.352
0.210938		0.121875		705.748
0.210938		0.126563		1249.54
0.210938		0.13125		2963.22
0.210938		0.135938		4649.67
0.210938		0.140625		460.138
0.210938		0.145313		484.516
0.210938		0.15		497.199
0.215625		0		-7.71419
0.215625		0.0046875		6.3638
0.215625		0.009375		48.54
0.215625		0.0140625		-4825.65
0.215625		0.01875		-2987.6
0.215625		0.0234375		-1297.5
0.215625		0.028125		-1086.74
0.215625		0.0328125		-126.041
0.215625		0.0375		-203.061
0.215625		0.0421875		-295.565
0.215625		0.046875		45.7618
0.215625		0.0515625		-253.768
0.215625		0.05625		-77.663
0.215625		0.0609375		170.301
0.215625		0.065625		176.687
0.215625		0.0703125		329.038
0.215625		0.075		18.6808
0.215625		0.0796875		-374.637
0.215625		0.084375		-284.402
0.215625		0.0890625		-466.729
0.215625		0.09375		-33.7656
0.215625		0.0984375		691.807
0.215625		0.103125		-137.981
0.215625		0.107813		-366.326
0.215625		0.1125		623.59
0.215625		0.117188		264.413
0.215625		0.121875		23.0777
0.215625		0.126563		629.773
0.215625		0.13125		2584.2
0.215625		0.135938		4337.71
0.215625		0.140625		202.426
0.215625		0.145313		133.865
0.215625		0.15		112.869
0.220313		0		-420.561
0.220313		0.0046875		-386.065
0.220313		0.009375		-297.881
0.220313		0.0140625		-5190.57
0.220313		0.01875		-3447.28
0.220313		0.0234375		-1123.9
0.220313		0.028125		-962.079
0.220313		0.0328125		-1045.3
0.220313		0.0375		-308.762
0.220313		0.0421875		-52.0896
0.220313		0.046875		-491.809
0.220313		0.0515625		-1020.64
0.220313		0.05625		-216.266
0.220313		0.0609375		703.454
0.220313		0.065625		126.047
0.220313		0.0703125		-204.958
0.220313		0.075		-231.557
0.220313		0.0796875		-392.134
0.220313		0.084375		-321.526
0.220313		0.0890625		-145.408
0.220313		0.09375		131.106
0.220313		0.0984375		257.828
0.220313		0.103125		-197.144
0.220313		0.107813		-279.971
0.220313		0.1125		-115.556
0.220313		0.117188		-119.685
0.220313		0.121875		70.0371
0.220313		0.126563		455.516
0.220313		0.13125		2231.34
0.220313		0.135938		3658.25
0.220313		0.140625		-85.4693
0.220313		0.145313		-244.562
0.220313		0.15		-291.323
0.225		0		-775.007
0.225		0.0046875		-715.989
0.225		0.009375		-556.229
0.225		0.0140625		-5609.81
0.225		0.01875		-4120.66
0.225		0.0234375		-1761.57
0.225		0.028125		-987.517
0.225		0.0328125		-770.099
0.225		0.0375		-388.574
0.225		0.0421875		-374.99
0.225		0.046875		-647.83
0.225		0.0515625		-472.567
0.225		0.05625		391.762
0.225		0.0609375		535.989
0.225		0.065625		-304.702
0.225		0.0703125		-183.843
0.225		0.075		-231.554
0.225		0.0796875		-349.881
0.225		0.084375		-17.1203
0.225		0.0890625		-191.449
0.225		0.09375		-178.682
0.225		0.0984375		218.296
0.225		0.103125		-283.609
0.225		0.107813		-725.163
0.225		0.1125		-33.3544
0.225		0.117188		-52.0865
0.225		0.121875		-151.148
0.225		0.126563		156.596
0.225		0.13125		1832.7
0.225		0.135938		3310.77
0.225		0.140625		-528.931
0.225		0.145313		-617.467
0.225		0.15		-663.455
0.229688		0		-1029.73
0.229688		0.0046875		-947.319
0.229688		0.009375		-701.594
0.229688		0.0140625		-5826.07
0.229688		0.01875		-4228.62
0.229688		0.0234375		-1918.26
0.229688		0.028125		-976.272
0.229688		0.0328125		-674.86
0.229688		0.0375		-639.829
0.229688		0.0421875		-246.04
0.229688		0.046875		-260.772
0.229688		0.0515625		-387.48
0.229688		0.05625		-30.5715
0.229688		0.0609375		-123.101
0.229688		0.065625		-166.02
0.229688		0.0703125		-354.518
0.229688		0.075		-515.115
0.229688		0.0796875		45.8887
0.229688		0.084375		-186.36
0.229688		0.0890625		-491.061
0.229688		0.09375		-43.9484
0.229688		0.0984375		283.243
0.229688		0.103125		-670.313
0.229688		0.107813		-1081.57
0.229688		0.1125		-449.948
0.229688		0.117188		22.2149
0.229688		0.121875		420.697
0.229688		0.126563		-81.2833
0.229688		0.13125		1265.86
0.229688		0.135938		2877.28
0.229688		0.140625		-603.823
0.229688		0.145313		-832.871
0.229688		0.15		-909.277
0.234375		0		-1169.13
0.234375		0.0046875		-1082.8
0.234375		0.009375		-831.939
0.234375		0.0140625		-6105.56
0.234375		0.01875		-4235.37
0.234375		0.0234375		-2164.39
0.234375		0.028125		-1066.95
0.234375		0.0328125		-647.257
0.234375		0.0375		-1190.59
0.234375		0.0421875		-310.88
0.234375		0.046875		74.2633
0.234375		0.0515625		-30.4877
0.234375		0.05625		-360.883
0.234375		0.0609375		-691.318
0.234375		0.065625		-233.652
0.234375		0.0703125		278.277
0.234375		0.075		349.573
0.234375		0.0796875		77.9423
0.234375		0.084375		-339.495
0.234375		0.0890625		-359.61
0.234375		0.09375		-148.805
0.234375		0.0984375		-30.9335
0.234375		0.103125		-385.917
0.234375		0.107813		-676.4
0.234375		0.1125		-460.996
0.234375		0.117188		-111.404
0.234375		0.121875		135.801
0.234375		0.126563		-191.859
0.234375		0.13125		1141.99
0.234375		0.135938		2380.14
0.234375		0.140625		-708.408
0.234375		0.145313		-941.542
0.234375		0.15		-1025.35
0.239063		0		-1171.55
0.239063		0.0046875		-1095.14
0.239063		0.009375		-892.298
0.239063		0.0140625		-5735.12
0.239063		0.01875		-3905.65
0.239063		0.0234375		-2167.51
0.239063		0.028125		-1266.73
0.239063		0.0328125		-186.335
0.239063		0.0375		-631.603
0.239063		0.0421875		-657.775
0.239063		0.046875		-427.223
0.239063		0.0515625		-318.679
0.239063		0.05625		-518.239
0.239063		0.0609375		-829.844
0.239063		0.065625		135.799
0.239063		0.0703125		519.482
0.239063		0.075		152.477
0.239063		0.0796875		-124.402
0.239063		0.084375		-662.291
0.239063		0.0890625		-659.829
0.239063		0.09375		246.038
0.239063		0.0984375		437.646
0.239063		0.103125		-481.91
0.239063		0.107813		-548.686
0.239063		0.1125		-699.744
0.239063		0.117188		-719.331
0.239063		0.121875		-327.523
0.239063		0.126563		-72.2695
0.239063		0.13125		1493.07
0.239063		0.135938		2603.14
0.239063		0.140625		-665.795
0.239063		0.145313		-910.838
0.239063		0.15		-997.867
0.24375		0		-1021.64
0.24375		0.0046875		-951.416
0.24375		0.009375		-744.995
0.24375		0.0140625		-5537.86
0.24375		0.01875		-3929.57
0.24375		0.0234375		-1956.91
0.24375		0.028125		-958.494
0.24375		0.0328125		-371.858
0.24375		0.0375		-643.327
0.24375		0.0421875		-553.304
0.24375		0.046875		-298.342
0.24375		0.0515625		1.69846
0.24375		0.05625		-150.724
0.24375		0.0609375		-722.799
0.24375		0.065625		-470.193
0.24375		0.0703125		411.143
0.24375		0.075		328.731
0.24375		0.0796875		-495.163
0.24375		0.084375		-108.44
0.24375		0.0890625		-322.542
0.24375		0.09375		-351.865
0.24375		0.0984375		-142.647
0.24375		0.103125		-416.134
0.24375		0.107813		80.9278
0.24375		0.1125		-363.28
0.24375		0.117188		-906.124
0.24375		0.121875		-14.7284
0.24375		0.126563		868.195
0.24375		0.13125		1619.88
0.24375		0.135938		2243.64
0.24375		0.140625		-486.504
0.24375		0.145313		-752.734
0.24375		0.15		-839.135
0.248438		0		-749.209
0.248438		0.0046875		-699.169
0.248438		0.009375		-576.593
0.248438		0.0140625		-5492.32
0.248438		0.01875		-3444.19
0.248438		0.0234375		-1042.44
0.248438		0.028125		-723.743
0.248438		0.0328125		-782.157
0.248438		0.0375		-798.756
0.248438		0.0421875		-342.704
0.248438		0.046875		-301.519
0.248438		0.0515625		-148.637
0.248438		0.05625		268.325
0.248438		0.0609375		-95.6005
0.248438		0.065625		131.835
0.248438		0.0703125		328.217
0.248438		0.075		-30.1384
0.248438		0.0796875		-90.8738
0.248438		0.084375		72.2004
0.248438		0.0890625		-186.958
0.248438		0.09375		-143.322
0.248438		0.0984375		-19.0679
0.248438		0.103125		-425.695
0.248438		0.107813		23.1609
0.248438		0.1125		-140.426
0.248438		0.117188		-985.497
0.248438		0.121875		-9.63287
0.248438		0.126563		1047.33
0.248438		0.13125		1985.8
0.248438		0.135938		2964.27
0.248438		0.140625		-354.742
0.248438		0.145313		-528.281
0.248438		0.15		-589.043
0.253125		0		-385.02
0.253125		0.0046875		-340.375
0.253125		0.009375		-182.311
0.253125		0.0140625		-4674.44
0.253125		0.01875		-3401.31
0.253125		0.0234375		-1252.99
0.253125		0.028125		69.3181
0.253125		0.0328125		-195.2
0.253125		0.0375		-775.327
0.253125		0.0421875		164.032
0.253125		0.046875		65.5868
0.253125		0.0515625		-400.264
0.253125		0.05625		-310.685
0.253125		0.0609375		-442.464
0.253125		0.065625		7.61539
0.253125		0.0703125		310.075
0.253125		0.075		410.622
0.253125		0.0796875		137.74
0.253125		0.084375		257.909
0.253125		0.0890625		91.923
0.253125		0.09375		-145.326
0.253125		0.0984375		343.688
0.253125		0.103125		-27.5454
0.253125		0.107813		-61.2584
0.253125		0.1125		-57.7098
0.253125		0.117188		-522.198
0.253125		0.121875		161.025
0.253125		0.126563		869.681
0.253125		0.13125		2514.56
0.253125		0.135938		4126.37
0.253125		0.140625		-165.685
0.253125		0.145313		-237.715
0.253125		0.15		-267.671
0.257812		0		-10.5963
0.257812		0.0046875		-2.95866
0.257812		0.009375		21.1789
0.257812		0.0140625		-4447.43
0.257812		0.01875		-3280.36
0.257812		0.0234375		-1138.28
0.257812		0.028125		-378.413
0.257812		0.0328125		65.1586
0.257812		0.0375		424.139
0.257812		0.0421875		343.007
0.257812		0.046875		336.434
0.257812		0.0515625		8.62491
0.257812		0.05625		-126.333
0.257812		0.0609375		-104.527
0.257812		0.065625		-173.748
0.257812		0.0703125		-118.278
0.257812		0.075		-38.9806
0.257812		0.0796875		62.2341
0.257812		0.084375		598.147
0.257812		0.0890625		142.725
0.257812		0.09375		119.646
0.257812		0.0984375		662.929
0.257812		0.103125		-241.939
0.257812		0.107813		-401.027
0.257812		0.1125		276.133
0.257812		0.117188		170.883
0.257812		0.121875		504.779
0.257812		0.126563		1090.3
0.257812		0.13125		2904.96
0.257812		0.135938		4728.86
0.257812		0.140625		142.816
0.257812		0.145313		101.997
0.257812		0.15		94.1947
0.2625		0		344.203
0.2625		0.0046875		314.424
0.2625		0.009375		238.189
0.2625		0.0140625		-3699.88
0.2625		0.01875		-2408.65
0.2625		0.0234375		-343.235
0.2625		0.028125		55.5676
0.2625		0.0328125		24.336
0.2625		0.0375		379.277
0.2625		0.0421875		341.267
0.2625		0.046875		443.311
0.2625		0.0515625		-126.962
0.2625		0.05625		-590.927
0.2625		0.0609375		307.889
0.2625		0.065625		382.153
0.2625		0.0703125		196.111
0.2625		0.075		23.3275
0.2625		0.0796875		-6.30164
0.2625		0.084375		595.019
0.2625		0.0890625		-3.1261
0.2625		0.09375		62.8419
0.2625		0.0984375		390.081
0.2625		0.103125		-240.939
0.2625		0.107813		257.669
0.2625		0.1125		681.467
0.2625		0.117188		88.2952
0.2625		0.121875		384.638
0.2625		0.126563		1500.21
0.2625		0.13125		3456.06
0.2625		0.135938		4893.71
0.2625		0.140625		302.656
0.2625		0.145313		404.32
0.2625		0.15		435.089
0.267188		0		649.339
0.267188		0.0046875		577.587
0.267188		0.009375		335.861
0.267188		0.0140625		-3391.5
0.267188		0.01875		-1729.84
0.267188		0.0234375		-26.5882
0.267188		0.028125		219.527
0.267188		0.0328125		490.068
0.267188		0.0375		594.085
0.267188		0.0421875		744.359
0.267188		0.046875		233.361
0.267188		0.0515625		-431.633
0.267188		0.05625		-328.315
0.267188		0.0609375		363.692
0.267188		0.065625		528.474
0.267188		0.0703125		192.387
0.267188		0.075		-23.2416
0.267188		0.0796875		373.272
0.267188		0.084375		993.568
0.267188		0.0890625		152.003
0.267188		0.09375		-42.8216
0.267188		0.0984375		423.334
0.267188		0.103125		103
0.267188		0.107813		175.377
0.267188		0.1125		762.83
0.267188		0.117188		755.382
0.267188		0.121875		738.57
0.267188		0.126563		1877.07
0.267188		0.13125		3910.12
0.267188		0.135938		5132.68
0.267188		0.140625		554.729
0.267188		0.145313		678.03
0.267188		0.15		728.399
0.271875		0		899.4
0.271875		0.0046875		826.042
0.271875		0.009375		629.707
0.271875		0.0140625		-2720.91
0.271875		0.01875		-1392.94
0.271875		0.0234375		-7.86867
0.271875		0.028125		22.2621
0.271875		0.0328125		322.065
0.271875		0.0375		750.891
0.271875		0.0421875		704.212
0.271875		0.046875		479.766
0.271875		0.0515625		511.154
0.271875		0.05625		-68.8303
0.271875		0.0609375		-178.5
0.271875		0.065625		165.528
0.271875		0.0703125		158.219
0.271875		0.075		251.881
0.271875		0.0796875		733.036
0.271875		0.084375		634.732
0.271875		0.0890625		-46.9975
0.271875		0.09375		358.062
0.271875		0.0984375		518.728
0.271875		0.103125		370.657
0.271875		0.107813		297.218
0.271875		0.1125		249.782
0.271875		0.117188		742.169
0.271875		0.121875		1321.2
0.271875		0.126563		2045.65
0.271875		0.13125		4243.37
0.271875		0.135938		5895.46
0.271875		0.140625		579.395
0.271875		0.145313		840.227
0.271875		0.15		924.642
0.276563		0		1031.18
0.276563		0.0046875		951.407
0.276563		0.009375		742.041
0.276563		0.0140625		-3104.26
0.276563		0.01875		-1551.45
0.276563		0.0234375		495.266
0.276563		0.028125		593.635
0.276563		0.0328125		341.339
0.276563		0.0375		780.209
0.276563		0.0421875		700.254
0.276563		0.046875		745.708
0.276563		0.0515625		437.451
0.276563		0.05625		-226.982
0.276563		0.0609375		-34.1074
0.276563		0.065625		-429.227
0.276563		0.0703125		132.486
0.276563		0.075		1028.78
0.276563		0.0796875		1049.35
0.276563		0.084375		395.973
0.276563		0.0890625		-126.181
0.276563		0.09375		612.526
0.276563		0.0984375		503.482
0.276563		0.103125		-50.8013
0.276563		0.107813		178.751
0.276563		0.1125		636.465
0.276563		0.117188		858.417
0.276563		0.121875		1084.53
0.276563		0.126563		2073.61
0.276563		0.13125		4380.88
0.276563		0.135938		5884.52
0.276563		0.140625		661.369
0.276563		0.145313		932.115
0.276563		0.15		1026.24
0.28125		0		1023.54
0.28125		0.0046875		928.336
0.28125		0.009375		639.968
0.28125		0.0140625		-2934.77
0.28125		0.01875		-1533.36
0.28125		0.0234375		372.476
0.28125		0.028125		858.562
0.28125		0.0328125		249.787
0.28125		0.0375		223.585
0.28125		0.0421875		753.102
0.28125		0.046875		522.991
0.28125		0.0515625		382.994
0.28125		0.05625		265.582
0.28125		0.0609375		3.9754
0.28125		0.065625		-400.432
0.28125		0.0703125		-22.7815
0.28125		0.075		543.209
0.28125		0.0796875		920.375
0.28125		0.084375		671.214
0.28125		0.0890625		406.852
0.28125		0.09375		689.184
0.28125		0.0984375		467.146
0.28125		0.103125		328.366
0.28125		0.107813		386.251
0.28125		0.1125		675.328
0.28125		0.117188		672.5
0.28125		0.121875		1146.62
0.28125		0.126563		2171.38
0.28125		0.13125		4134.13
0.28125		0.135938		5656.61
0.28125		0.140625		631.428
0.28125		0.145313		922.885
0.28125		0.15		1017.71
0.285938		0		906.249
0.285938		0.0046875		823.151
0.285938		0.009375		573.008
0.285938		0.0140625		-2762.88
0.285938		0.01875		-1667.98
0.285938		0.0234375		190.606
0.285938		0.028125		915.104
0.285938		0.0328125		723.453
0.285938		0.0375		345.738
0.285938		0.0421875		-144.872
0.285938		0.046875		-160.824
0.285938		0.0515625		295.225
0.285938		0.05625		507.29
0.285938		0.0609375		331.314
0.285938		0.065625		-210.394
0.285938		0.0703125		-109.249
0.285938		0.075		373.471
0.285938		0.0796875		886.817
0.285938		0.084375		687.675
0.285938		0.0890625		88.1774
0.285938		0.09375		271.18
0.285938		0.0984375		583.942
0.285938		0.103125		440.204
0.285938		0.107813		360.267
0.285938		0.1125		365.314
0.285938		0.117188		645.607
0.285938		0.121875		1310.36
0.285938		0.126563		1846.93
0.285938		0.13125		3717.83
0.285938		0.135938		5156.38
0.285938		0.140625		660.715
0.285938		0.145313		833.112
0.285938		0.15		901.358
0.290625		0		692.033
0.290625		0.0046875		643.778
0.290625		0.009375		520.861
0.290625		0.0140625		-2370.43
0.290625		0.01875		-1545.62
0.290625		0.0234375		-224.663
0.290625		0.028125		77.4855
0.290625		0.0328125		177.488
0.290625		0.0375		205.693
0.290625		0.0421875		253.183
0.290625		0.046875		315.015
0.290625		0.0515625		14.8182
0.290625		0.05625		565.983
0.290625		0.0609375		671.883
0.290625		0.065625		-326.299
0.290625		0.0703125		-539.679
0.290625		0.075		-89.2986
0.290625		0.0796875		711.689
0.290625		0.084375		406.233
0.290625		0.0890625		-103.232
0.290625		0.09375		6.10136
0.290625		0.0984375		26.1806
0.290625		0.103125		364.718
0.290625		0.107813		559.725
0.290625		0.1125		495.895
0.290625		0.117188		682.774
0.290625		0.121875		1030.17
0.290625		0.126563		1298.69
0.290625		0.13125		3065.99
0.290625		0.135938		4456.84
0.290625		0.140625		463.877
0.290625		0.145313		605.542
0.290625		0.15		660.404
0.295313		0		378.662
0.295313		0.0046875		359.29
0.295313		0.009375		318.857
0.295313		0.0140625		-1680.72
0.295313		0.01875		-1007.81
0.295313		0.0234375		-88.8359
0.295313		0.028125		-49.8213
0.295313		0.0328125		-105.554
0.295313		0.0375		-164.189
0.295313		0.0421875		123.864
0.295313		0.046875		102.256
0.295313		0.0515625		-299.976
0.295313		0.05625		344.872
0.295313		0.0609375		574.259
0.295313		0.065625		127.964
0.295313		0.0703125		95.5232
0.295313		0.075		179.482
0.295313		0.0796875		248.57
0.295313		0.084375		57.36
0.295313		0.0890625		-124.399
0.295313		0.09375		134.599
0.295313		0.0984375		307.047
0.295313		0.103125		168.638
0.295313		0.107813		270.356
0.295313		0.1125		438.059
0.295313		0.117188		482.674
0.295313		0.121875		531.341
0.295313		0.126563		828.822
0.295313		0.13125		2240.71
0.295313		0.135938		3262.94
0.295313		0.140625		111.135
0.295313		0.145313		286.729
0.295313		0.15		334.308
0.3		0		0
0.3		0.0046875		0
0.3		0.009375		0
0.3		0.0140625		0
0.3		0.01875		0
0.3		0.0234375		0
0.3		0.028125		0
0.3		0.0328125		0
0.3		0.0375		0
0.3		0.0421875		0
0.3		0.046875		0
0.3		0.0515625		0
0.3		0.05625		0
0.3		0.0609375		0
0.3		0.065625		0
0.3		0.0703125		0
0.3		0.075		0
0.3		0.0796875		0
0.3		0.084375		0
0.3		0.0890625		0
0.3		0.09375		0
0.3		0.0984375		0
0.3		0.103125		0
0.3		0.107813		0
0.3		0.1125		0
0.3		0.117188		0
0.3		0.121875		0
0.3		0.126563		0
0.3		0.13125		0
0.3		0.135938		0
0.3		0.140625		0
0.3		0.145313		0
0.3		0.15		0
