
####################, label: 
0	0	21.7289	-85.7726
0	0.0046875	-531.694	-85.7726
0	0.009375	-987.434	-85.7726
0	0.0140625	-1265.95	-46.6446
0	0.01875	-3665.31	-6.74974
0	0.0234375	-4727.11	-5.35104
0	0.028125	-4748.4	-4.08834
0	0.0328125	-4492.01	-2.92425
0	0.0375	-4532.65	-1.87473
0	0.0421875	-4414.24	-0.845052
0	0.046875	-4090.45	0.0410622
0	0.0515625	-4047.6	0.74803
0	0.05625	-4075.67	1.41094
0	0.0609375	-4043	1.94006
0	0.065625	-4179.54	2.30339
0	0.0703125	-4091.15	2.54907
0	0.075	-3799.21	2.62249
0	0.0796875	-3607.13	2.52722
0	0.084375	-3690.72	2.27374
0	0.0890625	-3892.83	1.95104
0	0.09375	-4369.9	1.50991
0	0.0984375	-4230	0.844184
0	0.103125	-4220.74	0.100356
0	0.107813	-4371.5	-0.775545
0	0.1125	-3510.17	-1.79268
0	0.117188	-3469.97	-2.89669
0	0.121875	-2972.86	-4.1184
0	0.126563	-2832.35	-5.39073
0	0.13125	-1830.39	-6.74698
0	0.135938	1342.78	-46.6133
0	0.140625	1026.2	-85.7726
0	0.145313	544.37	-85.7726
0	0.15	-21.7292	-85.7726
0.0046875	0	22.0077	306.663
0.0046875	0.0046875	-501.438	276.403
0.0046875	0.009375	-932.744	192.116
0.0046875	0.0140625	-1199.26	-2191.34
0.0046875	0.01875	-3020.72	-1522.6
0.0046875	0.0234375	-3676.03	-318.035
0.0046875	0.028125	-3625.53	290.283
0.0046875	0.0328125	-3444.55	238.178
0.0046875	0.0375	-3326.57	155.144
0.0046875	0.0421875	-3062.28	324.204
0.0046875	0.046875	-3085.2	267.504
0.0046875	0.0515625	-3025.48	17.2655
0.0046875	0.05625	-2845.84	-2.16549
0.0046875	0.0609375	-2937.04	-43.4253
0.0046875	0.065625	-3096.24	-27.9895
0.0046875	0.0703125	-2946.47	197.057
0.0046875	0.075	-2833.19	203.371
0.0046875	0.0796875	-2598.24	17.0611
0.0046875	0.084375	-2502.46	-128.431
0.0046875	0.0890625	-2406.86	-328.637
0.0046875	0.09375	-2817.37	-128.999
0.0046875	0.0984375	-2734.61	100.47
0.0046875	0.103125	-2894.89	-59.9077
0.0046875	0.107813	-2728.75	411.506
0.0046875	0.1125	-2301.67	529.994
0.0046875	0.117188	-2359.65	396.077
0.0046875	0.121875	-2043.75	508.434
0.0046875	0.126563	-2036.93	784.222
0.0046875	0.13125	-1188.15	2360.58
0.0046875	0.135938	1225.5	3489.89
0.0046875	0.140625	953.409	151.246
0.0046875	0.145313	509.678	259.051
0.0046875	0.15	-22.0101	293.733
0.009375	0	21.1612	685.186
0.009375	0.0046875	-412.71	627.416
0.009375	0.009375	-760.926	452.518
0.009375	0.0140625	-944.078	-3069.78
0.009375	0.01875	-1751.65	-1985.67
0.009375	0.0234375	-1655.22	-250.596
0.009375	0.028125	-1768.51	543.071
0.009375	0.0328125	-1858.28	524.074
0.009375	0.0375	-1787.39	549.117
0.009375	0.0421875	-1388.32	386.271
0.009375	0.046875	-1308.93	111.327
0.009375	0.0515625	-1284.75	349.263
0.009375	0.05625	-1095.94	194.395
0.009375	0.0609375	-1337.82	-216.816
0.009375	0.065625	-1028.5	-4.98294
0.009375	0.0703125	-996.833	251.998
0.009375	0.075	-897.653	336.255
0.009375	0.0796875	-535.259	340.123
0.009375	0.084375	-765.686	199.35
0.009375	0.0890625	-806.607	-287.444
0.009375	0.09375	-601.502	-277.814
0.009375	0.0984375	-713.536	-25.2823
0.009375	0.103125	-638.542	63.1141
0.009375	0.107813	-250.908	720.85
0.009375	0.1125	-834.937	565.53
0.009375	0.117188	-438.192	484.9
0.009375	0.121875	-143.976	616.632
0.009375	0.126563	-338.83	1201.23
0.009375	0.13125	35.0193	3740.36
0.009375	0.135938	939.656	5414.01
0.009375	0.140625	762.512	431.179
0.009375	0.145313	415.489	609.155
0.009375	0.15	-21.1632	669.003
0.0140625	0	17.6447	997.826
0.0140625	0.0046875	-281.421	925.001
0.0140625	0.009375	-514.586	723.583
0.0140625	0.0140625	-624.508	-3342.55
0.0140625	0.01875	-668.644	-1811.58
0.0140625	0.0234375	-455.279	-42.6213
0.0140625	0.028125	-710.964	301.258
0.0140625	0.0328125	-551.817	357.147
0.0140625	0.0375	-681.864	672.663
0.0140625	0.0421875	-558.384	816.219
0.0140625	0.046875	-142.431	374.667
0.0140625	0.0515625	-195.066	244.89
0.0140625	0.05625	-320.636	-68.2123
0.0140625	0.0609375	-394.502	-50.2372
0.0140625	0.065625	-139.244	250.325
0.0140625	0.0703125	-242.828	267.004
0.0140625	0.075	-350.268	606.763
0.0140625	0.0796875	-137.779	119.193
0.0140625	0.084375	-63.9962	-458.597
0.0140625	0.0890625	-267.052	-209.208
0.0140625	0.09375	-233.268	-73.8963
0.0140625	0.0984375	-294.132	48.3786
0.0140625	0.103125	272.8	459.629
0.0140625	0.107813	202.379	288.295
0.0140625	0.1125	-393.891	419.608
0.0140625	0.117188	219.581	1219.91
0.0140625	0.121875	329.016	822.989
0.0140625	0.126563	492.083	1266.25
0.0140625	0.13125	602.684	3996.51
0.0140625	0.135938	593.714	5676.35
0.0140625	0.140625	508.783	696.607
0.0140625	0.145313	281.892	906.569
0.0140625	0.15	-17.6445	980.661
0.01875	0	11.9083	1193.69
0.01875	0.0046875	-123.783	1109.5
0.01875	0.009375	-223.721	863.641
0.01875	0.0140625	-246.669	-2856.05
0.01875	0.01875	-220.432	-1528.13
0.01875	0.0234375	-206.929	-42.2739
0.01875	0.028125	-203.61	566.388
0.01875	0.0328125	163.323	662.48
0.01875	0.0375	-123.552	644.904
0.01875	0.0421875	-340.802	910.055
0.01875	0.046875	-66.8762	464.013
0.01875	0.0515625	-47.7908	108.452
0.01875	0.05625	-130.783	-121.312
0.01875	0.0609375	-98.1784	-88.5558
0.01875	0.065625	-75.0046	114.793
0.01875	0.0703125	76.0788	-45.9892
0.01875	0.075	-99.4504	339.647
0.01875	0.0796875	-747.608	552.119
0.01875	0.084375	-335.701	37.7081
0.01875	0.0890625	63.4483	-482.372
0.01875	0.09375	-10.6479	-341.298
0.01875	0.0984375	-200.605	475.918
0.01875	0.103125	-110.704	617.705
0.01875	0.107813	-338.483	92.3318
0.01875	0.1125	-228.193	581.097
0.01875	0.117188	-222.746	1321.58
0.01875	0.121875	-341.449	1088.61
0.01875	0.126563	-258.008	1722.52
0.01875	0.13125	153.285	4140.81
0.01875	0.135938	260.256	5693.39
0.01875	0.140625	231.355	876.497
0.01875	0.145313	128.658	1097.74
0.01875	0.15	-11.9074	1177.19
0.0234375	0	4.68755	1249.94
0.0234375	0.0046875	40.487	1170.5
0.0234375	0.009375	73.0094	956.514
0.0234375	0.0140625	126.231	-3129.76
0.0234375	0.01875	230.957	-1623.06
0.0234375	0.0234375	271.31	88.0595
0.0234375	0.028125	305.102	737.097
0.0234375	0.0328125	75.3345	506.799
0.0234375	0.0375	256.357	221.617
0.0234375	0.0421875	-137.174	865.369
0.0234375	0.046875	-155.759	633.151
0.0234375	0.0515625	213.938	184.933
0.0234375	0.05625	410.527	-95.1158
0.0234375	0.0609375	111.11	27.9434
0.0234375	0.065625	64.2344	384.781
0.0234375	0.0703125	261.253	207.503
0.0234375	0.075	-109.404	-207.522
0.0234375	0.0796875	-1003.2	-157.668
0.0234375	0.084375	-1027.05	297.091
0.0234375	0.0890625	-429.059	62.8045
0.0234375	0.09375	343.596	-361.682
0.0234375	0.0984375	-74.5857	-69.7507
0.0234375	0.103125	-176.642	302.159
0.0234375	0.107813	-498.031	173.83
0.0234375	0.1125	-285.926	607.414
0.0234375	0.117188	-330.223	1196.98
0.0234375	0.121875	-352.372	842.839
0.0234375	0.126563	-236.179	1824.16
0.0234375	0.13125	-183.555	4637.13
0.0234375	0.135938	-98.2444	6059.63
0.0234375	0.140625	-52.2279	923.601
0.0234375	0.145313	-29.4994	1144.63
0.0234375	0.15	-4.68665	1223.66
0.028125	0	-3.11012	1146.11
0.028125	0.0046875	194.086	1072.49
0.028125	0.009375	340.252	866.69
0.028125	0.0140625	376.823	-2646.72
0.028125	0.01875	646.077	-1446.04
0.028125	0.0234375	685.507	-27.499
0.028125	0.028125	937.899	379.31
0.028125	0.0328125	-232.85	579.09
0.028125	0.0375	863.846	378.193
0.028125	0.0421875	564.455	497.991
0.028125	0.046875	-58.6973	797.607
0.028125	0.0515625	-23.8548	601.342
0.028125	0.05625	188.052	-280.478
0.028125	0.0609375	-121.846	-487.351
0.028125	0.065625	-401.819	164.428
0.028125	0.0703125	-432.604	-277.734
0.028125	0.075	-412.294	-916.124
0.028125	0.0796875	-255.227	-430.998
0.028125	0.084375	-493.488	523.285
0.028125	0.0890625	-192.831	843.018
0.028125	0.09375	55.02	-36.1173
0.028125	0.0984375	-73.0184	-125.06
0.028125	0.103125	-206.567	124.831
0.028125	0.107813	-178.113	-23.8516
0.028125	0.1125	-159.451	729.248
0.028125	0.117188	-268.762	1204.73
0.028125	0.121875	-230.627	1132.02
0.028125	0.126563	280.902	1841.46
0.028125	0.13125	-192.083	4213.69
0.028125	0.135938	-276.842	5784.16
0.028125	0.140625	-296.227	866.975
0.028125	0.145313	-177.895	1038.81
0.028125	0.15	3.11071	1108.38
0.0328125	0	-10.5245	900.481
0.0328125	0.0046875	333.429	835.332
0.0328125	0.009375	612.365	630.7
0.0328125	0.0140625	775.54	-2764.49
0.0328125	0.01875	793.252	-1495.55
0.0328125	0.0234375	476.675	218.576
0.0328125	0.028125	415.585	-314.613
0.0328125	0.0328125	-208.545	281.492
0.0328125	0.0375	454.444	977.334
0.0328125	0.0421875	311.185	-46.8077
0.0328125	0.046875	-146.324	-6.70258
0.0328125	0.0515625	-468.965	364.769
0.0328125	0.05625	-485.538	-310.627
0.0328125	0.0609375	-35.2666	-640.395
0.0328125	0.065625	-185.306	85.9576
0.0328125	0.0703125	-570.818	165.37
0.0328125	0.075	162.898	-56.5125
0.0328125	0.0796875	530.791	-275.905
0.0328125	0.084375	-51.0365	324.607
0.0328125	0.0890625	189.915	574.655
0.0328125	0.09375	33.1694	-333.629
0.0328125	0.0984375	253.273	-343.506
0.0328125	0.103125	-252.045	166.225
0.0328125	0.107813	-101.706	159.783
0.0328125	0.1125	-361.444	469.585
0.0328125	0.117188	-273.241	1050.31
0.0328125	0.121875	-36.4511	1270.93
0.0328125	0.126563	5.47074	1705.87
0.0328125	0.13125	-406.588	3925.33
0.0328125	0.135938	-626.668	5740.75
0.0328125	0.140625	-575.751	509.075
0.0328125	0.145313	-325.046	764.377
0.0328125	0.15	10.5258	842.182
0.0375	0	-16.6642	557.844
0.0375	0.0046875	433.413	523.538
0.0375	0.009375	796.762	444.786
0.0375	0.0140625	972.322	-3102.05
0.0375	0.01875	726.901	-2061.52
0.0375	0.0234375	436.75	-578.172
0.0375	0.028125	148.949	-525.868
0.0375	0.0328125	924.382	445.986
0.0375	0.0375	48.2001	754.097
0.0375	0.0421875	105.161	-250.537
0.0375	0.046875	169.268	-80.1765
0.0375	0.0515625	-147.73	151.61
0.0375	0.05625	-271.252	39.4854
0.0375	0.0609375	513.194	-317.285
0.0375	0.065625	442.493	-446.166
0.0375	0.0703125	90.5743	10.2143
0.0375	0.075	288.887	38.7349
0.0375	0.0796875	242.313	-722.714
0.0375	0.084375	377.925	97.231
0.0375	0.0890625	-214.032	780.759
0.0375	0.09375	-271.993	-79.2482
0.0375	0.0984375	100.551	-505.129
0.0375	0.103125	-97.1559	-328.241
0.0375	0.107813	-306.257	-268.932
0.0375	0.1125	-324.883	409.209
0.0375	0.117188	-385.325	1332.3
0.0375	0.121875	-551.504	1207.3
0.0375	0.126563	-921.566	1297.19
0.0375	0.13125	-888.327	3268.28
0.0375	0.135938	-1181.64	4937.69
0.0375	0.140625	-862.003	292.21
0.0375	0.145313	-453.832	452.318
0.0375	0.15	16.6634	503.517
0.0421875	0	-20.8027	143.072
0.0421875	0.0046875	488.21	123.057
0.0421875	0.009375	899.337	45.3035
0.0421875	0.0140625	1077.26	-3781.08
0.0421875	0.01875	794.276	-2474.14
0.0421875	0.0234375	612.535	-711.439
0.0421875	0.028125	714.104	-88.6471
0.0421875	0.0328125	874.3	41.4882
0.0421875	0.0375	82.0282	-26.6596
0.0421875	0.0421875	460.81	-127.345
0.0421875	0.046875	246.555	-385.895
0.0421875	0.0515625	268.053	-214.2
0.0421875	0.05625	216.586	254.68
0.0421875	0.0609375	397.387	-9.58434
0.0421875	0.065625	378.094	-492.691
0.0421875	0.0703125	320.47	-156.482
0.0421875	0.075	172.767	-37.7244
0.0421875	0.0796875	566.382	-281.934
0.0421875	0.084375	749.535	-244.078
0.0421875	0.0890625	184.02	-238.022
0.0421875	0.09375	-27.9364	-147.842
0.0421875	0.0984375	193.904	-300.672
0.0421875	0.103125	255.549	-366.38
0.0421875	0.107813	-107.308	-185.77
0.0421875	0.1125	121.172	137.299
0.0421875	0.117188	-264.518	509.775
0.0421875	0.121875	-1029.98	440.739
0.0421875	0.126563	-1082.95	1074.61
0.0421875	0.13125	-1261.34	3247.69
0.0421875	0.135938	-1302.23	4612.92
0.0421875	0.140625	-975.033	102.057
0.0421875	0.145313	-514.777	116.213
0.0421875	0.15	20.7996	126.155
0.046875	0	-22.4656	-268.896
0.046875	0.0046875	495.087	-255.379
0.046875	0.009375	938.136	-222.512
0.046875	0.0140625	1249.73	-4083.85
0.046875	0.01875	834.205	-2994.54
0.046875	0.0234375	609.539	-1142.68
0.046875	0.028125	426.089	-571.143
0.046875	0.0328125	446.481	-380.15
0.046875	0.0375	225.613	159.535
0.046875	0.0421875	237.796	-224.127
0.046875	0.046875	49.1217	-405.636
0.046875	0.0515625	470.262	52.3902
0.046875	0.05625	451.578	145.62
0.046875	0.0609375	239.444	-173.951
0.046875	0.065625	42.3799	-596.832
0.046875	0.0703125	186.349	-246.719
0.046875	0.075	117.211	308.609
0.046875	0.0796875	483.992	-202.66
0.046875	0.084375	479.754	-329.393
0.046875	0.0890625	-10.9093	-8.86568
0.046875	0.09375	343.513	-167.792
0.046875	0.0984375	568.077	-313.885
0.046875	0.103125	-52.9718	-745.911
0.046875	0.107813	-275.457	-570.729
0.046875	0.1125	102.944	99.2275
0.046875	0.117188	-341.041	0.526199
0.046875	0.121875	-866.564	93.1406
0.046875	0.126563	-477.578	589.553
0.046875	0.13125	-750.221	2534.88
0.046875	0.135938	-1094.76	4385.97
0.046875	0.140625	-929.715	-183.95
0.046875	0.145313	-506.709	-251.302
0.046875	0.15	22.4596	-269.237
0.0515625	0	-21.4825	-637.756
0.0515625	0.0046875	433.162	-588.956
0.0515625	0.009375	809.76	-430.741
0.0515625	0.0140625	999.789	-5112.97
0.0515625	0.01875	367.487	-3602.21
0.0515625	0.0234375	243.252	-1492.92
0.0515625	0.028125	-159.185	-528.914
0.0515625	0.0328125	-34.1489	-426.125
0.0515625	0.0375	-233.542	-408.06
0.0515625	0.0421875	-465.352	-380.24
0.0515625	0.046875	-385.441	-251.732
0.0515625	0.0515625	-105.304	89.9586
0.0515625	0.05625	-441.992	-18.7396
0.0515625	0.0609375	-220.393	-453.337
0.0515625	0.065625	-174.665	-532.32
0.0515625	0.0703125	32.7912	-57.4117
0.0515625	0.075	-177.446	236.975
0.0515625	0.0796875	-149.31	138.644
0.0515625	0.084375	86.6665	-705.45
0.0515625	0.0890625	-420.917	-384.389
0.0515625	0.09375	-140.475	468.888
0.0515625	0.0984375	-198.627	-706.888
0.0515625	0.103125	-325.93	-1279.79
0.0515625	0.107813	-144.612	-143.374
0.0515625	0.1125	-399.722	-19.6545
0.0515625	0.117188	-796.546	-589.14
0.0515625	0.121875	-838.165	87.1124
0.0515625	0.126563	-689.623	878.752
0.0515625	0.13125	-444.619	2156.74
0.0515625	0.135938	-1088.06	3371.6
0.0515625	0.140625	-855.998	-548.766
0.0515625	0.145313	-459.033	-602.652
0.0515625	0.15	21.4721	-632.331
0.05625	0	-18.0044	-935.245
0.05625	0.0046875	323.713	-874.297
0.05625	0.009375	604.022	-716.667
0.05625	0.0140625	747.712	-5907.77
0.05625	0.01875	245.503	-4185.14
0.05625	0.0234375	180.478	-1943.09
0.05625	0.028125	-144.124	-1091.64
0.05625	0.0328125	-565.644	-660.569
0.05625	0.0375	-371.943	-413.268
0.05625	0.0421875	-401.374	-490.775
0.05625	0.046875	250.133	-132.974
0.05625	0.0515625	-55.4996	-60.1921
0.05625	0.05625	-422.067	-46.2507
0.05625	0.0609375	-301.463	6.89668
0.05625	0.065625	-312.66	-386.56
0.05625	0.0703125	-9.85167	-305.201
0.05625	0.075	-495.685	13.748
0.05625	0.0796875	-459.278	-22.1095
0.05625	0.084375	-69.621	-675.261
0.05625	0.0890625	418.828	-323.355
0.05625	0.09375	-286.584	-10.4016
0.05625	0.0984375	-388.394	-608.367
0.05625	0.103125	33.216	-818.931
0.05625	0.107813	33.9601	-769.054
0.05625	0.1125	-756.808	-709.047
0.05625	0.117188	-811.906	-695.214
0.05625	0.121875	-798.616	-110.173
0.05625	0.126563	-628.783	736.007
0.05625	0.13125	-646.081	1798.68
0.05625	0.135938	-1008.94	2643.39
0.05625	0.140625	-703.714	-627.754
0.05625	0.145313	-363.962	-821.143
0.05625	0.15	17.9909	-886.52
0.0609375	0	-12.486	-1107.46
0.0609375	0.0046875	180.885	-1025.24
0.0609375	0.009375	350.655	-786.059
0.0609375	0.0140625	511.558	-6478.74
0.0609375	0.01875	392.851	-4466.6
0.0609375	0.0234375	227.555	-2068.01
0.0609375	0.028125	-117.941	-1422.83
0.0609375	0.0328125	15.0162	-759.387
0.0609375	0.0375	158.056	-344.126
0.0609375	0.0421875	135.897	93.8696
0.0609375	0.046875	257.547	31.8174
0.0609375	0.0515625	-90.5107	-581.906
0.0609375	0.05625	222.841	-298.028
0.0609375	0.0609375	-49.4106	-350.106
0.0609375	0.065625	-467.142	-267.284
0.0609375	0.0703125	-372.889	-314.388
0.0609375	0.075	-232.408	-277.383
0.0609375	0.0796875	-328.401	457.623
0.0609375	0.084375	-446.571	130.009
0.0609375	0.0890625	-226.477	-590.818
0.0609375	0.09375	-269.317	-454.863
0.0609375	0.0984375	-260.21	-501.74
0.0609375	0.103125	-427.18	-923.198
0.0609375	0.107813	-677.128	-1040.92
0.0609375	0.1125	-678.105	-995.43
0.0609375	0.117188	-136.178	-798.412
0.0609375	0.121875	-244.628	42.4654
0.0609375	0.126563	-577.661	728.883
0.0609375	0.13125	-891.56	1493.61
0.0609375	0.135938	-571.446	2425.68
0.0609375	0.140625	-410.051	-685.121
0.0609375	0.145313	-211.546	-937.866
0.0609375	0.15	12.4718	-1024.87
0.065625	0	-5.62741	-1148.03
0.065625	0.0046875	7.37049	-1056.44
0.065625	0.009375	25.1832	-796.054
0.065625	0.0140625	75.596	-6211.96
0.065625	0.01875	264.863	-4557.26
0.065625	0.0234375	-327.756	-2533.7
0.065625	0.028125	-310.03	-1349.93
0.065625	0.0328125	175.194	-422.847
0.065625	0.0375	298.187	-310.885
0.065625	0.0421875	312.253	-364.11
0.065625	0.046875	183.622	-297.509
0.065625	0.0515625	419.85	-79.3409
0.065625	0.05625	585.05	36.6712
0.065625	0.0609375	322.279	-558.998
0.065625	0.065625	219.842	-598.441
0.065625	0.0703125	-370.263	-16.965
0.065625	0.075	-152.76	119.426
0.065625	0.0796875	-223.348	-102.851
0.065625	0.084375	-302.225	-484.221
0.065625	0.0890625	-575.321	-144.89
0.065625	0.09375	-209.095	21.4326
0.065625	0.0984375	-88.8766	-642.992
0.065625	0.103125	-184.603	-1209.46
0.065625	0.107813	-142.263	-1025.63
0.065625	0.1125	-214.414	-150.886
0.065625	0.117188	257.709	-234.42
0.065625	0.121875	427.103	-549.819
0.065625	0.126563	-87.6857	-33.8969
0.065625	0.13125	-399.617	1615.69
0.065625	0.135938	-88.2051	3102.87
0.065625	0.140625	-56.7936	-659.766
0.065625	0.145313	-26.9093	-944.994
0.065625	0.15	5.61319	-1042.66
0.0703125	0	1.71466	-1061.19
0.0703125	0.0046875	-175.855	-969.321
0.0703125	0.009375	-322.683	-698.201
0.0703125	0.0140625	-378.75	-6076.55
0.0703125	0.01875	-61.35	-4883.23
0.0703125	0.0234375	-224.344	-2670.88
0.0703125	0.028125	396.814	-905.561
0.0703125	0.0328125	422.452	-141.402
0.0703125	0.0375	173.609	-213.797
0.0703125	0.0421875	356.922	1.68329
0.0703125	0.046875	542.199	137.821
0.0703125	0.0515625	440.691	-189.493
0.0703125	0.05625	146.667	-372.451
0.0703125	0.0609375	170.326	-749.811
0.0703125	0.065625	674.331	-999.471
0.0703125	0.0703125	371.363	-627.509
0.0703125	0.075	165.247	-115.75
0.0703125	0.0796875	-230.214	302.652
0.0703125	0.084375	233.513	-169.528
0.0703125	0.0890625	254.389	-446.333
0.0703125	0.09375	288.228	54.5947
0.0703125	0.0984375	524.537	-519.735
0.0703125	0.103125	402.762	-974.959
0.0703125	0.107813	1061.87	-982.057
0.0703125	0.1125	480.608	-578.867
0.0703125	0.117188	78.7013	-214.896
0.0703125	0.121875	211.541	-275.652
0.0703125	0.126563	457.742	-6.45161
0.0703125	0.13125	387.27	1513.19
0.0703125	0.135938	392.105	2997.69
0.0703125	0.140625	302.77	-588.2
0.0703125	0.145313	162.941	-852.577
0.0703125	0.15	-1.72883	-944.802
0.075	0	8.63124	-870.687
0.075	0.0046875	-343.866	-794.367
0.075	0.009375	-657.831	-561.995
0.075	0.0140625	-887.189	-5406.18
0.075	0.01875	-371.368	-4212.82
0.075	0.0234375	-35.3817	-1920.45
0.075	0.028125	386.445	-624.004
0.075	0.0328125	181.993	-542.494
0.075	0.0375	42.3859	-245.925
0.075	0.0421875	143.102	88.1263
0.075	0.046875	-26.2876	-182.362
0.075	0.0515625	-207.844	-410.89
0.075	0.05625	-653.874	-171.746
0.075	0.0609375	-674.996	-11.7764
0.075	0.065625	-335.437	-356.063
0.075	0.0703125	140.707	-441.437
0.075	0.075	374.934	-429.067
0.075	0.0796875	-131.795	-57.7401
0.075	0.084375	-490.332	48.5235
0.075	0.0890625	-335.809	28.1678
0.075	0.09375	-12.7919	326.527
0.075	0.0984375	135.713	-486.799
0.075	0.103125	165.319	-584.013
0.075	0.107813	330.413	-885.476
0.075	0.1125	977.186	-1059.81
0.075	0.117188	592.925	-402.255
0.075	0.121875	587.649	-36.9413
0.075	0.126563	690.906	279.691
0.075	0.13125	834.369	1695.6
0.075	0.135938	900.846	3268.63
0.075	0.140625	629.122	-436.783
0.075	0.145313	330.864	-666.986
0.075	0.15	-8.64568	-742.843
0.0796875	0	14.2738	-602.746
0.0796875	0.0046875	-459.788	-562.965
0.0796875	0.009375	-888.661	-448.295
0.0796875	0.0140625	-1259.61	-4655.35
0.0796875	0.01875	-809.772	-3679.8
0.0796875	0.0234375	-493.582	-1593.19
0.0796875	0.028125	-329.811	-391.048
0.0796875	0.0328125	-27.6847	-289.713
0.0796875	0.0375	-12.7094	-113.598
0.0796875	0.0421875	-42.0462	106.115
0.0796875	0.046875	14.2134	-30.402
0.0796875	0.0515625	-324.929	-644.535
0.0796875	0.05625	-143.204	-660.19
0.0796875	0.0609375	-302.91	-220.768
0.0796875	0.065625	-956.802	37.8305
0.0796875	0.0703125	-340.56	212.692
0.0796875	0.075	-581.056	-218.738
0.0796875	0.0796875	-450.817	-393.17
0.0796875	0.084375	-538.284	-278.731
0.0796875	0.0890625	-531.977	178.656
0.0796875	0.09375	-283.135	714.496
0.0796875	0.0984375	-178.505	-145.298
0.0796875	0.103125	154.209	-658.637
0.0796875	0.107813	-558.815	-54.208
0.0796875	0.1125	650.319	-111.806
0.0796875	0.117188	738.684	-332.069
0.0796875	0.121875	1057.57	66.3316
0.0796875	0.126563	631.439	452.219
0.0796875	0.13125	1056.79	2010.68
0.0796875	0.135938	1080.97	3474.69
0.0796875	0.140625	820.68	-350.003
0.0796875	0.145313	442.442	-423.319
0.0796875	0.15	-14.2865	-459.232
0.084375	0	17.956	-269.038
0.084375	0.0046875	-496.713	-271.779
0.084375	0.009375	-937.175	-300.75
0.084375	0.0140625	-1252.01	-4069.35
0.084375	0.01875	-1176.39	-3048.17
0.084375	0.0234375	-994.599	-1130.42
0.084375	0.028125	-785.28	114.027
0.084375	0.0328125	-497.6	-27.8898
0.084375	0.0375	-44.3577	-139.317
0.084375	0.0421875	233.217	243.318
0.084375	0.046875	-176.654	-315.265
0.084375	0.0515625	-335.949	-387.04
0.084375	0.05625	-52.8305	11.5421
0.084375	0.0609375	259.352	-752.554
0.084375	0.065625	-368.906	-342.845
0.084375	0.0703125	-40.0946	22.5441
0.084375	0.075	-155.03	-425.137
0.084375	0.0796875	-18.0624	187.671
0.084375	0.084375	660.94	158.732
0.084375	0.0890625	727.871	389.643
0.084375	0.09375	217.715	811.919
0.084375	0.0984375	-149.701	93.5516
0.084375	0.103125	261.35	-781.242
0.084375	0.107813	-70.8907	-171.448
0.084375	0.1125	227.655	473.009
0.084375	0.117188	428.955	270.844
0.084375	0.121875	616.766	133.95
0.084375	0.126563	387.317	637.942
0.084375	0.13125	866.734	2608.31
0.084375	0.135938	1134.98	3836.04
0.084375	0.140625	910.284	-11.2623
0.084375	0.145313	497.008	-82.6011
0.084375	0.15	-17.968	-101.534
0.0890625	0	19.2308	113.901
0.0890625	0.0046875	-465.491	85.5471
0.0890625	0.009375	-845.456	-8.22075
0.0890625	0.0140625	-994.951	-3953.22
0.0890625	0.01875	-1050.33	-2931.01
0.0890625	0.0234375	-568.624	-817.857
0.0890625	0.028125	-474.366	386.49
0.0890625	0.0328125	-852.621	713.177
0.0890625	0.0375	-131.924	919.036
0.0890625	0.0421875	-32.8132	191.094
0.0890625	0.046875	-442.113	-444.744
0.0890625	0.0515625	-169.774	-382.224
0.0890625	0.05625	-160.192	10.5896
0.0890625	0.0609375	61.9316	-452.167
0.0890625	0.065625	436.257	-174.821
0.0890625	0.0703125	-130.361	496.464
0.0890625	0.075	178.528	-131.818
0.0890625	0.0796875	255.772	465.662
0.0890625	0.084375	386.907	522.3
0.0890625	0.0890625	532.512	-226.102
0.0890625	0.09375	19.6523	-133.661
0.0890625	0.0984375	-325.548	8.79256
0.0890625	0.103125	-257.129	-431.464
0.0890625	0.107813	110.572	33.6776
0.0890625	0.1125	336.828	535.629
0.0890625	0.117188	216.811	257.88
0.0890625	0.121875	116.278	305.358
0.0890625	0.126563	586.38	1073.42
0.0890625	0.13125	1169.3	3196.03
0.0890625	0.135938	1293.38	4485.42
0.0890625	0.140625	945.067	215.214
0.0890625	0.145313	500.94	247.307
0.0890625	0.15	-19.2517	262.052
0.09375	0	17.9584	491.367
0.09375	0.0046875	-397.015	451.293
0.09375	0.009375	-726.744	357.977
0.09375	0.0140625	-912.86	-3623.48
0.09375	0.01875	-810.022	-2171.09
0.09375	0.0234375	-107.385	-185.888
0.09375	0.028125	-77.209	148.205
0.09375	0.0328125	-270.01	605.008
0.09375	0.0375	-283.15	934.95
0.09375	0.0421875	-613.426	98.3923
0.09375	0.046875	-453.124	-296.036
0.09375	0.0515625	117.193	23.2766
0.09375	0.05625	361.969	362.556
0.09375	0.0609375	71.0554	-25.7967
0.09375	0.065625	560.033	-403.741
0.09375	0.0703125	-291.906	-82.0056
0.09375	0.075	-158.384	95.1452
0.09375	0.0796875	-303.247	440.449
0.09375	0.084375	-565.354	478.142
0.09375	0.0890625	-210.321	169.276
0.09375	0.09375	43.4146	120.499
0.09375	0.0984375	-87.4318	-92.0688
0.09375	0.103125	-90.1782	-236.677
0.09375	0.107813	396.296	606.912
0.09375	0.1125	516.104	758.891
0.09375	0.117188	703.825	222.72
0.09375	0.121875	511.079	751.547
0.09375	0.126563	893.603	2052.41
0.09375	0.13125	974.057	3761.88
0.09375	0.135938	1111.28	4566.66
0.09375	0.140625	825.935	386.27
0.09375	0.145313	434.041	539.643
0.09375	0.15	-17.991	591.485
0.0984375	0	14.3113	789.19
0.0984375	0.0046875	-288.973	721.248
0.0984375	0.009375	-536.919	516.759
0.0984375	0.0140625	-707.317	-3373.06
0.0984375	0.01875	-577.774	-1733.88
0.0984375	0.0234375	-514.357	230.925
0.0984375	0.028125	-300.253	439.597
0.0984375	0.0328125	58.3017	701.37
0.0984375	0.0375	-271.604	714.264
0.0984375	0.0421875	-367.992	150.644
0.0984375	0.046875	-394.006	432.589
0.0984375	0.0515625	-271.792	513.063
0.0984375	0.05625	-8.39609	35.697
0.0984375	0.0609375	81.5071	-137.669
0.0984375	0.065625	217.089	-437.151
0.0984375	0.0703125	461.543	-121.744
0.0984375	0.075	722.288	-10.5293
0.0984375	0.0796875	111.183	248.867
0.0984375	0.084375	13.4938	769.574
0.0984375	0.0890625	-145.158	540.938
0.0984375	0.09375	61.9745	192.442
0.0984375	0.0984375	117.423	77.3603
0.0984375	0.103125	387.895	249.53
0.0984375	0.107813	589.009	834.361
0.0984375	0.1125	364.787	1108.78
0.0984375	0.117188	760.321	557.682
0.0984375	0.121875	685.501	843.989
0.0984375	0.126563	619.119	1910.19
0.0984375	0.13125	251.632	3846.77
0.0984375	0.135938	721.49	5264.43
0.0984375	0.140625	578.905	567.519
0.0984375	0.145313	307.626	787.001
0.0984375	0.15	-14.348	861.265
0.103125	0	8.7511	982.912
0.103125	0.0046875	-144.596	906.403
0.103125	0.009375	-268.569	698.124
0.103125	0.0140625	-328.84	-3046.63
0.103125	0.01875	27.9466	-1664.3
0.103125	0.0234375	75.063	366.183
0.103125	0.028125	147.478	924.34
0.103125	0.0328125	206.212	738.119
0.103125	0.0375	-260.139	623.181
0.103125	0.0421875	-50.7081	158.265
0.103125	0.046875	145.138	-93.613
0.103125	0.0515625	-456.776	470.601
0.103125	0.05625	-303.321	811.868
0.103125	0.0609375	23.2243	332.089
0.103125	0.065625	-218.888	52.9199
0.103125	0.0703125	439.86	462.559
0.103125	0.075	205.202	-159.479
0.103125	0.0796875	177.234	-175.459
0.103125	0.084375	311.734	312.553
0.103125	0.0890625	-262.498	273.57
0.103125	0.09375	13.7162	408.843
0.103125	0.0984375	248.625	349.238
0.103125	0.103125	76.3166	387.222
0.103125	0.107813	427.642	697.033
0.103125	0.1125	218.945	1054.42
0.103125	0.117188	-389.411	731.106
0.103125	0.121875	188.613	815.573
0.103125	0.126563	-124.157	1844.33
0.103125	0.13125	82.191	4191.79
0.103125	0.135938	355.569	5882
0.103125	0.140625	285.454	726.972
0.103125	0.145313	150.661	957.28
0.103125	0.15	-8.78327	1039.63
0.107813	0	1.98034	1039.8
0.107813	0.0046875	17.3477	954.348
0.107813	0.009375	13.8829	718.103
0.107813	0.0140625	-71.1592	-2470.38
0.107813	0.01875	137.543	-1140.75
0.107813	0.0234375	496.776	509.598
0.107813	0.028125	283.128	689.567
0.107813	0.0328125	300.114	427.392
0.107813	0.0375	-161.053	573.884
0.107813	0.0421875	-222.059	636.052
0.107813	0.046875	-86.7063	124.301
0.107813	0.0515625	238.844	228.15
0.107813	0.05625	-299.498	671.206
0.107813	0.0609375	-407.991	18.3763
0.107813	0.065625	-615.328	89.6691
0.107813	0.0703125	-334.301	435.246
0.107813	0.075	-418.793	-203.817
0.107813	0.0796875	94.0689	410.766
0.107813	0.084375	-312.875	482.544
0.107813	0.0890625	-115.208	337.336
0.107813	0.09375	16.069	732.103
0.107813	0.0984375	88.4681	209.902
0.107813	0.103125	-176.499	511.829
0.107813	0.107813	242.744	1068.44
0.107813	0.1125	322.784	320.955
0.107813	0.117188	-603.244	553.277
0.107813	0.121875	122.524	1168.11
0.107813	0.126563	54.0475	1894.53
0.107813	0.13125	269.603	4456.11
0.107813	0.135938	0.358391	5963.68
0.107813	0.140625	-27.2776	754.083
0.107813	0.145313	-19.9669	1006.42
0.107813	0.15	-1.99995	1094.33
0.1125	0	-5.15049	960.924
0.1125	0.0046875	194.453	869.187
0.1125	0.009375	360.902	581.133
0.1125	0.0140625	463.459	-2659.54
0.1125	0.01875	366.64	-1100.7
0.1125	0.0234375	608.085	525.784
0.1125	0.028125	587.347	709.528
0.1125	0.0328125	502.889	278.93
0.1125	0.0375	331.113	100.112
0.1125	0.0421875	-82.886	194.107
0.1125	0.046875	-208.81	324.405
0.1125	0.0515625	92.3645	219.45
0.1125	0.05625	-219.617	121.765
0.1125	0.0609375	-281.455	-5.94333
0.1125	0.065625	42.9561	149.833
0.1125	0.0703125	-186.768	652.911
0.1125	0.075	102.255	227.955
0.1125	0.0796875	416.745	-87.5547
0.1125	0.084375	-476.629	70.7057
0.1125	0.0890625	-158.073	597.979
0.1125	0.09375	-138.869	638.627
0.1125	0.0984375	-55.8229	132.213
0.1125	0.103125	25.8787	517.771
0.1125	0.107813	-107.07	1167.2
0.1125	0.1125	-264.699	192.137
0.1125	0.117188	-63.9251	595.889
0.1125	0.121875	-70.1482	1513.54
0.1125	0.126563	149.305	2019.35
0.1125	0.13125	-361.805	4116.78
0.1125	0.135938	-474.574	5243.83
0.1125	0.140625	-361.033	680.474
0.1125	0.145313	-194.294	935.507
0.1125	0.15	5.14737	1021.58
0.117188	0	-11.7423	780.008
0.117188	0.0046875	350.287	715.782
0.117188	0.009375	664.814	543.807
0.117188	0.0140625	923.585	-2827.4
0.117188	0.01875	902.712	-1160.09
0.117188	0.0234375	654.748	590.396
0.117188	0.028125	555.877	495.929
0.117188	0.0328125	480.669	49.5405
0.117188	0.0375	533.332	-104.859
0.117188	0.0421875	445.966	69.2645
0.117188	0.046875	217.978	263.455
0.117188	0.0515625	34.4559	130.769
0.117188	0.05625	313.379	209.046
0.117188	0.0609375	-37.8076	256.568
0.117188	0.065625	208.894	100.143
0.117188	0.0703125	-134.44	452.654
0.117188	0.075	-295.347	413.131
0.117188	0.0796875	-338.406	-234.587
0.117188	0.084375	-112.105	-174.42
0.117188	0.0890625	51.3242	680.874
0.117188	0.09375	143.5	844.469
0.117188	0.0984375	-263.311	266.018
0.117188	0.103125	-130.389	358.341
0.117188	0.107813	-364.006	733.036
0.117188	0.1125	-697.265	315.95
0.117188	0.117188	-116.649	664.669
0.117188	0.121875	-343.824	1273.46
0.117188	0.126563	-396.567	1514.41
0.117188	0.13125	-714.264	3690.12
0.117188	0.135938	-844.174	5529.52
0.117188	0.140625	-647.666	584.942
0.117188	0.145313	-347.509	769.046
0.117188	0.15	11.7531	835.877
0.121875	0	-16.9533	497.507
0.121875	0.0046875	454.773	457.066
0.121875	0.009375	839.788	349.248
0.121875	0.0140625	1046.94	-3085.53
0.121875	0.01875	925.675	-1693.71
0.121875	0.0234375	304.03	-72.746
0.121875	0.028125	29.1392	349.802
0.121875	0.0328125	-119.083	144.571
0.121875	0.0375	5.82031	-40.3403
0.121875	0.0421875	377.646	-164.285
0.121875	0.046875	162.661	-69.2669
0.121875	0.0515625	243.173	289.067
0.121875	0.05625	539.759	28.4335
0.121875	0.0609375	406.038	-98.4741
0.121875	0.065625	437.667	50.2472
0.121875	0.0703125	400.446	132.175
0.121875	0.075	-293.374	48.1971
0.121875	0.0796875	-39.5023	153.46
0.121875	0.084375	360.282	503.545
0.121875	0.0890625	507.893	839.643
0.121875	0.09375	249.669	328.534
0.121875	0.0984375	-276.313	-114.944
0.121875	0.103125	-547.384	393.347
0.121875	0.107813	-610.068	549.032
0.121875	0.1125	-605.992	342.751
0.121875	0.117188	-328.931	789.278
0.121875	0.121875	-580.774	1079.42
0.121875	0.126563	-737.62	1441.38
0.121875	0.13125	-772.81	3380.05
0.121875	0.135938	-1103.11	4711.25
0.121875	0.140625	-863.709	359.992
0.121875	0.145313	-462.083	505.751
0.121875	0.15	16.9719	553.12
0.126563	0	-20.1064	147.617
0.126563	0.0046875	514.353	128.327
0.126563	0.009375	958.318	57.6826
0.126563	0.0140625	1224.11	-3469.03
0.126563	0.01875	893.825	-2321.42
0.126563	0.0234375	493.107	-625.695
0.126563	0.028125	413.027	-193.013
0.126563	0.0328125	143.766	-173.431
0.126563	0.0375	230.731	265.658
0.126563	0.0421875	379.939	35.692
0.126563	0.046875	229.684	-19.1961
0.126563	0.0515625	335.366	423.526
0.126563	0.05625	353.596	321.396
0.126563	0.0609375	190.274	114.712
0.126563	0.065625	-86.973	78.0507
0.126563	0.0703125	246.576	-317.272
0.126563	0.075	41.8439	-156.268
0.126563	0.0796875	570.987	320.667
0.126563	0.084375	431.304	323.12
0.126563	0.0890625	186.254	515.801
0.126563	0.09375	-534.436	-41.834
0.126563	0.0984375	-192.563	-647.181
0.126563	0.103125	-87.2435	-1.47424
0.126563	0.107813	-509.714	602.291
0.126563	0.1125	-725.449	412.805
0.126563	0.117188	-795.554	507.074
0.126563	0.121875	-821.816	639.081
0.126563	0.126563	-658.022	1022.44
0.126563	0.13125	-1033.78	2943.15
0.126563	0.135938	-1327.51	4411.9
0.126563	0.140625	-1000.05	147.164
0.126563	0.145313	-526.499	201.425
0.126563	0.15	20.1292	218.093
0.13125	0	-20.7762	-209.717
0.13125	0.0046875	518.248	-194.57
0.13125	0.009375	988.229	-158.203
0.13125	0.0140625	1345.4	-4243.79
0.13125	0.01875	770.967	-2893.97
0.13125	0.0234375	390.446	-929.143
0.13125	0.028125	513.275	-265.973
0.13125	0.0328125	398.933	-264.914
0.13125	0.0375	411.199	33.6414
0.13125	0.0421875	199.281	-300.669
0.13125	0.046875	322.313	-257.127
0.13125	0.0515625	150.857	324.344
0.13125	0.05625	231.618	-199.783
0.13125	0.0609375	-568.663	-620.275
0.13125	0.065625	-730.731	54.8828
0.13125	0.0703125	-703.025	218.079
0.13125	0.075	-151.57	315.732
0.13125	0.0796875	-158.809	470.192
0.13125	0.084375	109.972	27.6026
0.13125	0.0890625	0.408615	-189.747
0.13125	0.09375	-581.293	-166.815
0.13125	0.0984375	-19.6668	208.522
0.13125	0.103125	300.437	-56.6722
0.13125	0.107813	-255.435	-285.312
0.13125	0.1125	-314.2	-138.818
0.13125	0.117188	-748.29	437.527
0.13125	0.121875	-500.409	859.852
0.13125	0.126563	-673.573	806.027
0.13125	0.13125	-929.043	2229.92
0.13125	0.135938	-1333.9	3579.48
0.13125	0.140625	-997.847	-50.0176
0.13125	0.145313	-523.246	-110.538
0.13125	0.15	20.7996	-130.841
0.135938	0	-18.8398	-538.265
0.135938	0.0046875	449.892	-485.306
0.135938	0.009375	860.705	-326.347
0.135938	0.0140625	1169.55	-5126.56
0.135938	0.01875	716.78	-3734.46
0.135938	0.0234375	539.51	-1293.43
0.135938	0.028125	402.414	-481.906
0.135938	0.0328125	5.77892	-476.686
0.135938	0.0375	57.4123	-138.479
0.135938	0.0421875	-287.793	-166.433
0.135938	0.046875	-184.853	-157.136
0.135938	0.0515625	-418.829	182.672
0.135938	0.05625	-393.838	-497.051
0.135938	0.0609375	-756.167	-932.536
0.135938	0.065625	-274.491	-196.408
0.135938	0.0703125	-491.59	168.532
0.135938	0.075	-161.334	345.326
0.135938	0.0796875	-419.988	538.772
0.135938	0.084375	-170.682	351.419
0.135938	0.0890625	162.639	-366.29
0.135938	0.09375	480.339	-127.716
0.135938	0.0984375	217.746	167.869
0.135938	0.103125	279.319	-453.24
0.135938	0.107813	119.418	-259.206
0.135938	0.1125	263.941	-284.427
0.135938	0.117188	-30.5272	72.6133
0.135938	0.121875	-581.997	385.525
0.135938	0.126563	-644.555	187.579
0.135938	0.13125	-680.775	1777.55
0.135938	0.135938	-1110.27	3057.63
0.135938	0.140625	-850.401	-246.797
0.135938	0.145313	-449.593	-408.155
0.135938	0.15	18.8592	-461.904
0.140625	0	-14.4915	-814.583
0.140625	0.0046875	318.719	-736.677
0.140625	0.009375	592.474	-496.848
0.140625	0.0140625	722.429	-5628.97
0.140625	0.01875	485.812	-3958.94
0.140625	0.0234375	647.071	-1571.11
0.140625	0.028125	339.488	-1036.35
0.140625	0.0328125	325.129	-801.154
0.140625	0.0375	366.89	-484.009
0.140625	0.0421875	96.399	-760.288
0.140625	0.046875	-62.5137	-504.934
0.140625	0.0515625	-453.486	-13.0888
0.140625	0.05625	-1032.94	-665.533
0.140625	0.0609375	-407.862	-601.433
0.140625	0.065625	-417.067	229.155
0.140625	0.0703125	-341.524	235.444
0.140625	0.075	-467.572	231.217
0.140625	0.0796875	-518.571	303.294
0.140625	0.084375	-604.549	453.977
0.140625	0.0890625	-199.522	317.771
0.140625	0.09375	520.692	-163.703
0.140625	0.0984375	-30.7039	-104.982
0.140625	0.103125	588.178	-299.451
0.140625	0.107813	59.0804	-356.021
0.140625	0.1125	-348.508	-470.445
0.140625	0.117188	-231.644	-679.303
0.140625	0.121875	-849.507	2.54082
0.140625	0.126563	-570.168	425.292
0.140625	0.13125	-556.018	1370.24
0.140625	0.135938	-811.619	2247.66
0.140625	0.140625	-604.557	-450.357
0.140625	0.145313	-319.488	-665.675
0.140625	0.15	14.5093	-742.397
0.145313	0	-8.21949	-1009.29
0.145313	0.0046875	158.169	-926.937
0.145313	0.009375	285.694	-700.099
0.145313	0.0140625	338.643	-6061.69
0.145313	0.01875	323.735	-4168.51
0.145313	0.0234375	233.722	-1700.39
0.145313	0.028125	-135.251	-1052.55
0.145313	0.0328125	-77.4904	-678.709
0.145313	0.0375	-169.37	-530.605
0.145313	0.0421875	41.4464	-777.797
0.145313	0.046875	356.337	-882.487
0.145313	0.0515625	248.607	-840.07
0.145313	0.05625	-194.894	-551.536
0.145313	0.0609375	231.66	-471.477
0.145313	0.065625	71.333	-214.421
0.145313	0.0703125	-131.787	40.9627
0.145313	0.075	-109.089	105.071
0.145313	0.0796875	301.714	392.125
0.145313	0.084375	-39.6492	663.324
0.145313	0.0890625	-384.066	734.419
0.145313	0.09375	-323.806	-62.5934
0.145313	0.0984375	-258.889	163.213
0.145313	0.103125	-40.1974	-404.891
0.145313	0.107813	-236.65	-1295.57
0.145313	0.1125	-548.354	-653.891
0.145313	0.117188	-193.968	-527.805
0.145313	0.121875	-115.658	-131.074
0.145313	0.126563	-413.684	233.423
0.145313	0.13125	-533.62	1266.75
0.145313	0.135938	-335.036	2282.21
0.145313	0.140625	-268.585	-544.414
0.145313	0.145313	-145.948	-839.386
0.145313	0.15	8.24358	-936.592
0.15	0	-0.756536	-1078.09
0.15	0.0046875	-14.4061	-988.237
0.15	0.009375	-27.6889	-729.808
0.15	0.0140625	26.5619	-5868.34
0.15	0.01875	-29.4122	-4257.88
0.15	0.0234375	-248.863	-2133.55
0.15	0.028125	-341.789	-1469.88
0.15	0.0328125	8.59256	-968.912
0.15	0.0375	-570.743	-429.187
0.15	0.0421875	-437.207	-326.075
0.15	0.046875	-404.37	-407.232
0.15	0.0515625	84.7552	-641.242
0.15	0.05625	616.905	-719.421
0.15	0.0609375	428.674	-423.784
0.15	0.065625	763.772	-303.136
0.15	0.0703125	498.476	-47.2964
0.15	0.075	842.978	624.832
0.15	0.0796875	534.287	284.571
0.15	0.084375	208.891	-287.675
0.15	0.0890625	-120.743	13.0885
0.15	0.09375	-209.293	-178.447
0.15	0.0984375	-71.3295	-20.4458
0.15	0.103125	-488.736	-435.983
0.15	0.107813	-32.6928	-991.813
0.15	0.1125	257.445	-512.875
0.15	0.117188	462.736	-378.013
0.15	0.121875	496.507	-366.848
0.15	0.126563	148.577	-177.238
0.15	0.13125	248.544	1222.37
0.15	0.135938	205.548	2447.02
0.15	0.140625	102.621	-670.773
0.15	0.145313	44.7423	-938.488
0.15	0.15	0.785884	-1032.42
0.154688	0	7.01412	-1014.94
0.154688	0.0046875	-193.32	-926.286
0.154688	0.009375	-377.852	-656.351
0.154688	0.0140625	-540.109	-6131.69
0.154688	0.01875	-238.214	-4439.17
0.154688	0.0234375	-228.984	-1995.29
0.154688	0.028125	-147.296	-750.122
0.154688	0.0328125	-95.5766	-926.878
0.154688	0.0375	68.8858	-1038.46
0.154688	0.0421875	72.0427	-593.476
0.154688	0.046875	-285.288	-356.713
0.154688	0.0515625	-588.732	106.294
0.154688	0.05625	286.286	-255.681
0.154688	0.0609375	218.226	-392.475
0.154688	0.065625	797.676	-164.6
0.154688	0.0703125	1085.36	96.8314
0.154688	0.075	873.136	39.5231
0.154688	0.0796875	-75.8307	-381.632
0.154688	0.084375	303.699	-119.059
0.154688	0.0890625	20.283	217.332
0.154688	0.09375	74.9669	-112.127
0.154688	0.0984375	535.737	-193.033
0.154688	0.103125	199.204	-421.284
0.154688	0.107813	481.441	-608.455
0.154688	0.1125	533.536	-260.474
0.154688	0.117188	601.096	-372.378
0.154688	0.121875	665.398	-461.59
0.154688	0.126563	686.973	-29.9701
0.154688	0.13125	685.013	1285.09
0.154688	0.135938	585.844	2168.61
0.154688	0.140625	423.661	-690.677
0.154688	0.145313	220.017	-920.08
0.154688	0.15	-6.98956	-1001.87
0.159375	0	14.1709	-830.716
0.159375	0.0046875	-339.611	-773.476
0.159375	0.009375	-629.156	-646.577
0.159375	0.0140625	-807.612	-5091.82
0.159375	0.01875	-367.967	-3778.26
0.159375	0.0234375	-3.55584	-1962.62
0.159375	0.028125	-81.7943	-1252.2
0.159375	0.0328125	-574.9	-678.034
0.159375	0.0375	103.312	-232.152
0.159375	0.0421875	422.174	-632.869
0.159375	0.046875	453.497	-1076.39
0.159375	0.0515625	-32.6987	-106.141
0.159375	0.05625	4.10906	20.7368
0.159375	0.0609375	72.66	72.7087
0.159375	0.065625	174.306	592.347
0.159375	0.0703125	525.263	-62.3764
0.159375	0.075	225.479	-633.423
0.159375	0.0796875	-218.475	-278.357
0.159375	0.084375	374.785	-204.696
0.159375	0.0890625	57.998	-290.199
0.159375	0.09375	-307.895	342.538
0.159375	0.0984375	106.003	133.217
0.159375	0.103125	239.328	-524.668
0.159375	0.107813	539.024	-690.743
0.159375	0.1125	411.721	-352.276
0.159375	0.117188	252.783	-119.477
0.159375	0.121875	293.366	-204.555
0.159375	0.126563	679.473	-57.1069
0.159375	0.13125	489.008	1264.88
0.159375	0.135938	876.096	2359.59
0.159375	0.140625	682.043	-598.841
0.159375	0.145313	364.994	-773.603
0.159375	0.15	-14.1566	-837.227
0.164062	0	19.8522	-516.44
0.164062	0.0046875	-447.612	-466.062
0.164062	0.009375	-800.806	-314.105
0.164062	0.0140625	-927.577	-4920.78
0.164062	0.01875	-798.68	-3337.2
0.164062	0.0234375	-328.105	-1526.2
0.164062	0.028125	-357.492	-1212.14
0.164062	0.0328125	-628.675	-611.222
0.164062	0.0375	-521.649	55.6724
0.164062	0.0421875	-713.163	-240.1
0.164062	0.046875	-263.23	-848.403
0.164062	0.0515625	118.54	-310.306
0.164062	0.05625	-46.7238	-143.456
0.164062	0.0609375	-117.334	-243.393
0.164062	0.065625	-526.833	261.587
0.164062	0.0703125	-297.771	78.7818
0.164062	0.075	-99.2466	-743.724
0.164062	0.0796875	-98.6264	-280.581
0.164062	0.084375	53.8874	131.712
0.164062	0.0890625	420.768	-474.385
0.164062	0.09375	38.654	-78.4504
0.164062	0.0984375	-362.513	317.504
0.164062	0.103125	183.622	27.5254
0.164062	0.107813	602.446	-383.745
0.164062	0.1125	676.607	-486.781
0.164062	0.117188	518.399	-361.161
0.164062	0.121875	469.039	76.0971
0.164062	0.126563	315.18	352.64
0.164062	0.13125	583.815	1751.07
0.164062	0.135938	1068.56	3192.13
0.164062	0.140625	870.221	-390.362
0.164062	0.145313	471.678	-511.278
0.164062	0.15	-19.8465	-554.737
0.16875	0	23.3607	-138.207
0.16875	0.0046875	-526.031	-110.573
0.16875	0.009375	-955.02	-30.741
0.16875	0.0140625	-1177.07	-4336.44
0.16875	0.01875	-1087.18	-2794.01
0.16875	0.0234375	-791.626	-1267.75
0.16875	0.028125	-447.982	-1350.35
0.16875	0.0328125	-292.668	-682.657
0.16875	0.0375	-291.519	-223.774
0.16875	0.0421875	-764.23	-292.764
0.16875	0.046875	-614.087	-165.805
0.16875	0.0515625	-270.355	121.051
0.16875	0.05625	-512.44	-205.331
0.16875	0.0609375	-41.0031	-406.822
0.16875	0.065625	86.9867	399.081
0.16875	0.0703125	-204.638	411.989
0.16875	0.075	-2.62569	-376.904
0.16875	0.0796875	534.939	-110.305
0.16875	0.084375	503.9	370.712
0.16875	0.0890625	581.743	-213.045
0.16875	0.09375	419.281	-424.939
0.16875	0.0984375	293.308	352.466
0.16875	0.103125	158.351	607.586
0.16875	0.107813	290.12	-23.12
0.16875	0.1125	272.751	-246.137
0.16875	0.117188	615.911	-130.033
0.16875	0.121875	867.971	-139.328
0.16875	0.126563	439.546	400.192
0.16875	0.13125	921.936	2476.13
0.16875	0.135938	1300.63	3871.9
0.16875	0.140625	991.475	-111.495
0.16875	0.145313	533.639	-174.672
0.16875	0.15	-23.358	-193.616
0.173438	0	24.2514	246.453
0.173438	0.0046875	-558.442	250.813
0.173438	0.009375	-1045.47	292.966
0.173438	0.0140625	-1382.15	-4266.47
0.173438	0.01875	-1524.6	-2516.26
0.173438	0.0234375	-1336.32	-528.55
0.173438	0.028125	-792.7	-423.053
0.173438	0.0328125	-380.339	-255.536
0.173438	0.0375	-178.553	-269.272
0.173438	0.0421875	-80.6598	-420.325
0.173438	0.046875	-345.593	-273.522
0.173438	0.0515625	-45.0155	-198.274
0.173438	0.05625	-348.117	117.278
0.173438	0.0609375	159.233	373.948
0.173438	0.065625	280.149	25.5953
0.173438	0.0703125	-204.245	-76.4639
0.173438	0.075	114.441	-51.4479
0.173438	0.0796875	704.196	246.662
0.173438	0.084375	553.437	197.881
0.173438	0.0890625	411.469	-581.874
0.173438	0.09375	245.705	-338.051
0.173438	0.0984375	564.516	126.297
0.173438	0.103125	15.4128	51.3668
0.173438	0.107813	185.925	-171.32
0.173438	0.1125	357.057	18.1039
0.173438	0.117188	290.383	372.75
0.173438	0.121875	224.814	179.748
0.173438	0.126563	658.063	792.862
0.173438	0.13125	908.236	3071.1
0.173438	0.135938	1250.06	4485.06
0.173438	0.140625	973.908	90.6691
0.173438	0.145313	530.079	174.071
0.173438	0.15	-24.2498	196.119
0.178125	0	22.3868	575.688
0.178125	0.0046875	-521.402	533.886
0.178125	0.009375	-1008.65	417.093
0.178125	0.0140625	-1448.17	-4121.79
0.178125	0.01875	-1212.72	-2254.75
0.178125	0.0234375	-926.909	-119.703
0.178125	0.028125	-1009.75	-132.832
0.178125	0.0328125	-654.937	92.076
0.178125	0.0375	-667.88	233.63
0.178125	0.0421875	-601.297	-343.55
0.178125	0.046875	-792.928	-58.8619
0.178125	0.0515625	-142.299	186.694
0.178125	0.05625	-211.994	11.8493
0.178125	0.0609375	-17.731	180.771
0.178125	0.065625	-184.203	23.1434
0.178125	0.0703125	151.109	216.254
0.178125	0.075	-272.489	460.212
0.178125	0.0796875	-338.517	264.971
0.178125	0.084375	-406.755	0.496201
0.178125	0.0890625	-190.084	-603.794
0.178125	0.09375	108.636	-327.435
0.178125	0.0984375	216.379	147.705
0.178125	0.103125	127.821	298.209
0.178125	0.107813	199.08	357.127
0.178125	0.1125	233.882	-76.516
0.178125	0.117188	446.85	-125.441
0.178125	0.121875	123.73	472.63
0.178125	0.126563	512.416	1464.33
0.178125	0.13125	577.251	3515.1
0.178125	0.135938	1062.88	5016.66
0.178125	0.140625	849.941	438.071
0.178125	0.145313	464.678	543.13
0.178125	0.15	-22.3846	586.017
0.182813	0	17.9546	837.859
0.182813	0.0046875	-398.152	756.037
0.182813	0.009375	-768.32	508.5
0.182813	0.0140625	-1075.14	-3358.53
0.182813	0.01875	-718.024	-1586.01
0.182813	0.0234375	-491.364	25.3871
0.182813	0.028125	-672.472	131.008
0.182813	0.0328125	-232.23	321.821
0.182813	0.0375	-646.386	-69.7663
0.182813	0.0421875	-452.352	-447.434
0.182813	0.046875	-201.43	279.849
0.182813	0.0515625	-268.154	445.691
0.182813	0.05625	-376.068	322.694
0.182813	0.0609375	-13.6309	509.803
0.182813	0.065625	-283.999	280.856
0.182813	0.0703125	58.4079	-115.389
0.182813	0.075	-286.344	-437.755
0.182813	0.0796875	-610.501	219.883
0.182813	0.084375	-721.919	438.273
0.182813	0.0890625	-388.1	19.7868
0.182813	0.09375	-119.106	138.019
0.182813	0.0984375	-182.726	195.465
0.182813	0.103125	79.6833	164.025
0.182813	0.107813	-165.537	116.459
0.182813	0.1125	-234.47	411.955
0.182813	0.117188	0.156921	505.849
0.182813	0.121875	482.18	482.809
0.182813	0.126563	661.835	1490.93
0.182813	0.13125	485.027	4044.54
0.182813	0.135938	832.224	5983.03
0.182813	0.140625	647.055	626.474
0.182813	0.145313	348.471	839.566
0.182813	0.15	-17.9549	912.412
0.1875	0	11.4526	1029.88
0.1875	0.0046875	-214.147	927.289
0.1875	0.009375	-396.257	617.94
0.1875	0.0140625	-478.561	-3005.22
0.1875	0.01875	-228.231	-1348.3
0.1875	0.0234375	-489.97	166.948
0.1875	0.028125	-277.934	367.025
0.1875	0.0328125	23.0002	305.475
0.1875	0.0375	-161.022	137.424
0.1875	0.0421875	-342.479	166.759
0.1875	0.046875	268.828	171.944
0.1875	0.0515625	-309.4	117.999
0.1875	0.05625	-21.0811	363.378
0.1875	0.0609375	-100.919	315.749
0.1875	0.065625	-637.832	82.5574
0.1875	0.0703125	-564.704	236.87
0.1875	0.075	-385.24	-137.44
0.1875	0.0796875	-230.734	-149.533
0.1875	0.084375	-494.22	242.746
0.1875	0.0890625	-454.329	6.52019
0.1875	0.09375	-147.777	-77.0731
0.1875	0.0984375	99.7846	415.854
0.1875	0.103125	574.522	311.842
0.1875	0.107813	470.678	92.6155
0.1875	0.1125	553.314	210.198
0.1875	0.117188	91.3687	722.733
0.1875	0.121875	643.712	1321.04
0.1875	0.126563	555.876	1690.73
0.1875	0.13125	284.148	3995.23
0.1875	0.135938	419.502	6108.95
0.1875	0.140625	354.304	825.292
0.1875	0.145313	190.025	1062.42
0.1875	0.15	-11.4556	1147.48
0.192188	0	3.62247	1132.71
0.192188	0.0046875	-12.9747	1033.73
0.192188	0.009375	-15.6047	760.415
0.192188	0.0140625	3.88477	-2658.78
0.192188	0.01875	29.888	-1403.14
0.192188	0.0234375	-91.8032	104.564
0.192188	0.028125	267.731	701.09
0.192188	0.0328125	159.739	495.791
0.192188	0.0375	192.622	-368.736
0.192188	0.0421875	-133.577	-16.8304
0.192188	0.046875	-23.8312	313.601
0.192188	0.0515625	-9.96445	174.539
0.192188	0.05625	337.856	483.886
0.192188	0.0609375	19.0498	-161.766
0.192188	0.065625	9.29938	-251.538
0.192188	0.0703125	-241.419	76.731
0.192188	0.075	-354.987	-147.694
0.192188	0.0796875	-117.082	51.3609
0.192188	0.084375	-459.324	176.079
0.192188	0.0890625	-705.042	362.817
0.192188	0.09375	-347.832	664.225
0.192188	0.0984375	191.804	925.544
0.192188	0.103125	-31.746	556.321
0.192188	0.107813	102.229	72.5308
0.192188	0.1125	289.854	84.7245
0.192188	0.117188	205.721	694.337
0.192188	0.121875	387.595	1137.13
0.192188	0.126563	286.329	1361.08
0.192188	0.13125	258.168	4068.34
0.192188	0.135938	-15.2732	6405.95
0.192188	0.140625	31.5803	906.7
0.192188	0.145313	14.016	1167.31
0.192188	0.15	-3.62359	1257.72
0.196875	0	-4.63873	1116.43
0.196875	0.0046875	182.366	1019.72
0.196875	0.009375	353.721	727.586
0.196875	0.0140625	492.889	-2952.4
0.196875	0.01875	402.875	-1402.98
0.196875	0.0234375	226.836	438.802
0.196875	0.028125	292.42	606.885
0.196875	0.0328125	20.6958	251.18
0.196875	0.0375	475.766	-121.755
0.196875	0.0421875	617.25	-25.0956
0.196875	0.046875	357.792	297.702
0.196875	0.0515625	206.85	474.18
0.196875	0.05625	176.38	419.515
0.196875	0.0609375	15.9724	48.8802
0.196875	0.065625	298.002	-116.509
0.196875	0.0703125	331.49	-111.754
0.196875	0.075	339.205	16.8662
0.196875	0.0796875	-75.6054	-174.572
0.196875	0.084375	130.538	-299.283
0.196875	0.0890625	323.98	167.092
0.196875	0.09375	-46.119	885.696
0.196875	0.0984375	-64.6822	792.64
0.196875	0.103125	-885.29	367.2
0.196875	0.107813	-711.409	545.235
0.196875	0.1125	-454.908	341.536
0.196875	0.117188	-39.2356	879.219
0.196875	0.121875	-28.0172	1466.13
0.196875	0.126563	102.102	1610.53
0.196875	0.13125	214.749	3768.34
0.196875	0.135938	-270.056	5618.41
0.196875	0.140625	-268.867	936.677
0.196875	0.145313	-158.885	1148.36
0.196875	0.15	4.64041	1230.29
0.201563	0	-12.3832	987.246
0.201563	0.0046875	349.429	916.512
0.201563	0.009375	667.786	726.715
0.201563	0.0140625	919.099	-3017.78
0.201563	0.01875	1000.34	-1804.48
0.201563	0.0234375	712.725	-62.144
0.201563	0.028125	521.448	482.725
0.201563	0.0328125	153.705	661.704
0.201563	0.0375	687.436	197.42
0.201563	0.0421875	477.302	-164.045
0.201563	0.046875	359.703	-115.637
0.201563	0.0515625	67.0102	-20.4223
0.201563	0.05625	-12.9322	299.399
0.201563	0.0609375	-99.0644	16.8715
0.201563	0.065625	-414.548	143.074
0.201563	0.0703125	-36.0793	153.628
0.201563	0.075	223.507	-529.28
0.201563	0.0796875	-76.9156	-112.682
0.201563	0.084375	-1.90805	589.827
0.201563	0.0890625	156.024	165.947
0.201563	0.09375	261.377	331.468
0.201563	0.0984375	-626.085	143.599
0.201563	0.103125	-823.02	-146.874
0.201563	0.107813	-745.121	514.099
0.201563	0.1125	-536.171	738.378
0.201563	0.117188	-276.922	1008.46
0.201563	0.121875	-657.118	1202.65
0.201563	0.126563	-734.164	1555.17
0.201563	0.13125	-666.494	3622.92
0.201563	0.135938	-760.187	5320.6
0.201563	0.140625	-613.916	667.39
0.201563	0.145313	-331.792	972.561
0.201563	0.15	12.3917	1063.01
0.20625	0	-18.7307	738.799
0.20625	0.0046875	466.017	692.556
0.20625	0.009375	878.068	554.654
0.20625	0.0140625	1178.66	-3095.66
0.20625	0.01875	915.582	-1867.59
0.20625	0.0234375	952.049	-271.719
0.20625	0.028125	528.943	-173.212
0.20625	0.0328125	178.151	261.401
0.20625	0.0375	77.3743	122.979
0.20625	0.0421875	-76.5145	-404.163
0.20625	0.046875	33.3204	-222.701
0.20625	0.0515625	83.4436	-23.3168
0.20625	0.05625	95.2245	213.62
0.20625	0.0609375	-254.758	-413.252
0.20625	0.065625	-512.289	-124.469
0.20625	0.0703125	-571.744	519.757
0.20625	0.075	1.25405	-80.5563
0.20625	0.0796875	456.837	-498.277
0.20625	0.084375	-387.38	-84.2785
0.20625	0.0890625	-720.69	427.044
0.20625	0.09375	-510.092	-4.39896
0.20625	0.0984375	-808.331	-442.666
0.20625	0.103125	-482.629	67.8336
0.20625	0.107813	-605.105	677.158
0.20625	0.1125	-571.854	699.479
0.20625	0.117188	-826.811	585.84
0.20625	0.121875	-1230.49	782.617
0.20625	0.126563	-1066.59	1341.78
0.20625	0.13125	-1207.59	3436.32
0.20625	0.135938	-1310.68	5107.79
0.20625	0.140625	-918.828	628.28
0.20625	0.145313	-473.708	768.824
0.20625	0.15	18.7445	819.726
0.210938	0	-22.9597	399.354
0.210938	0.0046875	520.595	390.639
0.210938	0.009375	965.504	385.762
0.210938	0.0140625	1250.76	-3928.72
0.210938	0.01875	651.668	-2390.33
0.210938	0.0234375	616.958	-752.002
0.210938	0.028125	-44.5225	-515.047
0.210938	0.0328125	-61.2151	53.3142
0.210938	0.0375	-260.74	-154.515
0.210938	0.0421875	-226.951	-274.103
0.210938	0.046875	-1.99904	26.2112
0.210938	0.0515625	77.3173	60.3515
0.210938	0.05625	-212.846	-40.5727
0.210938	0.0609375	-189.107	-604.876
0.210938	0.065625	295.566	-208.084
0.210938	0.0703125	49.4806	654.704
0.210938	0.075	111.571	516.639
0.210938	0.0796875	110.576	-511.623
0.210938	0.084375	182.771	-625.482
0.210938	0.0890625	-116.675	36.2391
0.210938	0.09375	-716.128	204.193
0.210938	0.0984375	-163.609	75.4825
0.210938	0.103125	364.044	-3.25119
0.210938	0.107813	-416.647	330.714
0.210938	0.1125	-626.701	371.847
0.210938	0.117188	-382.702	172.352
0.210938	0.121875	-778.737	705.748
0.210938	0.126563	-908.744	1249.54
0.210938	0.13125	-1192.61	2963.22
0.210938	0.135938	-1349.41	4649.67
0.210938	0.140625	-1020.72	460.138
0.210938	0.145313	-537.886	484.516
0.210938	0.15	22.977	497.199
0.215625	0	-24.5925	-7.71419
0.215625	0.0046875	514.864	6.3638
0.215625	0.009375	933.156	48.54
0.215625	0.0140625	1113.35	-4825.65
0.215625	0.01875	727.681	-2987.6
0.215625	0.0234375	520.459	-1297.5
0.215625	0.028125	755.297	-1086.74
0.215625	0.0328125	403.221	-126.041
0.215625	0.0375	-74.5062	-203.061
0.215625	0.0421875	412.305	-295.565
0.215625	0.046875	228.482	45.7618
0.215625	0.0515625	16.1274	-253.768
0.215625	0.05625	-719.333	-77.663
0.215625	0.0609375	-73.2835	170.301
0.215625	0.065625	676.745	176.687
0.215625	0.0703125	265.528	329.038
0.215625	0.075	-213.744	18.6808
0.215625	0.0796875	-442.415	-374.637
0.215625	0.084375	-44.9445	-284.402
0.215625	0.0890625	-127.027	-466.729
0.215625	0.09375	-211.255	-33.7656
0.215625	0.0984375	-151.273	691.807
0.215625	0.103125	5.86255	-137.981
0.215625	0.107813	-317.338	-366.326
0.215625	0.1125	-480.883	623.59
0.215625	0.117188	-647.226	264.413
0.215625	0.121875	-635.191	23.0777
0.215625	0.126563	-981.783	629.773
0.215625	0.13125	-1045.65	2584.2
0.215625	0.135938	-1259.06	4337.71
0.215625	0.140625	-985.438	202.426
0.215625	0.145313	-530.179	133.865
0.215625	0.15	24.6174	112.869
0.220313	0	-23.4584	-420.561
0.220313	0.0046875	465.919	-386.065
0.220313	0.009375	851.023	-297.881
0.220313	0.0140625	1037.14	-5190.57
0.220313	0.01875	903.975	-3447.28
0.220313	0.0234375	315.018	-1123.9
0.220313	0.028125	746.927	-962.079
0.220313	0.0328125	651.988	-1045.3
0.220313	0.0375	301.87	-308.762
0.220313	0.0421875	591.064	-52.0896
0.220313	0.046875	268.236	-491.809
0.220313	0.0515625	-83.6358	-1020.64
0.220313	0.05625	20.689	-216.266
0.220313	0.0609375	418.253	703.454
0.220313	0.065625	450.846	126.047
0.220313	0.0703125	-80.7827	-204.958
0.220313	0.075	-129.629	-231.557
0.220313	0.0796875	-348.496	-392.134
0.220313	0.084375	-106.398	-321.526
0.220313	0.0890625	-87.5297	-145.408
0.220313	0.09375	199.709	131.106
0.220313	0.0984375	-193.522	257.828
0.220313	0.103125	-193.548	-197.144
0.220313	0.107813	-195.206	-279.971
0.220313	0.1125	-431.528	-115.556
0.220313	0.117188	-682.169	-119.685
0.220313	0.121875	-541.58	70.0371
0.220313	0.126563	-623.125	455.516
0.220313	0.13125	-683.252	2231.34
0.220313	0.135938	-895.766	3658.25
0.220313	0.140625	-826.105	-85.4693
0.220313	0.145313	-463.015	-244.562
0.220313	0.15	23.4902	-291.323
0.225	0	-19.7147	-775.007
0.225	0.0046875	372.083	-715.989
0.225	0.009375	696.318	-556.229
0.225	0.0140625	906.576	-5609.81
0.225	0.01875	787.577	-4120.66
0.225	0.0234375	486.671	-1761.57
0.225	0.028125	217.617	-987.517
0.225	0.0328125	638.686	-770.099
0.225	0.0375	712.38	-388.574
0.225	0.0421875	382.207	-374.99
0.225	0.046875	589.947	-647.83
0.225	0.0515625	631.72	-472.567
0.225	0.05625	1208.94	391.762
0.225	0.0609375	764.737	535.989
0.225	0.065625	318.938	-304.702
0.225	0.0703125	429.048	-183.843
0.225	0.075	131.819	-231.554
0.225	0.0796875	88.3597	-349.881
0.225	0.084375	495.786	-17.1203
0.225	0.0890625	194.448	-191.449
0.225	0.09375	149.035	-178.682
0.225	0.0984375	23.2925	218.296
0.225	0.103125	169.095	-283.609
0.225	0.107813	-408.046	-725.163
0.225	0.1125	-573.432	-33.3544
0.225	0.117188	-649.872	-52.0865
0.225	0.121875	-283.14	-151.148
0.225	0.126563	-157.976	156.596
0.225	0.13125	-567.771	1832.7
0.225	0.135938	-785.883	3310.77
0.225	0.140625	-671.82	-528.931
0.225	0.145313	-370.895	-617.467
0.225	0.15	19.7493	-663.455
0.229688	0	-13.8253	-1029.73
0.229688	0.0046875	230.313	-947.319
0.229688	0.009375	432.028	-701.594
0.229688	0.0140625	550.247	-5826.07
0.229688	0.01875	433.019	-4228.62
0.229688	0.0234375	706.372	-1918.26
0.229688	0.028125	235.35	-976.272
0.229688	0.0328125	690.072	-674.86
0.229688	0.0375	395.257	-639.829
0.229688	0.0421875	-24.8448	-246.04
0.229688	0.046875	514.134	-260.772
0.229688	0.0515625	713.132	-387.48
0.229688	0.05625	966.964	-30.5715
0.229688	0.0609375	-52.5556	-123.101
0.229688	0.065625	-308.557	-166.02
0.229688	0.0703125	-42.6583	-354.518
0.229688	0.075	124.828	-515.115
0.229688	0.0796875	489.238	45.8887
0.229688	0.084375	444.616	-186.36
0.229688	0.0890625	101.473	-491.061
0.229688	0.09375	203.12	-43.9484
0.229688	0.0984375	22.9068	283.243
0.229688	0.103125	-77.0473	-670.313
0.229688	0.107813	-109.657	-1081.57
0.229688	0.1125	-35.9818	-449.948
0.229688	0.117188	-556.058	22.2149
0.229688	0.121875	-116.097	420.697
0.229688	0.126563	-195.068	-81.2833
0.229688	0.13125	-316.042	1265.86
0.229688	0.135938	-659.057	2877.28
0.229688	0.140625	-477.206	-603.823
0.229688	0.145313	-249.085	-832.871
0.229688	0.15	13.8583	-909.277
0.234375	0	-6.50052	-1169.13
0.234375	0.0046875	61.2768	-1082.8
0.234375	0.009375	103.914	-831.939
0.234375	0.0140625	61.2158	-6105.56
0.234375	0.01875	133.396	-4235.37
0.234375	0.0234375	377.455	-2164.39
0.234375	0.028125	-124.487	-1066.95
0.234375	0.0328125	126.367	-647.257
0.234375	0.0375	363.271	-1190.59
0.234375	0.0421875	122.757	-310.88
0.234375	0.046875	-60.161	74.2633
0.234375	0.0515625	-69.3821	-30.4877
0.234375	0.05625	-22.8685	-360.883
0.234375	0.0609375	-596.905	-691.318
0.234375	0.065625	-804.985	-233.652
0.234375	0.0703125	-335.065	278.277
0.234375	0.075	52.5596	349.573
0.234375	0.0796875	354.97	77.9423
0.234375	0.084375	-82.7891	-339.495
0.234375	0.0890625	-145.302	-359.61
0.234375	0.09375	-269.899	-148.805
0.234375	0.0984375	105.12	-30.9335
0.234375	0.103125	-98.4791	-385.917
0.234375	0.107813	361.849	-676.4
0.234375	0.1125	473.82	-460.996
0.234375	0.117188	142.551	-111.404
0.234375	0.121875	-194.013	135.801
0.234375	0.126563	-513.72	-191.859
0.234375	0.13125	-88.4947	1141.99
0.234375	0.135938	-209.582	2380.14
0.234375	0.140625	-175.782	-708.408
0.234375	0.145313	-89.3928	-941.542
0.234375	0.15	6.52602	-1025.35
0.239063	0	1.38419	-1171.55
0.239063	0.0046875	-101.69	-1095.14
0.239063	0.009375	-187.28	-892.298
0.239063	0.0140625	-253.293	-5735.12
0.239063	0.01875	-60.1596	-3905.65
0.239063	0.0234375	-83.4194	-2167.51
0.239063	0.028125	55.331	-1266.73
0.239063	0.0328125	-11.7906	-186.335
0.239063	0.0375	281.185	-631.603
0.239063	0.0421875	440.167	-657.775
0.239063	0.046875	9.2387	-427.223
0.239063	0.0515625	55.734	-318.679
0.239063	0.05625	-5.00914	-518.239
0.239063	0.0609375	194.271	-829.844
0.239063	0.065625	-51.2841	135.799
0.239063	0.0703125	-19.0012	519.482
0.239063	0.075	53.4258	152.477
0.239063	0.0796875	-41.0429	-124.402
0.239063	0.084375	-480.263	-662.291
0.239063	0.0890625	165.753	-659.829
0.239063	0.09375	-488.261	246.038
0.239063	0.0984375	-45.5903	437.646
0.239063	0.103125	-640.383	-481.91
0.239063	0.107813	-96.41	-548.686
0.239063	0.1125	103.608	-699.744
0.239063	0.117188	-20.2654	-719.331
0.239063	0.121875	-706.796	-327.523
0.239063	0.126563	-251.285	-72.2695
0.239063	0.13125	225.49	1493.07
0.239063	0.135938	102.417	2603.14
0.239063	0.140625	131.017	-665.795
0.239063	0.145313	80.8463	-910.838
0.239063	0.15	-1.3696	-997.867
0.24375	0	8.89576	-1021.64
0.24375	0.0046875	-248.439	-951.416
0.24375	0.009375	-450.121	-744.995
0.24375	0.0140625	-576.089	-5537.86
0.24375	0.01875	-566.248	-3929.57
0.24375	0.0234375	-315.824	-1956.91
0.24375	0.028125	388.399	-958.494
0.24375	0.0328125	35.2105	-371.858
0.24375	0.0375	-349.251	-643.327
0.24375	0.0421875	-222.508	-553.304
0.24375	0.046875	-165.28	-298.342
0.24375	0.0515625	-217.725	1.69846
0.24375	0.05625	-99.1497	-150.724
0.24375	0.0609375	449.923	-722.799
0.24375	0.065625	527.751	-470.193
0.24375	0.0703125	333.982	411.143
0.24375	0.075	210.186	328.731
0.24375	0.0796875	-22.6386	-495.163
0.24375	0.084375	81.8769	-108.44
0.24375	0.0890625	573.267	-322.542
0.24375	0.09375	381.729	-351.865
0.24375	0.0984375	42.837	-142.647
0.24375	0.103125	-231.827	-416.134
0.24375	0.107813	-111.183	80.9278
0.24375	0.1125	127.499	-363.28
0.24375	0.117188	248.112	-906.124
0.24375	0.121875	-347.499	-14.7284
0.24375	0.126563	343.718	868.195
0.24375	0.13125	532.193	1619.88
0.24375	0.135938	580.025	2243.64
0.24375	0.140625	468.333	-486.504
0.24375	0.145313	253.731	-752.734
0.24375	0.15	-8.89287	-839.135
0.248438	0	15.1585	-749.209
0.248438	0.0046875	-368.869	-699.169
0.248438	0.009375	-659.008	-576.593
0.248438	0.0140625	-762.539	-5492.32
0.248438	0.01875	-587.404	-3444.19
0.248438	0.0234375	-650.142	-1042.44
0.248438	0.028125	-223.718	-723.743
0.248438	0.0328125	82.3633	-782.157
0.248438	0.0375	-284.569	-798.756
0.248438	0.0421875	-263.588	-342.704
0.248438	0.046875	262.283	-301.519
0.248438	0.0515625	-67.384	-148.637
0.248438	0.05625	-279.428	268.325
0.248438	0.0609375	-358.266	-95.6005
0.248438	0.065625	-137.74	131.835
0.248438	0.0703125	-38.7298	328.217
0.248438	0.075	-421.253	-30.1384
0.248438	0.0796875	-105.019	-90.8738
0.248438	0.084375	121.276	72.2004
0.248438	0.0890625	164.209	-186.958
0.248438	0.09375	408.055	-143.322
0.248438	0.0984375	237.694	-19.0679
0.248438	0.103125	765.252	-425.695
0.248438	0.107813	470.422	23.1609
0.248438	0.1125	462.112	-140.426
0.248438	0.117188	630.373	-985.497
0.248438	0.121875	612.322	-9.63287
0.248438	0.126563	551.374	1047.33
0.248438	0.13125	317.972	1985.8
0.248438	0.135938	1033.73	2964.27
0.248438	0.140625	760.481	-354.742
0.248438	0.145313	400.359	-528.281
0.248438	0.15	-15.168	-589.043
0.253125	0	19.4536	-385.02
0.253125	0.0046875	-463.696	-340.375
0.253125	0.009375	-845.147	-182.311
0.253125	0.0140625	-1035.14	-4674.44
0.253125	0.01875	-740.913	-3401.31
0.253125	0.0234375	-1259.82	-1252.99
0.253125	0.028125	-1154.53	69.3181
0.253125	0.0328125	-1178.1	-195.2
0.253125	0.0375	-548.808	-775.327
0.253125	0.0421875	-133.588	164.032
0.253125	0.046875	33.6497	65.5868
0.253125	0.0515625	378.707	-400.264
0.253125	0.05625	136.314	-310.685
0.253125	0.0609375	-46.9863	-442.464
0.253125	0.065625	100.872	7.61539
0.253125	0.0703125	-360.82	310.075
0.253125	0.075	-392.714	410.622
0.253125	0.0796875	-437.389	137.74
0.253125	0.084375	-307.251	257.909
0.253125	0.0890625	14.0966	91.923
0.253125	0.09375	-64.4134	-145.326
0.253125	0.0984375	183.192	343.688
0.253125	0.103125	510.272	-27.5454
0.253125	0.107813	262.9	-61.2584
0.253125	0.1125	-51.7996	-57.7098
0.253125	0.117188	460.763	-522.198
0.253125	0.121875	866.187	161.025
0.253125	0.126563	713.37	869.681
0.253125	0.13125	530.421	2514.56
0.253125	0.135938	1156.65	4126.37
0.253125	0.140625	914.894	-165.685
0.253125	0.145313	490.593	-237.715
0.253125	0.15	-19.4718	-267.671
0.257812	0	21.3044	-10.5963
0.257812	0.0046875	-516.126	-2.95866
0.257812	0.009375	-975.135	21.1789
0.257812	0.0140625	-1329.07	-4447.43
0.257812	0.01875	-1046.25	-3280.36
0.257812	0.0234375	-801.951	-1138.28
0.257812	0.028125	-522.628	-378.413
0.257812	0.0328125	-1038.35	65.1586
0.257812	0.0375	-509.864	424.139
0.257812	0.0421875	-44.9079	343.007
0.257812	0.046875	-439.232	336.434
0.257812	0.0515625	236.922	8.62491
0.257812	0.05625	-241.251	-126.333
0.257812	0.0609375	-140.621	-104.527
0.257812	0.065625	423.058	-173.748
0.257812	0.0703125	235.181	-118.278
0.257812	0.075	402.106	-38.9806
0.257812	0.0796875	-125.726	62.2341
0.257812	0.084375	135.223	598.147
0.257812	0.0890625	156.418	142.725
0.257812	0.09375	84.0179	119.646
0.257812	0.0984375	389.388	662.929
0.257812	0.103125	115.992	-241.939
0.257812	0.107813	117.87	-401.027
0.257812	0.1125	299.327	276.133
0.257812	0.117188	695.483	170.883
0.257812	0.121875	824.233	504.779
0.257812	0.126563	747.724	1090.3
0.257812	0.13125	1155.04	2904.96
0.257812	0.135938	1295.32	4728.86
0.257812	0.140625	989.594	142.816
0.257812	0.145313	527.887	101.997
0.257812	0.15	-21.3249	94.1947
0.2625	0	20.5318	344.203
0.2625	0.0046875	-494.059	314.424
0.2625	0.009375	-945.268	238.189
0.2625	0.0140625	-1318.41	-3699.88
0.2625	0.01875	-1088.65	-2408.65
0.2625	0.0234375	-273.645	-343.235
0.2625	0.028125	-354.163	55.5676
0.2625	0.0328125	8.88454	24.336
0.2625	0.0375	-164.945	379.277
0.2625	0.0421875	-32.6562	341.267
0.2625	0.046875	64.7728	443.311
0.2625	0.0515625	-231.24	-126.962
0.2625	0.05625	-489.818	-590.927
0.2625	0.0609375	-521.049	307.889
0.2625	0.065625	-90.2547	382.153
0.2625	0.0703125	68.1432	196.111
0.2625	0.075	138.145	23.3275
0.2625	0.0796875	71.6497	-6.30164
0.2625	0.084375	426.597	595.019
0.2625	0.0890625	420.872	-3.1261
0.2625	0.09375	389.196	62.8419
0.2625	0.0984375	210.077	390.081
0.2625	0.103125	70.2608	-240.939
0.2625	0.107813	423.639	257.669
0.2625	0.1125	508.702	681.467
0.2625	0.117188	771.385	88.2952
0.2625	0.121875	859.978	384.638
0.2625	0.126563	676.127	1500.21
0.2625	0.13125	1259.9	3456.06
0.2625	0.135938	1243.38	4893.71
0.2625	0.140625	951.285	302.656
0.2625	0.145313	504.513	404.32
0.2625	0.15	-20.5476	435.089
0.267188	0	17.2787	649.339
0.267188	0.0046875	-392.604	577.587
0.267188	0.009375	-728.916	335.861
0.267188	0.0140625	-929.959	-3391.5
0.267188	0.01875	-640.337	-1729.84
0.267188	0.0234375	-211.006	-26.5882
0.267188	0.028125	-563.057	219.527
0.267188	0.0328125	-518.896	490.068
0.267188	0.0375	-432.819	594.085
0.267188	0.0421875	-261.878	744.359
0.267188	0.046875	-186.598	233.361
0.267188	0.0515625	-290.554	-431.633
0.267188	0.05625	381.419	-328.315
0.267188	0.0609375	204.983	363.692
0.267188	0.065625	-112.092	528.474
0.267188	0.0703125	-63.5404	192.387
0.267188	0.075	-217.538	-23.2416
0.267188	0.0796875	69.6567	373.272
0.267188	0.084375	465.828	993.568
0.267188	0.0890625	42.2817	152.003
0.267188	0.09375	290.318	-42.8216
0.267188	0.0984375	199.503	423.334
0.267188	0.103125	289.187	103
0.267188	0.107813	670.459	175.377
0.267188	0.1125	206.49	762.83
0.267188	0.117188	63.3643	755.382
0.267188	0.121875	597.824	738.57
0.267188	0.126563	706.013	1877.07
0.267188	0.13125	804.85	3910.12
0.267188	0.135938	1072.19	5132.68
0.267188	0.140625	807.103	554.729
0.267188	0.145313	422.941	678.03
0.267188	0.15	-17.2818	728.399
0.271875	0	11.9822	899.4
0.271875	0.0046875	-247.53	826.042
0.271875	0.009375	-436.021	629.707
0.271875	0.0140625	-444.86	-2720.91
0.271875	0.01875	-439.596	-1392.94
0.271875	0.0234375	-528.6	-7.86867
0.271875	0.028125	-90.1608	22.2621
0.271875	0.0328125	-241.347	322.065
0.271875	0.0375	-281.363	750.891
0.271875	0.0421875	-128.485	704.212
0.271875	0.046875	-434.141	479.766
0.271875	0.0515625	328.192	511.154
0.271875	0.05625	394.679	-68.8303
0.271875	0.0609375	367.897	-178.5
0.271875	0.065625	-8.0131	165.528
0.271875	0.0703125	-548.64	158.219
0.271875	0.075	-81.4939	251.881
0.271875	0.0796875	534.44	733.036
0.271875	0.084375	586.752	634.732
0.271875	0.0890625	-98.3951	-46.9975
0.271875	0.09375	337.257	358.062
0.271875	0.0984375	538.545	518.728
0.271875	0.103125	386.583	370.657
0.271875	0.107813	399.948	297.218
0.271875	0.1125	386.347	249.782
0.271875	0.117188	233.722	742.169
0.271875	0.121875	475.009	1321.2
0.271875	0.126563	522.329	2045.65
0.271875	0.13125	553.488	4243.37
0.271875	0.135938	788.047	5895.46
0.271875	0.140625	557.427	579.395
0.271875	0.145313	287.863	840.227
0.271875	0.15	-11.9714	924.642
0.276563	0	5.31736	1031.18
0.276563	0.0046875	-94.4549	951.407
0.276563	0.009375	-183.449	742.041
0.276563	0.0140625	-296.866	-3104.26
0.276563	0.01875	-448.744	-1551.45
0.276563	0.0234375	-502.244	495.266
0.276563	0.028125	-104.931	593.635
0.276563	0.0328125	304.512	341.339
0.276563	0.0375	-209.413	780.209
0.276563	0.0421875	-242.382	700.254
0.276563	0.046875	-173.268	745.708
0.276563	0.0515625	-199.424	437.451
0.276563	0.05625	-256.184	-226.982
0.276563	0.0609375	146.263	-34.1074
0.276563	0.065625	-76.9937	-429.227
0.276563	0.0703125	-447.368	132.486
0.276563	0.075	-276.63	1028.78
0.276563	0.0796875	-67.1186	1049.35
0.276563	0.084375	-20.1095	395.973
0.276563	0.0890625	-13.5638	-126.181
0.276563	0.09375	433.483	612.526
0.276563	0.0984375	299.596	503.482
0.276563	0.103125	383.985	-50.8013
0.276563	0.107813	258.062	178.751
0.276563	0.1125	424.036	636.465
0.276563	0.117188	641.198	858.417
0.276563	0.121875	312.905	1084.53
0.276563	0.126563	404.208	2073.61
0.276563	0.13125	435.909	4380.88
0.276563	0.135938	273.83	5884.52
0.276563	0.140625	204.146	661.369
0.276563	0.145313	109.043	932.115
0.276563	0.15	-5.30335	1026.24
0.28125	0	-1.87243	1023.54
0.28125	0.0046875	80.534	928.336
0.28125	0.009375	139.309	639.968
0.28125	0.0140625	110.588	-2934.77
0.28125	0.01875	354.477	-1533.36
0.28125	0.0234375	106.028	372.476
0.28125	0.028125	99.743	858.562
0.28125	0.0328125	505.82	249.787
0.28125	0.0375	546.15	223.585
0.28125	0.0421875	98.9806	753.102
0.28125	0.046875	-205.045	522.991
0.28125	0.0515625	-718.501	382.994
0.28125	0.05625	-247.806	265.582
0.28125	0.0609375	126.319	3.9754
0.28125	0.065625	97.6843	-400.432
0.28125	0.0703125	345.822	-22.7815
0.28125	0.075	-31.8628	543.209
0.28125	0.0796875	-348.36	920.375
0.28125	0.084375	-215.109	671.214
0.28125	0.0890625	13.3452	406.852
0.28125	0.09375	31.72	689.184
0.28125	0.0984375	-280.524	467.146
0.28125	0.103125	190.159	328.366
0.28125	0.107813	266.439	386.251
0.28125	0.1125	398.862	675.328
0.28125	0.117188	34.2795	672.5
0.28125	0.121875	225.167	1146.62
0.28125	0.126563	300.694	2171.38
0.28125	0.13125	-7.13177	4134.13
0.28125	0.135938	-278.291	5656.61
0.28125	0.140625	-169.357	631.428
0.28125	0.145313	-80.1077	922.885
0.28125	0.15	1.87878	1017.71
0.285938	0	-8.68383	906.249
0.285938	0.0046875	258.856	823.151
0.285938	0.009375	499.512	573.008
0.285938	0.0140625	730.607	-2762.88
0.285938	0.01875	1159.86	-1667.98
0.285938	0.0234375	953.669	190.606
0.285938	0.028125	753.836	915.104
0.285938	0.0328125	319.34	723.453
0.285938	0.0375	840.595	345.738
0.285938	0.0421875	463.131	-144.872
0.285938	0.046875	462.646	-160.824
0.285938	0.0515625	385.017	295.225
0.285938	0.05625	207.888	507.29
0.285938	0.0609375	789.854	331.314
0.285938	0.065625	978.779	-210.394
0.285938	0.0703125	1010.96	-109.249
0.285938	0.075	626.264	373.471
0.285938	0.0796875	515.523	886.817
0.285938	0.084375	553.557	687.675
0.285938	0.0890625	366.137	88.1774
0.285938	0.09375	211.634	271.18
0.285938	0.0984375	-121.714	583.942
0.285938	0.103125	-125.26	440.204
0.285938	0.107813	35.2246	360.267
0.285938	0.1125	277.559	365.314
0.285938	0.117188	77.8947	645.607
0.285938	0.121875	450.253	1310.36
0.285938	0.126563	168.076	1846.93
0.285938	0.13125	-244.493	3717.83
0.285938	0.135938	-668.792	5156.38
0.285938	0.140625	-470.291	660.715
0.285938	0.145313	-243.365	833.112
0.285938	0.15	8.67991	901.358
0.290625	0	-14.2652	692.033
0.290625	0.0046875	390.21	643.778
0.290625	0.009375	741.24	520.861
0.290625	0.0140625	1047.44	-2370.43
0.290625	0.01875	1780.84	-1545.62
0.290625	0.0234375	2099.6	-224.663
0.290625	0.028125	1790.39	77.4855
0.290625	0.0328125	1308.85	177.488
0.290625	0.0375	1109.8	205.693
0.290625	0.0421875	961.192	253.183
0.290625	0.046875	1519.5	315.015
0.290625	0.0515625	1283.7	14.8182
0.290625	0.05625	967.823	565.983
0.290625	0.0609375	1188.4	671.883
0.290625	0.065625	1294.15	-326.299
0.290625	0.0703125	1618.7	-539.679
0.290625	0.075	1584.75	-89.2986
0.290625	0.0796875	1540.77	711.689
0.290625	0.084375	1061.09	406.233
0.290625	0.0890625	956.961	-103.232
0.290625	0.09375	898.651	6.10136
0.290625	0.0984375	961.024	26.1806
0.290625	0.103125	738.555	364.718
0.290625	0.107813	764.299	559.725
0.290625	0.1125	750.716	495.895
0.290625	0.117188	948.749	682.774
0.290625	0.121875	719.172	1030.17
0.290625	0.126563	384.935	1298.69
0.290625	0.13125	49.0005	3065.99
0.290625	0.135938	-737.103	4456.84
0.290625	0.140625	-661.415	463.877
0.290625	0.145313	-366.552	605.542
0.290625	0.15	14.2539	660.404
0.295313	0	-17.9198	378.662
0.295313	0.0046875	457.867	359.29
0.295313	0.009375	836.952	318.857
0.295313	0.0140625	1054.71	-1680.72
0.295313	0.01875	2483.76	-1007.81
0.295313	0.0234375	3025.16	-88.8359
0.295313	0.028125	3054.2	-49.8213
0.295313	0.0328125	3274.55	-105.554
0.295313	0.0375	3109.83	-164.189
0.295313	0.0421875	3219.19	123.864
0.295313	0.046875	3000.78	102.256
0.295313	0.0515625	3013.32	-299.976
0.295313	0.05625	3083.87	344.872
0.295313	0.0609375	2572.61	574.259
0.295313	0.065625	2504.64	127.964
0.295313	0.0703125	2961.3	95.5232
0.295313	0.075	3107.29	179.482
0.295313	0.0796875	3087.52	248.57
0.295313	0.084375	2441.64	57.36
0.295313	0.0890625	2767.48	-124.399
0.295313	0.09375	2614.37	134.599
0.295313	0.0984375	2840.91	307.047
0.295313	0.103125	2731.68	168.638
0.295313	0.107813	2610.24	270.356
0.295313	0.1125	2260.69	438.059
0.295313	0.117188	2258.13	482.674
0.295313	0.121875	1819.81	531.341
0.295313	0.126563	1499.43	828.822
0.295313	0.13125	869.715	2240.71
0.295313	0.135938	-1131.54	3262.94
0.295313	0.140625	-876.319	111.135
0.295313	0.145313	-469.093	286.729
0.295313	0.15	17.905	334.308
0.3	0	-19.1913	0
0.3	0.0046875	477.254	0
0.3	0.009375	857.987	0
0.3	0.0140625	1026.59	0
0.3	0.01875	2982.67	0
0.3	0.0234375	3490.21	0
0.3	0.028125	3590.8	0
0.3	0.0328125	3994.97	0
0.3	0.0375	4113.21	0
0.3	0.0421875	4624.56	0
0.3	0.046875	4098.63	0
0.3	0.0515625	4690.63	0
0.3	0.05625	4925.07	0
0.3	0.0609375	4144.24	0
0.3	0.065625	4027.56	0
0.3	0.0703125	4059.06	0
0.3	0.075	3949.71	0
0.3	0.0796875	3913.52	0
0.3	0.084375	3638.58	0
0.3	0.0890625	4018.82	0
0.3	0.09375	4112.18	0
0.3	0.0984375	3886.69	0
0.3	0.103125	3650.77	0
0.3	0.107813	3772.22	0
0.3	0.1125	3393.57	0
0.3	0.117188	3227.11	0
0.3	0.121875	2792.37	0
0.3	0.126563	2511.89	0
0.3	0.13125	1493.83	0
0.3	0.135938	-1488.84	0
0.3	0.140625	-1004.41	0
0.3	0.145313	-516.678	0
0.3	0.15	19.1753	0
