
##### time= 1.184294092e-06, label: 
0		0		21.7289
0		0.0046875		-531.694
0		0.009375		-987.434
0		0.0140625		-1265.95
0		0.01875		-3665.31
0		0.0234375		-4727.11
0		0.028125		-4748.4
0		0.0328125		-4492.01
0		0.0375		-4532.65
0		0.0421875		-4414.24
0		0.046875		-4090.45
0		0.0515625		-4047.6
0		0.05625		-4075.67
0		0.0609375		-4043
0		0.065625		-4179.54
0		0.0703125		-4091.15
0		0.075		-3799.21
0		0.0796875		-3607.13
0		0.084375		-3690.72
0		0.0890625		-3892.83
0		0.09375		-4369.9
0		0.0984375		-4230
0		0.103125		-4220.74
0		0.107813		-4371.5
0		0.1125		-3510.17
0		0.117188		-3469.97
0		0.121875		-2972.86
0		0.126563		-2832.35
0		0.13125		-1830.39
0		0.135938		1342.78
0		0.140625		1026.2
0		0.145313		544.37
0		0.15		-21.7292
0.0046875		0		22.0077
0.0046875		0.0046875		-501.438
0.0046875		0.009375		-932.744
0.0046875		0.0140625		-1199.26
0.0046875		0.01875		-3020.72
0.0046875		0.0234375		-3676.03
0.0046875		0.028125		-3625.53
0.0046875		0.0328125		-3444.55
0.0046875		0.0375		-3326.57
0.0046875		0.0421875		-3062.28
0.0046875		0.046875		-3085.2
0.0046875		0.0515625		-3025.48
0.0046875		0.05625		-2845.84
0.0046875		0.0609375		-2937.04
0.0046875		0.065625		-3096.24
0.0046875		0.0703125		-2946.47
0.0046875		0.075		-2833.19
0.0046875		0.0796875		-2598.24
0.0046875		0.084375		-2502.46
0.0046875		0.0890625		-2406.86
0.0046875		0.09375		-2817.37
0.0046875		0.0984375		-2734.61
0.0046875		0.103125		-2894.89
0.0046875		0.107813		-2728.75
0.0046875		0.1125		-2301.67
0.0046875		0.117188		-2359.65
0.0046875		0.121875		-2043.75
0.0046875		0.126563		-2036.93
0.0046875		0.13125		-1188.15
0.0046875		0.135938		1225.5
0.0046875		0.140625		953.409
0.0046875		0.145313		509.678
0.0046875		0.15		-22.0101
0.009375		0		21.1612
0.009375		0.0046875		-412.71
0.009375		0.009375		-760.926
0.009375		0.0140625		-944.078
0.009375		0.01875		-1751.65
0.009375		0.0234375		-1655.22
0.009375		0.028125		-1768.51
0.009375		0.0328125		-1858.28
0.009375		0.0375		-1787.39
0.009375		0.0421875		-1388.32
0.009375		0.046875		-1308.93
0.009375		0.0515625		-1284.75
0.009375		0.05625		-1095.94
0.009375		0.0609375		-1337.82
0.009375		0.065625		-1028.5
0.009375		0.0703125		-996.833
0.009375		0.075		-897.653
0.009375		0.0796875		-535.259
0.009375		0.084375		-765.686
0.009375		0.0890625		-806.607
0.009375		0.09375		-601.502
0.009375		0.0984375		-713.536
0.009375		0.103125		-638.542
0.009375		0.107813		-250.908
0.009375		0.1125		-834.937
0.009375		0.117188		-438.192
0.009375		0.121875		-143.976
0.009375		0.126563		-338.83
0.009375		0.13125		35.0193
0.009375		0.135938		939.656
0.009375		0.140625		762.512
0.009375		0.145313		415.489
0.009375		0.15		-21.1632
0.0140625		0		17.6447
0.0140625		0.0046875		-281.421
0.0140625		0.009375		-514.586
0.0140625		0.0140625		-624.508
0.0140625		0.01875		-668.644
0.0140625		0.0234375		-455.279
0.0140625		0.028125		-710.964
0.0140625		0.0328125		-551.817
0.0140625		0.0375		-681.864
0.0140625		0.0421875		-558.384
0.0140625		0.046875		-142.431
0.0140625		0.0515625		-195.066
0.0140625		0.05625		-320.636
0.0140625		0.0609375		-394.502
0.0140625		0.065625		-139.244
0.0140625		0.0703125		-242.828
0.0140625		0.075		-350.268
0.0140625		0.0796875		-137.779
0.0140625		0.084375		-63.9962
0.0140625		0.0890625		-267.052
0.0140625		0.09375		-233.268
0.0140625		0.0984375		-294.132
0.0140625		0.103125		272.8
0.0140625		0.107813		202.379
0.0140625		0.1125		-393.891
0.0140625		0.117188		219.581
0.0140625		0.121875		329.016
0.0140625		0.126563		492.083
0.0140625		0.13125		602.684
0.0140625		0.135938		593.714
0.0140625		0.140625		508.783
0.0140625		0.145313		281.892
0.0140625		0.15		-17.6445
0.01875		0		11.9083
0.01875		0.0046875		-123.783
0.01875		0.009375		-223.721
0.01875		0.0140625		-246.669
0.01875		0.01875		-220.432
0.01875		0.0234375		-206.929
0.01875		0.028125		-203.61
0.01875		0.0328125		163.323
0.01875		0.0375		-123.552
0.01875		0.0421875		-340.802
0.01875		0.046875		-66.8762
0.01875		0.0515625		-47.7908
0.01875		0.05625		-130.783
0.01875		0.0609375		-98.1784
0.01875		0.065625		-75.0046
0.01875		0.0703125		76.0788
0.01875		0.075		-99.4504
0.01875		0.0796875		-747.608
0.01875		0.084375		-335.701
0.01875		0.0890625		63.4483
0.01875		0.09375		-10.6479
0.01875		0.0984375		-200.605
0.01875		0.103125		-110.704
0.01875		0.107813		-338.483
0.01875		0.1125		-228.193
0.01875		0.117188		-222.746
0.01875		0.121875		-341.449
0.01875		0.126563		-258.008
0.01875		0.13125		153.285
0.01875		0.135938		260.256
0.01875		0.140625		231.355
0.01875		0.145313		128.658
0.01875		0.15		-11.9074
0.0234375		0		4.68755
0.0234375		0.0046875		40.487
0.0234375		0.009375		73.0094
0.0234375		0.0140625		126.231
0.0234375		0.01875		230.957
0.0234375		0.0234375		271.31
0.0234375		0.028125		305.102
0.0234375		0.0328125		75.3345
0.0234375		0.0375		256.357
0.0234375		0.0421875		-137.174
0.0234375		0.046875		-155.759
0.0234375		0.0515625		213.938
0.0234375		0.05625		410.527
0.0234375		0.0609375		111.11
0.0234375		0.065625		64.2344
0.0234375		0.0703125		261.253
0.0234375		0.075		-109.404
0.0234375		0.0796875		-1003.2
0.0234375		0.084375		-1027.05
0.0234375		0.0890625		-429.059
0.0234375		0.09375		343.596
0.0234375		0.0984375		-74.5857
0.0234375		0.103125		-176.642
0.0234375		0.107813		-498.031
0.0234375		0.1125		-285.926
0.0234375		0.117188		-330.223
0.0234375		0.121875		-352.372
0.0234375		0.126563		-236.179
0.0234375		0.13125		-183.555
0.0234375		0.135938		-98.2444
0.0234375		0.140625		-52.2279
0.0234375		0.145313		-29.4994
0.0234375		0.15		-4.68665
0.028125		0		-3.11012
0.028125		0.0046875		194.086
0.028125		0.009375		340.252
0.028125		0.0140625		376.823
0.028125		0.01875		646.077
0.028125		0.0234375		685.507
0.028125		0.028125		937.899
0.028125		0.0328125		-232.85
0.028125		0.0375		863.846
0.028125		0.0421875		564.455
0.028125		0.046875		-58.6973
0.028125		0.0515625		-23.8548
0.028125		0.05625		188.052
0.028125		0.0609375		-121.846
0.028125		0.065625		-401.819
0.028125		0.0703125		-432.604
0.028125		0.075		-412.294
0.028125		0.0796875		-255.227
0.028125		0.084375		-493.488
0.028125		0.0890625		-192.831
0.028125		0.09375		55.02
0.028125		0.0984375		-73.0184
0.028125		0.103125		-206.567
0.028125		0.107813		-178.113
0.028125		0.1125		-159.451
0.028125		0.117188		-268.762
0.028125		0.121875		-230.627
0.028125		0.126563		280.902
0.028125		0.13125		-192.083
0.028125		0.135938		-276.842
0.028125		0.140625		-296.227
0.028125		0.145313		-177.895
0.028125		0.15		3.11071
0.0328125		0		-10.5245
0.0328125		0.0046875		333.429
0.0328125		0.009375		612.365
0.0328125		0.0140625		775.54
0.0328125		0.01875		793.252
0.0328125		0.0234375		476.675
0.0328125		0.028125		415.585
0.0328125		0.0328125		-208.545
0.0328125		0.0375		454.444
0.0328125		0.0421875		311.185
0.0328125		0.046875		-146.324
0.0328125		0.0515625		-468.965
0.0328125		0.05625		-485.538
0.0328125		0.0609375		-35.2666
0.0328125		0.065625		-185.306
0.0328125		0.0703125		-570.818
0.0328125		0.075		162.898
0.0328125		0.0796875		530.791
0.0328125		0.084375		-51.0365
0.0328125		0.0890625		189.915
0.0328125		0.09375		33.1694
0.0328125		0.0984375		253.273
0.0328125		0.103125		-252.045
0.0328125		0.107813		-101.706
0.0328125		0.1125		-361.444
0.0328125		0.117188		-273.241
0.0328125		0.121875		-36.4511
0.0328125		0.126563		5.47074
0.0328125		0.13125		-406.588
0.0328125		0.135938		-626.668
0.0328125		0.140625		-575.751
0.0328125		0.145313		-325.046
0.0328125		0.15		10.5258
0.0375		0		-16.6642
0.0375		0.0046875		433.413
0.0375		0.009375		796.762
0.0375		0.0140625		972.322
0.0375		0.01875		726.901
0.0375		0.0234375		436.75
0.0375		0.028125		148.949
0.0375		0.0328125		924.382
0.0375		0.0375		48.2001
0.0375		0.0421875		105.161
0.0375		0.046875		169.268
0.0375		0.0515625		-147.73
0.0375		0.05625		-271.252
0.0375		0.0609375		513.194
0.0375		0.065625		442.493
0.0375		0.0703125		90.5743
0.0375		0.075		288.887
0.0375		0.0796875		242.313
0.0375		0.084375		377.925
0.0375		0.0890625		-214.032
0.0375		0.09375		-271.993
0.0375		0.0984375		100.551
0.0375		0.103125		-97.1559
0.0375		0.107813		-306.257
0.0375		0.1125		-324.883
0.0375		0.117188		-385.325
0.0375		0.121875		-551.504
0.0375		0.126563		-921.566
0.0375		0.13125		-888.327
0.0375		0.135938		-1181.64
0.0375		0.140625		-862.003
0.0375		0.145313		-453.832
0.0375		0.15		16.6634
0.0421875		0		-20.8027
0.0421875		0.0046875		488.21
0.0421875		0.009375		899.337
0.0421875		0.0140625		1077.26
0.0421875		0.01875		794.276
0.0421875		0.0234375		612.535
0.0421875		0.028125		714.104
0.0421875		0.0328125		874.3
0.0421875		0.0375		82.0282
0.0421875		0.0421875		460.81
0.0421875		0.046875		246.555
0.0421875		0.0515625		268.053
0.0421875		0.05625		216.586
0.0421875		0.0609375		397.387
0.0421875		0.065625		378.094
0.0421875		0.0703125		320.47
0.0421875		0.075		172.767
0.0421875		0.0796875		566.382
0.0421875		0.084375		749.535
0.0421875		0.0890625		184.02
0.0421875		0.09375		-27.9364
0.0421875		0.0984375		193.904
0.0421875		0.103125		255.549
0.0421875		0.107813		-107.308
0.0421875		0.1125		121.172
0.0421875		0.117188		-264.518
0.0421875		0.121875		-1029.98
0.0421875		0.126563		-1082.95
0.0421875		0.13125		-1261.34
0.0421875		0.135938		-1302.23
0.0421875		0.140625		-975.033
0.0421875		0.145313		-514.777
0.0421875		0.15		20.7996
0.046875		0		-22.4656
0.046875		0.0046875		495.087
0.046875		0.009375		938.136
0.046875		0.0140625		1249.73
0.046875		0.01875		834.205
0.046875		0.0234375		609.539
0.046875		0.028125		426.089
0.046875		0.0328125		446.481
0.046875		0.0375		225.613
0.046875		0.0421875		237.796
0.046875		0.046875		49.1217
0.046875		0.0515625		470.262
0.046875		0.05625		451.578
0.046875		0.0609375		239.444
0.046875		0.065625		42.3799
0.046875		0.0703125		186.349
0.046875		0.075		117.211
0.046875		0.0796875		483.992
0.046875		0.084375		479.754
0.046875		0.0890625		-10.9093
0.046875		0.09375		343.513
0.046875		0.0984375		568.077
0.046875		0.103125		-52.9718
0.046875		0.107813		-275.457
0.046875		0.1125		102.944
0.046875		0.117188		-341.041
0.046875		0.121875		-866.564
0.046875		0.126563		-477.578
0.046875		0.13125		-750.221
0.046875		0.135938		-1094.76
0.046875		0.140625		-929.715
0.046875		0.145313		-506.709
0.046875		0.15		22.4596
0.0515625		0		-21.4825
0.0515625		0.0046875		433.162
0.0515625		0.009375		809.76
0.0515625		0.0140625		999.789
0.0515625		0.01875		367.487
0.0515625		0.0234375		243.252
0.0515625		0.028125		-159.185
0.0515625		0.0328125		-34.1489
0.0515625		0.0375		-233.542
0.0515625		0.0421875		-465.352
0.0515625		0.046875		-385.441
0.0515625		0.0515625		-105.304
0.0515625		0.05625		-441.992
0.0515625		0.0609375		-220.393
0.0515625		0.065625		-174.665
0.0515625		0.0703125		32.7912
0.0515625		0.075		-177.446
0.0515625		0.0796875		-149.31
0.0515625		0.084375		86.6665
0.0515625		0.0890625		-420.917
0.0515625		0.09375		-140.475
0.0515625		0.0984375		-198.627
0.0515625		0.103125		-325.93
0.0515625		0.107813		-144.612
0.0515625		0.1125		-399.722
0.0515625		0.117188		-796.546
0.0515625		0.121875		-838.165
0.0515625		0.126563		-689.623
0.0515625		0.13125		-444.619
0.0515625		0.135938		-1088.06
0.0515625		0.140625		-855.998
0.0515625		0.145313		-459.033
0.0515625		0.15		21.4721
0.05625		0		-18.0044
0.05625		0.0046875		323.713
0.05625		0.009375		604.022
0.05625		0.0140625		747.712
0.05625		0.01875		245.503
0.05625		0.0234375		180.478
0.05625		0.028125		-144.124
0.05625		0.0328125		-565.644
0.05625		0.0375		-371.943
0.05625		0.0421875		-401.374
0.05625		0.046875		250.133
0.05625		0.0515625		-55.4996
0.05625		0.05625		-422.067
0.05625		0.0609375		-301.463
0.05625		0.065625		-312.66
0.05625		0.0703125		-9.85167
0.05625		0.075		-495.685
0.05625		0.0796875		-459.278
0.05625		0.084375		-69.621
0.05625		0.0890625		418.828
0.05625		0.09375		-286.584
0.05625		0.0984375		-388.394
0.05625		0.103125		33.216
0.05625		0.107813		33.9601
0.05625		0.1125		-756.808
0.05625		0.117188		-811.906
0.05625		0.121875		-798.616
0.05625		0.126563		-628.783
0.05625		0.13125		-646.081
0.05625		0.135938		-1008.94
0.05625		0.140625		-703.714
0.05625		0.145313		-363.962
0.05625		0.15		17.9909
0.0609375		0		-12.486
0.0609375		0.0046875		180.885
0.0609375		0.009375		350.655
0.0609375		0.0140625		511.558
0.0609375		0.01875		392.851
0.0609375		0.0234375		227.555
0.0609375		0.028125		-117.941
0.0609375		0.0328125		15.0162
0.0609375		0.0375		158.056
0.0609375		0.0421875		135.897
0.0609375		0.046875		257.547
0.0609375		0.0515625		-90.5107
0.0609375		0.05625		222.841
0.0609375		0.0609375		-49.4106
0.0609375		0.065625		-467.142
0.0609375		0.0703125		-372.889
0.0609375		0.075		-232.408
0.0609375		0.0796875		-328.401
0.0609375		0.084375		-446.571
0.0609375		0.0890625		-226.477
0.0609375		0.09375		-269.317
0.0609375		0.0984375		-260.21
0.0609375		0.103125		-427.18
0.0609375		0.107813		-677.128
0.0609375		0.1125		-678.105
0.0609375		0.117188		-136.178
0.0609375		0.121875		-244.628
0.0609375		0.126563		-577.661
0.0609375		0.13125		-891.56
0.0609375		0.135938		-571.446
0.0609375		0.140625		-410.051
0.0609375		0.145313		-211.546
0.0609375		0.15		12.4718
0.065625		0		-5.62741
0.065625		0.0046875		7.37049
0.065625		0.009375		25.1832
0.065625		0.0140625		75.596
0.065625		0.01875		264.863
0.065625		0.0234375		-327.756
0.065625		0.028125		-310.03
0.065625		0.0328125		175.194
0.065625		0.0375		298.187
0.065625		0.0421875		312.253
0.065625		0.046875		183.622
0.065625		0.0515625		419.85
0.065625		0.05625		585.05
0.065625		0.0609375		322.279
0.065625		0.065625		219.842
0.065625		0.0703125		-370.263
0.065625		0.075		-152.76
0.065625		0.0796875		-223.348
0.065625		0.084375		-302.225
0.065625		0.0890625		-575.321
0.065625		0.09375		-209.095
0.065625		0.0984375		-88.8766
0.065625		0.103125		-184.603
0.065625		0.107813		-142.263
0.065625		0.1125		-214.414
0.065625		0.117188		257.709
0.065625		0.121875		427.103
0.065625		0.126563		-87.6857
0.065625		0.13125		-399.617
0.065625		0.135938		-88.2051
0.065625		0.140625		-56.7936
0.065625		0.145313		-26.9093
0.065625		0.15		5.61319
0.0703125		0		1.71466
0.0703125		0.0046875		-175.855
0.0703125		0.009375		-322.683
0.0703125		0.0140625		-378.75
0.0703125		0.01875		-61.35
0.0703125		0.0234375		-224.344
0.0703125		0.028125		396.814
0.0703125		0.0328125		422.452
0.0703125		0.0375		173.609
0.0703125		0.0421875		356.922
0.0703125		0.046875		542.199
0.0703125		0.0515625		440.691
0.0703125		0.05625		146.667
0.0703125		0.0609375		170.326
0.0703125		0.065625		674.331
0.0703125		0.0703125		371.363
0.0703125		0.075		165.247
0.0703125		0.0796875		-230.214
0.0703125		0.084375		233.513
0.0703125		0.0890625		254.389
0.0703125		0.09375		288.228
0.0703125		0.0984375		524.537
0.0703125		0.103125		402.762
0.0703125		0.107813		1061.87
0.0703125		0.1125		480.608
0.0703125		0.117188		78.7013
0.0703125		0.121875		211.541
0.0703125		0.126563		457.742
0.0703125		0.13125		387.27
0.0703125		0.135938		392.105
0.0703125		0.140625		302.77
0.0703125		0.145313		162.941
0.0703125		0.15		-1.72883
0.075		0		8.63124
0.075		0.0046875		-343.866
0.075		0.009375		-657.831
0.075		0.0140625		-887.189
0.075		0.01875		-371.368
0.075		0.0234375		-35.3817
0.075		0.028125		386.445
0.075		0.0328125		181.993
0.075		0.0375		42.3859
0.075		0.0421875		143.102
0.075		0.046875		-26.2876
0.075		0.0515625		-207.844
0.075		0.05625		-653.874
0.075		0.0609375		-674.996
0.075		0.065625		-335.437
0.075		0.0703125		140.707
0.075		0.075		374.934
0.075		0.0796875		-131.795
0.075		0.084375		-490.332
0.075		0.0890625		-335.809
0.075		0.09375		-12.7919
0.075		0.0984375		135.713
0.075		0.103125		165.319
0.075		0.107813		330.413
0.075		0.1125		977.186
0.075		0.117188		592.925
0.075		0.121875		587.649
0.075		0.126563		690.906
0.075		0.13125		834.369
0.075		0.135938		900.846
0.075		0.140625		629.122
0.075		0.145313		330.864
0.075		0.15		-8.64568
0.0796875		0		14.2738
0.0796875		0.0046875		-459.788
0.0796875		0.009375		-888.661
0.0796875		0.0140625		-1259.61
0.0796875		0.01875		-809.772
0.0796875		0.0234375		-493.582
0.0796875		0.028125		-329.811
0.0796875		0.0328125		-27.6847
0.0796875		0.0375		-12.7094
0.0796875		0.0421875		-42.0462
0.0796875		0.046875		14.2134
0.0796875		0.0515625		-324.929
0.0796875		0.05625		-143.204
0.0796875		0.0609375		-302.91
0.0796875		0.065625		-956.802
0.0796875		0.0703125		-340.56
0.0796875		0.075		-581.056
0.0796875		0.0796875		-450.817
0.0796875		0.084375		-538.284
0.0796875		0.0890625		-531.977
0.0796875		0.09375		-283.135
0.0796875		0.0984375		-178.505
0.0796875		0.103125		154.209
0.0796875		0.107813		-558.815
0.0796875		0.1125		650.319
0.0796875		0.117188		738.684
0.0796875		0.121875		1057.57
0.0796875		0.126563		631.439
0.0796875		0.13125		1056.79
0.0796875		0.135938		1080.97
0.0796875		0.140625		820.68
0.0796875		0.145313		442.442
0.0796875		0.15		-14.2865
0.084375		0		17.956
0.084375		0.0046875		-496.713
0.084375		0.009375		-937.175
0.084375		0.0140625		-1252.01
0.084375		0.01875		-1176.39
0.084375		0.0234375		-994.599
0.084375		0.028125		-785.28
0.084375		0.0328125		-497.6
0.084375		0.0375		-44.3577
0.084375		0.0421875		233.217
0.084375		0.046875		-176.654
0.084375		0.0515625		-335.949
0.084375		0.05625		-52.8305
0.084375		0.0609375		259.352
0.084375		0.065625		-368.906
0.084375		0.0703125		-40.0946
0.084375		0.075		-155.03
0.084375		0.0796875		-18.0624
0.084375		0.084375		660.94
0.084375		0.0890625		727.871
0.084375		0.09375		217.715
0.084375		0.0984375		-149.701
0.084375		0.103125		261.35
0.084375		0.107813		-70.8907
0.084375		0.1125		227.655
0.084375		0.117188		428.955
0.084375		0.121875		616.766
0.084375		0.126563		387.317
0.084375		0.13125		866.734
0.084375		0.135938		1134.98
0.084375		0.140625		910.284
0.084375		0.145313		497.008
0.084375		0.15		-17.968
0.0890625		0		19.2308
0.0890625		0.0046875		-465.491
0.0890625		0.009375		-845.456
0.0890625		0.0140625		-994.951
0.0890625		0.01875		-1050.33
0.0890625		0.0234375		-568.624
0.0890625		0.028125		-474.366
0.0890625		0.0328125		-852.621
0.0890625		0.0375		-131.924
0.0890625		0.0421875		-32.8132
0.0890625		0.046875		-442.113
0.0890625		0.0515625		-169.774
0.0890625		0.05625		-160.192
0.0890625		0.0609375		61.9316
0.0890625		0.065625		436.257
0.0890625		0.0703125		-130.361
0.0890625		0.075		178.528
0.0890625		0.0796875		255.772
0.0890625		0.084375		386.907
0.0890625		0.0890625		532.512
0.0890625		0.09375		19.6523
0.0890625		0.0984375		-325.548
0.0890625		0.103125		-257.129
0.0890625		0.107813		110.572
0.0890625		0.1125		336.828
0.0890625		0.117188		216.811
0.0890625		0.121875		116.278
0.0890625		0.126563		586.38
0.0890625		0.13125		1169.3
0.0890625		0.135938		1293.38
0.0890625		0.140625		945.067
0.0890625		0.145313		500.94
0.0890625		0.15		-19.2517
0.09375		0		17.9584
0.09375		0.0046875		-397.015
0.09375		0.009375		-726.744
0.09375		0.0140625		-912.86
0.09375		0.01875		-810.022
0.09375		0.0234375		-107.385
0.09375		0.028125		-77.209
0.09375		0.0328125		-270.01
0.09375		0.0375		-283.15
0.09375		0.0421875		-613.426
0.09375		0.046875		-453.124
0.09375		0.0515625		117.193
0.09375		0.05625		361.969
0.09375		0.0609375		71.0554
0.09375		0.065625		560.033
0.09375		0.0703125		-291.906
0.09375		0.075		-158.384
0.09375		0.0796875		-303.247
0.09375		0.084375		-565.354
0.09375		0.0890625		-210.321
0.09375		0.09375		43.4146
0.09375		0.0984375		-87.4318
0.09375		0.103125		-90.1782
0.09375		0.107813		396.296
0.09375		0.1125		516.104
0.09375		0.117188		703.825
0.09375		0.121875		511.079
0.09375		0.126563		893.603
0.09375		0.13125		974.057
0.09375		0.135938		1111.28
0.09375		0.140625		825.935
0.09375		0.145313		434.041
0.09375		0.15		-17.991
0.0984375		0		14.3113
0.0984375		0.0046875		-288.973
0.0984375		0.009375		-536.919
0.0984375		0.0140625		-707.317
0.0984375		0.01875		-577.774
0.0984375		0.0234375		-514.357
0.0984375		0.028125		-300.253
0.0984375		0.0328125		58.3017
0.0984375		0.0375		-271.604
0.0984375		0.0421875		-367.992
0.0984375		0.046875		-394.006
0.0984375		0.0515625		-271.792
0.0984375		0.05625		-8.39609
0.0984375		0.0609375		81.5071
0.0984375		0.065625		217.089
0.0984375		0.0703125		461.543
0.0984375		0.075		722.288
0.0984375		0.0796875		111.183
0.0984375		0.084375		13.4938
0.0984375		0.0890625		-145.158
0.0984375		0.09375		61.9745
0.0984375		0.0984375		117.423
0.0984375		0.103125		387.895
0.0984375		0.107813		589.009
0.0984375		0.1125		364.787
0.0984375		0.117188		760.321
0.0984375		0.121875		685.501
0.0984375		0.126563		619.119
0.0984375		0.13125		251.632
0.0984375		0.135938		721.49
0.0984375		0.140625		578.905
0.0984375		0.145313		307.626
0.0984375		0.15		-14.348
0.103125		0		8.7511
0.103125		0.0046875		-144.596
0.103125		0.009375		-268.569
0.103125		0.0140625		-328.84
0.103125		0.01875		27.9466
0.103125		0.0234375		75.063
0.103125		0.028125		147.478
0.103125		0.0328125		206.212
0.103125		0.0375		-260.139
0.103125		0.0421875		-50.7081
0.103125		0.046875		145.138
0.103125		0.0515625		-456.776
0.103125		0.05625		-303.321
0.103125		0.0609375		23.2243
0.103125		0.065625		-218.888
0.103125		0.0703125		439.86
0.103125		0.075		205.202
0.103125		0.0796875		177.234
0.103125		0.084375		311.734
0.103125		0.0890625		-262.498
0.103125		0.09375		13.7162
0.103125		0.0984375		248.625
0.103125		0.103125		76.3166
0.103125		0.107813		427.642
0.103125		0.1125		218.945
0.103125		0.117188		-389.411
0.103125		0.121875		188.613
0.103125		0.126563		-124.157
0.103125		0.13125		82.191
0.103125		0.135938		355.569
0.103125		0.140625		285.454
0.103125		0.145313		150.661
0.103125		0.15		-8.78327
0.107813		0		1.98034
0.107813		0.0046875		17.3477
0.107813		0.009375		13.8829
0.107813		0.0140625		-71.1592
0.107813		0.01875		137.543
0.107813		0.0234375		496.776
0.107813		0.028125		283.128
0.107813		0.0328125		300.114
0.107813		0.0375		-161.053
0.107813		0.0421875		-222.059
0.107813		0.046875		-86.7063
0.107813		0.0515625		238.844
0.107813		0.05625		-299.498
0.107813		0.0609375		-407.991
0.107813		0.065625		-615.328
0.107813		0.0703125		-334.301
0.107813		0.075		-418.793
0.107813		0.0796875		94.0689
0.107813		0.084375		-312.875
0.107813		0.0890625		-115.208
0.107813		0.09375		16.069
0.107813		0.0984375		88.4681
0.107813		0.103125		-176.499
0.107813		0.107813		242.744
0.107813		0.1125		322.784
0.107813		0.117188		-603.244
0.107813		0.121875		122.524
0.107813		0.126563		54.0475
0.107813		0.13125		269.603
0.107813		0.135938		0.358391
0.107813		0.140625		-27.2776
0.107813		0.145313		-19.9669
0.107813		0.15		-1.99995
0.1125		0		-5.15049
0.1125		0.0046875		194.453
0.1125		0.009375		360.902
0.1125		0.0140625		463.459
0.1125		0.01875		366.64
0.1125		0.0234375		608.085
0.1125		0.028125		587.347
0.1125		0.0328125		502.889
0.1125		0.0375		331.113
0.1125		0.0421875		-82.886
0.1125		0.046875		-208.81
0.1125		0.0515625		92.3645
0.1125		0.05625		-219.617
0.1125		0.0609375		-281.455
0.1125		0.065625		42.9561
0.1125		0.0703125		-186.768
0.1125		0.075		102.255
0.1125		0.0796875		416.745
0.1125		0.084375		-476.629
0.1125		0.0890625		-158.073
0.1125		0.09375		-138.869
0.1125		0.0984375		-55.8229
0.1125		0.103125		25.8787
0.1125		0.107813		-107.07
0.1125		0.1125		-264.699
0.1125		0.117188		-63.9251
0.1125		0.121875		-70.1482
0.1125		0.126563		149.305
0.1125		0.13125		-361.805
0.1125		0.135938		-474.574
0.1125		0.140625		-361.033
0.1125		0.145313		-194.294
0.1125		0.15		5.14737
0.117188		0		-11.7423
0.117188		0.0046875		350.287
0.117188		0.009375		664.814
0.117188		0.0140625		923.585
0.117188		0.01875		902.712
0.117188		0.0234375		654.748
0.117188		0.028125		555.877
0.117188		0.0328125		480.669
0.117188		0.0375		533.332
0.117188		0.0421875		445.966
0.117188		0.046875		217.978
0.117188		0.0515625		34.4559
0.117188		0.05625		313.379
0.117188		0.0609375		-37.8076
0.117188		0.065625		208.894
0.117188		0.0703125		-134.44
0.117188		0.075		-295.347
0.117188		0.0796875		-338.406
0.117188		0.084375		-112.105
0.117188		0.0890625		51.3242
0.117188		0.09375		143.5
0.117188		0.0984375		-263.311
0.117188		0.103125		-130.389
0.117188		0.107813		-364.006
0.117188		0.1125		-697.265
0.117188		0.117188		-116.649
0.117188		0.121875		-343.824
0.117188		0.126563		-396.567
0.117188		0.13125		-714.264
0.117188		0.135938		-844.174
0.117188		0.140625		-647.666
0.117188		0.145313		-347.509
0.117188		0.15		11.7531
0.121875		0		-16.9533
0.121875		0.0046875		454.773
0.121875		0.009375		839.788
0.121875		0.0140625		1046.94
0.121875		0.01875		925.675
0.121875		0.0234375		304.03
0.121875		0.028125		29.1392
0.121875		0.0328125		-119.083
0.121875		0.0375		5.82031
0.121875		0.0421875		377.646
0.121875		0.046875		162.661
0.121875		0.0515625		243.173
0.121875		0.05625		539.759
0.121875		0.0609375		406.038
0.121875		0.065625		437.667
0.121875		0.0703125		400.446
0.121875		0.075		-293.374
0.121875		0.0796875		-39.5023
0.121875		0.084375		360.282
0.121875		0.0890625		507.893
0.121875		0.09375		249.669
0.121875		0.0984375		-276.313
0.121875		0.103125		-547.384
0.121875		0.107813		-610.068
0.121875		0.1125		-605.992
0.121875		0.117188		-328.931
0.121875		0.121875		-580.774
0.121875		0.126563		-737.62
0.121875		0.13125		-772.81
0.121875		0.135938		-1103.11
0.121875		0.140625		-863.709
0.121875		0.145313		-462.083
0.121875		0.15		16.9719
0.126563		0		-20.1064
0.126563		0.0046875		514.353
0.126563		0.009375		958.318
0.126563		0.0140625		1224.11
0.126563		0.01875		893.825
0.126563		0.0234375		493.107
0.126563		0.028125		413.027
0.126563		0.0328125		143.766
0.126563		0.0375		230.731
0.126563		0.0421875		379.939
0.126563		0.046875		229.684
0.126563		0.0515625		335.366
0.126563		0.05625		353.596
0.126563		0.0609375		190.274
0.126563		0.065625		-86.973
0.126563		0.0703125		246.576
0.126563		0.075		41.8439
0.126563		0.0796875		570.987
0.126563		0.084375		431.304
0.126563		0.0890625		186.254
0.126563		0.09375		-534.436
0.126563		0.0984375		-192.563
0.126563		0.103125		-87.2435
0.126563		0.107813		-509.714
0.126563		0.1125		-725.449
0.126563		0.117188		-795.554
0.126563		0.121875		-821.816
0.126563		0.126563		-658.022
0.126563		0.13125		-1033.78
0.126563		0.135938		-1327.51
0.126563		0.140625		-1000.05
0.126563		0.145313		-526.499
0.126563		0.15		20.1292
0.13125		0		-20.7762
0.13125		0.0046875		518.248
0.13125		0.009375		988.229
0.13125		0.0140625		1345.4
0.13125		0.01875		770.967
0.13125		0.0234375		390.446
0.13125		0.028125		513.275
0.13125		0.0328125		398.933
0.13125		0.0375		411.199
0.13125		0.0421875		199.281
0.13125		0.046875		322.313
0.13125		0.0515625		150.857
0.13125		0.05625		231.618
0.13125		0.0609375		-568.663
0.13125		0.065625		-730.731
0.13125		0.0703125		-703.025
0.13125		0.075		-151.57
0.13125		0.0796875		-158.809
0.13125		0.084375		109.972
0.13125		0.0890625		0.408615
0.13125		0.09375		-581.293
0.13125		0.0984375		-19.6668
0.13125		0.103125		300.437
0.13125		0.107813		-255.435
0.13125		0.1125		-314.2
0.13125		0.117188		-748.29
0.13125		0.121875		-500.409
0.13125		0.126563		-673.573
0.13125		0.13125		-929.043
0.13125		0.135938		-1333.9
0.13125		0.140625		-997.847
0.13125		0.145313		-523.246
0.13125		0.15		20.7996
0.135938		0		-18.8398
0.135938		0.0046875		449.892
0.135938		0.009375		860.705
0.135938		0.0140625		1169.55
0.135938		0.01875		716.78
0.135938		0.0234375		539.51
0.135938		0.028125		402.414
0.135938		0.0328125		5.77892
0.135938		0.0375		57.4123
0.135938		0.0421875		-287.793
0.135938		0.046875		-184.853
0.135938		0.0515625		-418.829
0.135938		0.05625		-393.838
0.135938		0.0609375		-756.167
0.135938		0.065625		-274.491
0.135938		0.0703125		-491.59
0.135938		0.075		-161.334
0.135938		0.0796875		-419.988
0.135938		0.084375		-170.682
0.135938		0.0890625		162.639
0.135938		0.09375		480.339
0.135938		0.0984375		217.746
0.135938		0.103125		279.319
0.135938		0.107813		119.418
0.135938		0.1125		263.941
0.135938		0.117188		-30.5272
0.135938		0.121875		-581.997
0.135938		0.126563		-644.555
0.135938		0.13125		-680.775
0.135938		0.135938		-1110.27
0.135938		0.140625		-850.401
0.135938		0.145313		-449.593
0.135938		0.15		18.8592
0.140625		0		-14.4915
0.140625		0.0046875		318.719
0.140625		0.009375		592.474
0.140625		0.0140625		722.429
0.140625		0.01875		485.812
0.140625		0.0234375		647.071
0.140625		0.028125		339.488
0.140625		0.0328125		325.129
0.140625		0.0375		366.89
0.140625		0.0421875		96.399
0.140625		0.046875		-62.5137
0.140625		0.0515625		-453.486
0.140625		0.05625		-1032.94
0.140625		0.0609375		-407.862
0.140625		0.065625		-417.067
0.140625		0.0703125		-341.524
0.140625		0.075		-467.572
0.140625		0.0796875		-518.571
0.140625		0.084375		-604.549
0.140625		0.0890625		-199.522
0.140625		0.09375		520.692
0.140625		0.0984375		-30.7039
0.140625		0.103125		588.178
0.140625		0.107813		59.0804
0.140625		0.1125		-348.508
0.140625		0.117188		-231.644
0.140625		0.121875		-849.507
0.140625		0.126563		-570.168
0.140625		0.13125		-556.018
0.140625		0.135938		-811.619
0.140625		0.140625		-604.557
0.140625		0.145313		-319.488
0.140625		0.15		14.5093
0.145313		0		-8.21949
0.145313		0.0046875		158.169
0.145313		0.009375		285.694
0.145313		0.0140625		338.643
0.145313		0.01875		323.735
0.145313		0.0234375		233.722
0.145313		0.028125		-135.251
0.145313		0.0328125		-77.4904
0.145313		0.0375		-169.37
0.145313		0.0421875		41.4464
0.145313		0.046875		356.337
0.145313		0.0515625		248.607
0.145313		0.05625		-194.894
0.145313		0.0609375		231.66
0.145313		0.065625		71.333
0.145313		0.0703125		-131.787
0.145313		0.075		-109.089
0.145313		0.0796875		301.714
0.145313		0.084375		-39.6492
0.145313		0.0890625		-384.066
0.145313		0.09375		-323.806
0.145313		0.0984375		-258.889
0.145313		0.103125		-40.1974
0.145313		0.107813		-236.65
0.145313		0.1125		-548.354
0.145313		0.117188		-193.968
0.145313		0.121875		-115.658
0.145313		0.126563		-413.684
0.145313		0.13125		-533.62
0.145313		0.135938		-335.036
0.145313		0.140625		-268.585
0.145313		0.145313		-145.948
0.145313		0.15		8.24358
0.15		0		-0.756536
0.15		0.0046875		-14.4061
0.15		0.009375		-27.6889
0.15		0.0140625		26.5619
0.15		0.01875		-29.4122
0.15		0.0234375		-248.863
0.15		0.028125		-341.789
0.15		0.0328125		8.59256
0.15		0.0375		-570.743
0.15		0.0421875		-437.207
0.15		0.046875		-404.37
0.15		0.0515625		84.7552
0.15		0.05625		616.905
0.15		0.0609375		428.674
0.15		0.065625		763.772
0.15		0.0703125		498.476
0.15		0.075		842.978
0.15		0.0796875		534.287
0.15		0.084375		208.891
0.15		0.0890625		-120.743
0.15		0.09375		-209.293
0.15		0.0984375		-71.3295
0.15		0.103125		-488.736
0.15		0.107813		-32.6928
0.15		0.1125		257.445
0.15		0.117188		462.736
0.15		0.121875		496.507
0.15		0.126563		148.577
0.15		0.13125		248.544
0.15		0.135938		205.548
0.15		0.140625		102.621
0.15		0.145313		44.7423
0.15		0.15		0.785884
0.154688		0		7.01412
0.154688		0.0046875		-193.32
0.154688		0.009375		-377.852
0.154688		0.0140625		-540.109
0.154688		0.01875		-238.214
0.154688		0.0234375		-228.984
0.154688		0.028125		-147.296
0.154688		0.0328125		-95.5766
0.154688		0.0375		68.8858
0.154688		0.0421875		72.0427
0.154688		0.046875		-285.288
0.154688		0.0515625		-588.732
0.154688		0.05625		286.286
0.154688		0.0609375		218.226
0.154688		0.065625		797.676
0.154688		0.0703125		1085.36
0.154688		0.075		873.136
0.154688		0.0796875		-75.8307
0.154688		0.084375		303.699
0.154688		0.0890625		20.283
0.154688		0.09375		74.9669
0.154688		0.0984375		535.737
0.154688		0.103125		199.204
0.154688		0.107813		481.441
0.154688		0.1125		533.536
0.154688		0.117188		601.096
0.154688		0.121875		665.398
0.154688		0.126563		686.973
0.154688		0.13125		685.013
0.154688		0.135938		585.844
0.154688		0.140625		423.661
0.154688		0.145313		220.017
0.154688		0.15		-6.98956
0.159375		0		14.1709
0.159375		0.0046875		-339.611
0.159375		0.009375		-629.156
0.159375		0.0140625		-807.612
0.159375		0.01875		-367.967
0.159375		0.0234375		-3.55584
0.159375		0.028125		-81.7943
0.159375		0.0328125		-574.9
0.159375		0.0375		103.312
0.159375		0.0421875		422.174
0.159375		0.046875		453.497
0.159375		0.0515625		-32.6987
0.159375		0.05625		4.10906
0.159375		0.0609375		72.66
0.159375		0.065625		174.306
0.159375		0.0703125		525.263
0.159375		0.075		225.479
0.159375		0.0796875		-218.475
0.159375		0.084375		374.785
0.159375		0.0890625		57.998
0.159375		0.09375		-307.895
0.159375		0.0984375		106.003
0.159375		0.103125		239.328
0.159375		0.107813		539.024
0.159375		0.1125		411.721
0.159375		0.117188		252.783
0.159375		0.121875		293.366
0.159375		0.126563		679.473
0.159375		0.13125		489.008
0.159375		0.135938		876.096
0.159375		0.140625		682.043
0.159375		0.145313		364.994
0.159375		0.15		-14.1566
0.164062		0		19.8522
0.164062		0.0046875		-447.612
0.164062		0.009375		-800.806
0.164062		0.0140625		-927.577
0.164062		0.01875		-798.68
0.164062		0.0234375		-328.105
0.164062		0.028125		-357.492
0.164062		0.0328125		-628.675
0.164062		0.0375		-521.649
0.164062		0.0421875		-713.163
0.164062		0.046875		-263.23
0.164062		0.0515625		118.54
0.164062		0.05625		-46.7238
0.164062		0.0609375		-117.334
0.164062		0.065625		-526.833
0.164062		0.0703125		-297.771
0.164062		0.075		-99.2466
0.164062		0.0796875		-98.6264
0.164062		0.084375		53.8874
0.164062		0.0890625		420.768
0.164062		0.09375		38.654
0.164062		0.0984375		-362.513
0.164062		0.103125		183.622
0.164062		0.107813		602.446
0.164062		0.1125		676.607
0.164062		0.117188		518.399
0.164062		0.121875		469.039
0.164062		0.126563		315.18
0.164062		0.13125		583.815
0.164062		0.135938		1068.56
0.164062		0.140625		870.221
0.164062		0.145313		471.678
0.164062		0.15		-19.8465
0.16875		0		23.3607
0.16875		0.0046875		-526.031
0.16875		0.009375		-955.02
0.16875		0.0140625		-1177.07
0.16875		0.01875		-1087.18
0.16875		0.0234375		-791.626
0.16875		0.028125		-447.982
0.16875		0.0328125		-292.668
0.16875		0.0375		-291.519
0.16875		0.0421875		-764.23
0.16875		0.046875		-614.087
0.16875		0.0515625		-270.355
0.16875		0.05625		-512.44
0.16875		0.0609375		-41.0031
0.16875		0.065625		86.9867
0.16875		0.0703125		-204.638
0.16875		0.075		-2.62569
0.16875		0.0796875		534.939
0.16875		0.084375		503.9
0.16875		0.0890625		581.743
0.16875		0.09375		419.281
0.16875		0.0984375		293.308
0.16875		0.103125		158.351
0.16875		0.107813		290.12
0.16875		0.1125		272.751
0.16875		0.117188		615.911
0.16875		0.121875		867.971
0.16875		0.126563		439.546
0.16875		0.13125		921.936
0.16875		0.135938		1300.63
0.16875		0.140625		991.475
0.16875		0.145313		533.639
0.16875		0.15		-23.358
0.173438		0		24.2514
0.173438		0.0046875		-558.442
0.173438		0.009375		-1045.47
0.173438		0.0140625		-1382.15
0.173438		0.01875		-1524.6
0.173438		0.0234375		-1336.32
0.173438		0.028125		-792.7
0.173438		0.0328125		-380.339
0.173438		0.0375		-178.553
0.173438		0.0421875		-80.6598
0.173438		0.046875		-345.593
0.173438		0.0515625		-45.0155
0.173438		0.05625		-348.117
0.173438		0.0609375		159.233
0.173438		0.065625		280.149
0.173438		0.0703125		-204.245
0.173438		0.075		114.441
0.173438		0.0796875		704.196
0.173438		0.084375		553.437
0.173438		0.0890625		411.469
0.173438		0.09375		245.705
0.173438		0.0984375		564.516
0.173438		0.103125		15.4128
0.173438		0.107813		185.925
0.173438		0.1125		357.057
0.173438		0.117188		290.383
0.173438		0.121875		224.814
0.173438		0.126563		658.063
0.173438		0.13125		908.236
0.173438		0.135938		1250.06
0.173438		0.140625		973.908
0.173438		0.145313		530.079
0.173438		0.15		-24.2498
0.178125		0		22.3868
0.178125		0.0046875		-521.402
0.178125		0.009375		-1008.65
0.178125		0.0140625		-1448.17
0.178125		0.01875		-1212.72
0.178125		0.0234375		-926.909
0.178125		0.028125		-1009.75
0.178125		0.0328125		-654.937
0.178125		0.0375		-667.88
0.178125		0.0421875		-601.297
0.178125		0.046875		-792.928
0.178125		0.0515625		-142.299
0.178125		0.05625		-211.994
0.178125		0.0609375		-17.731
0.178125		0.065625		-184.203
0.178125		0.0703125		151.109
0.178125		0.075		-272.489
0.178125		0.0796875		-338.517
0.178125		0.084375		-406.755
0.178125		0.0890625		-190.084
0.178125		0.09375		108.636
0.178125		0.0984375		216.379
0.178125		0.103125		127.821
0.178125		0.107813		199.08
0.178125		0.1125		233.882
0.178125		0.117188		446.85
0.178125		0.121875		123.73
0.178125		0.126563		512.416
0.178125		0.13125		577.251
0.178125		0.135938		1062.88
0.178125		0.140625		849.941
0.178125		0.145313		464.678
0.178125		0.15		-22.3846
0.182813		0		17.9546
0.182813		0.0046875		-398.152
0.182813		0.009375		-768.32
0.182813		0.0140625		-1075.14
0.182813		0.01875		-718.024
0.182813		0.0234375		-491.364
0.182813		0.028125		-672.472
0.182813		0.0328125		-232.23
0.182813		0.0375		-646.386
0.182813		0.0421875		-452.352
0.182813		0.046875		-201.43
0.182813		0.0515625		-268.154
0.182813		0.05625		-376.068
0.182813		0.0609375		-13.6309
0.182813		0.065625		-283.999
0.182813		0.0703125		58.4079
0.182813		0.075		-286.344
0.182813		0.0796875		-610.501
0.182813		0.084375		-721.919
0.182813		0.0890625		-388.1
0.182813		0.09375		-119.106
0.182813		0.0984375		-182.726
0.182813		0.103125		79.6833
0.182813		0.107813		-165.537
0.182813		0.1125		-234.47
0.182813		0.117188		0.156921
0.182813		0.121875		482.18
0.182813		0.126563		661.835
0.182813		0.13125		485.027
0.182813		0.135938		832.224
0.182813		0.140625		647.055
0.182813		0.145313		348.471
0.182813		0.15		-17.9549
0.1875		0		11.4526
0.1875		0.0046875		-214.147
0.1875		0.009375		-396.257
0.1875		0.0140625		-478.561
0.1875		0.01875		-228.231
0.1875		0.0234375		-489.97
0.1875		0.028125		-277.934
0.1875		0.0328125		23.0002
0.1875		0.0375		-161.022
0.1875		0.0421875		-342.479
0.1875		0.046875		268.828
0.1875		0.0515625		-309.4
0.1875		0.05625		-21.0811
0.1875		0.0609375		-100.919
0.1875		0.065625		-637.832
0.1875		0.0703125		-564.704
0.1875		0.075		-385.24
0.1875		0.0796875		-230.734
0.1875		0.084375		-494.22
0.1875		0.0890625		-454.329
0.1875		0.09375		-147.777
0.1875		0.0984375		99.7846
0.1875		0.103125		574.522
0.1875		0.107813		470.678
0.1875		0.1125		553.314
0.1875		0.117188		91.3687
0.1875		0.121875		643.712
0.1875		0.126563		555.876
0.1875		0.13125		284.148
0.1875		0.135938		419.502
0.1875		0.140625		354.304
0.1875		0.145313		190.025
0.1875		0.15		-11.4556
0.192188		0		3.62247
0.192188		0.0046875		-12.9747
0.192188		0.009375		-15.6047
0.192188		0.0140625		3.88477
0.192188		0.01875		29.888
0.192188		0.0234375		-91.8032
0.192188		0.028125		267.731
0.192188		0.0328125		159.739
0.192188		0.0375		192.622
0.192188		0.0421875		-133.577
0.192188		0.046875		-23.8312
0.192188		0.0515625		-9.96445
0.192188		0.05625		337.856
0.192188		0.0609375		19.0498
0.192188		0.065625		9.29938
0.192188		0.0703125		-241.419
0.192188		0.075		-354.987
0.192188		0.0796875		-117.082
0.192188		0.084375		-459.324
0.192188		0.0890625		-705.042
0.192188		0.09375		-347.832
0.192188		0.0984375		191.804
0.192188		0.103125		-31.746
0.192188		0.107813		102.229
0.192188		0.1125		289.854
0.192188		0.117188		205.721
0.192188		0.121875		387.595
0.192188		0.126563		286.329
0.192188		0.13125		258.168
0.192188		0.135938		-15.2732
0.192188		0.140625		31.5803
0.192188		0.145313		14.016
0.192188		0.15		-3.62359
0.196875		0		-4.63873
0.196875		0.0046875		182.366
0.196875		0.009375		353.721
0.196875		0.0140625		492.889
0.196875		0.01875		402.875
0.196875		0.0234375		226.836
0.196875		0.028125		292.42
0.196875		0.0328125		20.6958
0.196875		0.0375		475.766
0.196875		0.0421875		617.25
0.196875		0.046875		357.792
0.196875		0.0515625		206.85
0.196875		0.05625		176.38
0.196875		0.0609375		15.9724
0.196875		0.065625		298.002
0.196875		0.0703125		331.49
0.196875		0.075		339.205
0.196875		0.0796875		-75.6054
0.196875		0.084375		130.538
0.196875		0.0890625		323.98
0.196875		0.09375		-46.119
0.196875		0.0984375		-64.6822
0.196875		0.103125		-885.29
0.196875		0.107813		-711.409
0.196875		0.1125		-454.908
0.196875		0.117188		-39.2356
0.196875		0.121875		-28.0172
0.196875		0.126563		102.102
0.196875		0.13125		214.749
0.196875		0.135938		-270.056
0.196875		0.140625		-268.867
0.196875		0.145313		-158.885
0.196875		0.15		4.64041
0.201563		0		-12.3832
0.201563		0.0046875		349.429
0.201563		0.009375		667.786
0.201563		0.0140625		919.099
0.201563		0.01875		1000.34
0.201563		0.0234375		712.725
0.201563		0.028125		521.448
0.201563		0.0328125		153.705
0.201563		0.0375		687.436
0.201563		0.0421875		477.302
0.201563		0.046875		359.703
0.201563		0.0515625		67.0102
0.201563		0.05625		-12.9322
0.201563		0.0609375		-99.0644
0.201563		0.065625		-414.548
0.201563		0.0703125		-36.0793
0.201563		0.075		223.507
0.201563		0.0796875		-76.9156
0.201563		0.084375		-1.90805
0.201563		0.0890625		156.024
0.201563		0.09375		261.377
0.201563		0.0984375		-626.085
0.201563		0.103125		-823.02
0.201563		0.107813		-745.121
0.201563		0.1125		-536.171
0.201563		0.117188		-276.922
0.201563		0.121875		-657.118
0.201563		0.126563		-734.164
0.201563		0.13125		-666.494
0.201563		0.135938		-760.187
0.201563		0.140625		-613.916
0.201563		0.145313		-331.792
0.201563		0.15		12.3917
0.20625		0		-18.7307
0.20625		0.0046875		466.017
0.20625		0.009375		878.068
0.20625		0.0140625		1178.66
0.20625		0.01875		915.582
0.20625		0.0234375		952.049
0.20625		0.028125		528.943
0.20625		0.0328125		178.151
0.20625		0.0375		77.3743
0.20625		0.0421875		-76.5145
0.20625		0.046875		33.3204
0.20625		0.0515625		83.4436
0.20625		0.05625		95.2245
0.20625		0.0609375		-254.758
0.20625		0.065625		-512.289
0.20625		0.0703125		-571.744
0.20625		0.075		1.25405
0.20625		0.0796875		456.837
0.20625		0.084375		-387.38
0.20625		0.0890625		-720.69
0.20625		0.09375		-510.092
0.20625		0.0984375		-808.331
0.20625		0.103125		-482.629
0.20625		0.107813		-605.105
0.20625		0.1125		-571.854
0.20625		0.117188		-826.811
0.20625		0.121875		-1230.49
0.20625		0.126563		-1066.59
0.20625		0.13125		-1207.59
0.20625		0.135938		-1310.68
0.20625		0.140625		-918.828
0.20625		0.145313		-473.708
0.20625		0.15		18.7445
0.210938		0		-22.9597
0.210938		0.0046875		520.595
0.210938		0.009375		965.504
0.210938		0.0140625		1250.76
0.210938		0.01875		651.668
0.210938		0.0234375		616.958
0.210938		0.028125		-44.5225
0.210938		0.0328125		-61.2151
0.210938		0.0375		-260.74
0.210938		0.0421875		-226.951
0.210938		0.046875		-1.99904
0.210938		0.0515625		77.3173
0.210938		0.05625		-212.846
0.210938		0.0609375		-189.107
0.210938		0.065625		295.566
0.210938		0.0703125		49.4806
0.210938		0.075		111.571
0.210938		0.0796875		110.576
0.210938		0.084375		182.771
0.210938		0.0890625		-116.675
0.210938		0.09375		-716.128
0.210938		0.0984375		-163.609
0.210938		0.103125		364.044
0.210938		0.107813		-416.647
0.210938		0.1125		-626.701
0.210938		0.117188		-382.702
0.210938		0.121875		-778.737
0.210938		0.126563		-908.744
0.210938		0.13125		-1192.61
0.210938		0.135938		-1349.41
0.210938		0.140625		-1020.72
0.210938		0.145313		-537.886
0.210938		0.15		22.977
0.215625		0		-24.5925
0.215625		0.0046875		514.864
0.215625		0.009375		933.156
0.215625		0.0140625		1113.35
0.215625		0.01875		727.681
0.215625		0.0234375		520.459
0.215625		0.028125		755.297
0.215625		0.0328125		403.221
0.215625		0.0375		-74.5062
0.215625		0.0421875		412.305
0.215625		0.046875		228.482
0.215625		0.0515625		16.1274
0.215625		0.05625		-719.333
0.215625		0.0609375		-73.2835
0.215625		0.065625		676.745
0.215625		0.0703125		265.528
0.215625		0.075		-213.744
0.215625		0.0796875		-442.415
0.215625		0.084375		-44.9445
0.215625		0.0890625		-127.027
0.215625		0.09375		-211.255
0.215625		0.0984375		-151.273
0.215625		0.103125		5.86255
0.215625		0.107813		-317.338
0.215625		0.1125		-480.883
0.215625		0.117188		-647.226
0.215625		0.121875		-635.191
0.215625		0.126563		-981.783
0.215625		0.13125		-1045.65
0.215625		0.135938		-1259.06
0.215625		0.140625		-985.438
0.215625		0.145313		-530.179
0.215625		0.15		24.6174
0.220313		0		-23.4584
0.220313		0.0046875		465.919
0.220313		0.009375		851.023
0.220313		0.0140625		1037.14
0.220313		0.01875		903.975
0.220313		0.0234375		315.018
0.220313		0.028125		746.927
0.220313		0.0328125		651.988
0.220313		0.0375		301.87
0.220313		0.0421875		591.064
0.220313		0.046875		268.236
0.220313		0.0515625		-83.6358
0.220313		0.05625		20.689
0.220313		0.0609375		418.253
0.220313		0.065625		450.846
0.220313		0.0703125		-80.7827
0.220313		0.075		-129.629
0.220313		0.0796875		-348.496
0.220313		0.084375		-106.398
0.220313		0.0890625		-87.5297
0.220313		0.09375		199.709
0.220313		0.0984375		-193.522
0.220313		0.103125		-193.548
0.220313		0.107813		-195.206
0.220313		0.1125		-431.528
0.220313		0.117188		-682.169
0.220313		0.121875		-541.58
0.220313		0.126563		-623.125
0.220313		0.13125		-683.252
0.220313		0.135938		-895.766
0.220313		0.140625		-826.105
0.220313		0.145313		-463.015
0.220313		0.15		23.4902
0.225		0		-19.7147
0.225		0.0046875		372.083
0.225		0.009375		696.318
0.225		0.0140625		906.576
0.225		0.01875		787.577
0.225		0.0234375		486.671
0.225		0.028125		217.617
0.225		0.0328125		638.686
0.225		0.0375		712.38
0.225		0.0421875		382.207
0.225		0.046875		589.947
0.225		0.0515625		631.72
0.225		0.05625		1208.94
0.225		0.0609375		764.737
0.225		0.065625		318.938
0.225		0.0703125		429.048
0.225		0.075		131.819
0.225		0.0796875		88.3597
0.225		0.084375		495.786
0.225		0.0890625		194.448
0.225		0.09375		149.035
0.225		0.0984375		23.2925
0.225		0.103125		169.095
0.225		0.107813		-408.046
0.225		0.1125		-573.432
0.225		0.117188		-649.872
0.225		0.121875		-283.14
0.225		0.126563		-157.976
0.225		0.13125		-567.771
0.225		0.135938		-785.883
0.225		0.140625		-671.82
0.225		0.145313		-370.895
0.225		0.15		19.7493
0.229688		0		-13.8253
0.229688		0.0046875		230.313
0.229688		0.009375		432.028
0.229688		0.0140625		550.247
0.229688		0.01875		433.019
0.229688		0.0234375		706.372
0.229688		0.028125		235.35
0.229688		0.0328125		690.072
0.229688		0.0375		395.257
0.229688		0.0421875		-24.8448
0.229688		0.046875		514.134
0.229688		0.0515625		713.132
0.229688		0.05625		966.964
0.229688		0.0609375		-52.5556
0.229688		0.065625		-308.557
0.229688		0.0703125		-42.6583
0.229688		0.075		124.828
0.229688		0.0796875		489.238
0.229688		0.084375		444.616
0.229688		0.0890625		101.473
0.229688		0.09375		203.12
0.229688		0.0984375		22.9068
0.229688		0.103125		-77.0473
0.229688		0.107813		-109.657
0.229688		0.1125		-35.9818
0.229688		0.117188		-556.058
0.229688		0.121875		-116.097
0.229688		0.126563		-195.068
0.229688		0.13125		-316.042
0.229688		0.135938		-659.057
0.229688		0.140625		-477.206
0.229688		0.145313		-249.085
0.229688		0.15		13.8583
0.234375		0		-6.50052
0.234375		0.0046875		61.2768
0.234375		0.009375		103.914
0.234375		0.0140625		61.2158
0.234375		0.01875		133.396
0.234375		0.0234375		377.455
0.234375		0.028125		-124.487
0.234375		0.0328125		126.367
0.234375		0.0375		363.271
0.234375		0.0421875		122.757
0.234375		0.046875		-60.161
0.234375		0.0515625		-69.3821
0.234375		0.05625		-22.8685
0.234375		0.0609375		-596.905
0.234375		0.065625		-804.985
0.234375		0.0703125		-335.065
0.234375		0.075		52.5596
0.234375		0.0796875		354.97
0.234375		0.084375		-82.7891
0.234375		0.0890625		-145.302
0.234375		0.09375		-269.899
0.234375		0.0984375		105.12
0.234375		0.103125		-98.4791
0.234375		0.107813		361.849
0.234375		0.1125		473.82
0.234375		0.117188		142.551
0.234375		0.121875		-194.013
0.234375		0.126563		-513.72
0.234375		0.13125		-88.4947
0.234375		0.135938		-209.582
0.234375		0.140625		-175.782
0.234375		0.145313		-89.3928
0.234375		0.15		6.52602
0.239063		0		1.38419
0.239063		0.0046875		-101.69
0.239063		0.009375		-187.28
0.239063		0.0140625		-253.293
0.239063		0.01875		-60.1596
0.239063		0.0234375		-83.4194
0.239063		0.028125		55.331
0.239063		0.0328125		-11.7906
0.239063		0.0375		281.185
0.239063		0.0421875		440.167
0.239063		0.046875		9.2387
0.239063		0.0515625		55.734
0.239063		0.05625		-5.00914
0.239063		0.0609375		194.271
0.239063		0.065625		-51.2841
0.239063		0.0703125		-19.0012
0.239063		0.075		53.4258
0.239063		0.0796875		-41.0429
0.239063		0.084375		-480.263
0.239063		0.0890625		165.753
0.239063		0.09375		-488.261
0.239063		0.0984375		-45.5903
0.239063		0.103125		-640.383
0.239063		0.107813		-96.41
0.239063		0.1125		103.608
0.239063		0.117188		-20.2654
0.239063		0.121875		-706.796
0.239063		0.126563		-251.285
0.239063		0.13125		225.49
0.239063		0.135938		102.417
0.239063		0.140625		131.017
0.239063		0.145313		80.8463
0.239063		0.15		-1.3696
0.24375		0		8.89576
0.24375		0.0046875		-248.439
0.24375		0.009375		-450.121
0.24375		0.0140625		-576.089
0.24375		0.01875		-566.248
0.24375		0.0234375		-315.824
0.24375		0.028125		388.399
0.24375		0.0328125		35.2105
0.24375		0.0375		-349.251
0.24375		0.0421875		-222.508
0.24375		0.046875		-165.28
0.24375		0.0515625		-217.725
0.24375		0.05625		-99.1497
0.24375		0.0609375		449.923
0.24375		0.065625		527.751
0.24375		0.0703125		333.982
0.24375		0.075		210.186
0.24375		0.0796875		-22.6386
0.24375		0.084375		81.8769
0.24375		0.0890625		573.267
0.24375		0.09375		381.729
0.24375		0.0984375		42.837
0.24375		0.103125		-231.827
0.24375		0.107813		-111.183
0.24375		0.1125		127.499
0.24375		0.117188		248.112
0.24375		0.121875		-347.499
0.24375		0.126563		343.718
0.24375		0.13125		532.193
0.24375		0.135938		580.025
0.24375		0.140625		468.333
0.24375		0.145313		253.731
0.24375		0.15		-8.89287
0.248438		0		15.1585
0.248438		0.0046875		-368.869
0.248438		0.009375		-659.008
0.248438		0.0140625		-762.539
0.248438		0.01875		-587.404
0.248438		0.0234375		-650.142
0.248438		0.028125		-223.718
0.248438		0.0328125		82.3633
0.248438		0.0375		-284.569
0.248438		0.0421875		-263.588
0.248438		0.046875		262.283
0.248438		0.0515625		-67.384
0.248438		0.05625		-279.428
0.248438		0.0609375		-358.266
0.248438		0.065625		-137.74
0.248438		0.0703125		-38.7298
0.248438		0.075		-421.253
0.248438		0.0796875		-105.019
0.248438		0.084375		121.276
0.248438		0.0890625		164.209
0.248438		0.09375		408.055
0.248438		0.0984375		237.694
0.248438		0.103125		765.252
0.248438		0.107813		470.422
0.248438		0.1125		462.112
0.248438		0.117188		630.373
0.248438		0.121875		612.322
0.248438		0.126563		551.374
0.248438		0.13125		317.972
0.248438		0.135938		1033.73
0.248438		0.140625		760.481
0.248438		0.145313		400.359
0.248438		0.15		-15.168
0.253125		0		19.4536
0.253125		0.0046875		-463.696
0.253125		0.009375		-845.147
0.253125		0.0140625		-1035.14
0.253125		0.01875		-740.913
0.253125		0.0234375		-1259.82
0.253125		0.028125		-1154.53
0.253125		0.0328125		-1178.1
0.253125		0.0375		-548.808
0.253125		0.0421875		-133.588
0.253125		0.046875		33.6497
0.253125		0.0515625		378.707
0.253125		0.05625		136.314
0.253125		0.0609375		-46.9863
0.253125		0.065625		100.872
0.253125		0.0703125		-360.82
0.253125		0.075		-392.714
0.253125		0.0796875		-437.389
0.253125		0.084375		-307.251
0.253125		0.0890625		14.0966
0.253125		0.09375		-64.4134
0.253125		0.0984375		183.192
0.253125		0.103125		510.272
0.253125		0.107813		262.9
0.253125		0.1125		-51.7996
0.253125		0.117188		460.763
0.253125		0.121875		866.187
0.253125		0.126563		713.37
0.253125		0.13125		530.421
0.253125		0.135938		1156.65
0.253125		0.140625		914.894
0.253125		0.145313		490.593
0.253125		0.15		-19.4718
0.257812		0		21.3044
0.257812		0.0046875		-516.126
0.257812		0.009375		-975.135
0.257812		0.0140625		-1329.07
0.257812		0.01875		-1046.25
0.257812		0.0234375		-801.951
0.257812		0.028125		-522.628
0.257812		0.0328125		-1038.35
0.257812		0.0375		-509.864
0.257812		0.0421875		-44.9079
0.257812		0.046875		-439.232
0.257812		0.0515625		236.922
0.257812		0.05625		-241.251
0.257812		0.0609375		-140.621
0.257812		0.065625		423.058
0.257812		0.0703125		235.181
0.257812		0.075		402.106
0.257812		0.0796875		-125.726
0.257812		0.084375		135.223
0.257812		0.0890625		156.418
0.257812		0.09375		84.0179
0.257812		0.0984375		389.388
0.257812		0.103125		115.992
0.257812		0.107813		117.87
0.257812		0.1125		299.327
0.257812		0.117188		695.483
0.257812		0.121875		824.233
0.257812		0.126563		747.724
0.257812		0.13125		1155.04
0.257812		0.135938		1295.32
0.257812		0.140625		989.594
0.257812		0.145313		527.887
0.257812		0.15		-21.3249
0.2625		0		20.5318
0.2625		0.0046875		-494.059
0.2625		0.009375		-945.268
0.2625		0.0140625		-1318.41
0.2625		0.01875		-1088.65
0.2625		0.0234375		-273.645
0.2625		0.028125		-354.163
0.2625		0.0328125		8.88454
0.2625		0.0375		-164.945
0.2625		0.0421875		-32.6562
0.2625		0.046875		64.7728
0.2625		0.0515625		-231.24
0.2625		0.05625		-489.818
0.2625		0.0609375		-521.049
0.2625		0.065625		-90.2547
0.2625		0.0703125		68.1432
0.2625		0.075		138.145
0.2625		0.0796875		71.6497
0.2625		0.084375		426.597
0.2625		0.0890625		420.872
0.2625		0.09375		389.196
0.2625		0.0984375		210.077
0.2625		0.103125		70.2608
0.2625		0.107813		423.639
0.2625		0.1125		508.702
0.2625		0.117188		771.385
0.2625		0.121875		859.978
0.2625		0.126563		676.127
0.2625		0.13125		1259.9
0.2625		0.135938		1243.38
0.2625		0.140625		951.285
0.2625		0.145313		504.513
0.2625		0.15		-20.5476
0.267188		0		17.2787
0.267188		0.0046875		-392.604
0.267188		0.009375		-728.916
0.267188		0.0140625		-929.959
0.267188		0.01875		-640.337
0.267188		0.0234375		-211.006
0.267188		0.028125		-563.057
0.267188		0.0328125		-518.896
0.267188		0.0375		-432.819
0.267188		0.0421875		-261.878
0.267188		0.046875		-186.598
0.267188		0.0515625		-290.554
0.267188		0.05625		381.419
0.267188		0.0609375		204.983
0.267188		0.065625		-112.092
0.267188		0.0703125		-63.5404
0.267188		0.075		-217.538
0.267188		0.0796875		69.6567
0.267188		0.084375		465.828
0.267188		0.0890625		42.2817
0.267188		0.09375		290.318
0.267188		0.0984375		199.503
0.267188		0.103125		289.187
0.267188		0.107813		670.459
0.267188		0.1125		206.49
0.267188		0.117188		63.3643
0.267188		0.121875		597.824
0.267188		0.126563		706.013
0.267188		0.13125		804.85
0.267188		0.135938		1072.19
0.267188		0.140625		807.103
0.267188		0.145313		422.941
0.267188		0.15		-17.2818
0.271875		0		11.9822
0.271875		0.0046875		-247.53
0.271875		0.009375		-436.021
0.271875		0.0140625		-444.86
0.271875		0.01875		-439.596
0.271875		0.0234375		-528.6
0.271875		0.028125		-90.1608
0.271875		0.0328125		-241.347
0.271875		0.0375		-281.363
0.271875		0.0421875		-128.485
0.271875		0.046875		-434.141
0.271875		0.0515625		328.192
0.271875		0.05625		394.679
0.271875		0.0609375		367.897
0.271875		0.065625		-8.0131
0.271875		0.0703125		-548.64
0.271875		0.075		-81.4939
0.271875		0.0796875		534.44
0.271875		0.084375		586.752
0.271875		0.0890625		-98.3951
0.271875		0.09375		337.257
0.271875		0.0984375		538.545
0.271875		0.103125		386.583
0.271875		0.107813		399.948
0.271875		0.1125		386.347
0.271875		0.117188		233.722
0.271875		0.121875		475.009
0.271875		0.126563		522.329
0.271875		0.13125		553.488
0.271875		0.135938		788.047
0.271875		0.140625		557.427
0.271875		0.145313		287.863
0.271875		0.15		-11.9714
0.276563		0		5.31736
0.276563		0.0046875		-94.4549
0.276563		0.009375		-183.449
0.276563		0.0140625		-296.866
0.276563		0.01875		-448.744
0.276563		0.0234375		-502.244
0.276563		0.028125		-104.931
0.276563		0.0328125		304.512
0.276563		0.0375		-209.413
0.276563		0.0421875		-242.382
0.276563		0.046875		-173.268
0.276563		0.0515625		-199.424
0.276563		0.05625		-256.184
0.276563		0.0609375		146.263
0.276563		0.065625		-76.9937
0.276563		0.0703125		-447.368
0.276563		0.075		-276.63
0.276563		0.0796875		-67.1186
0.276563		0.084375		-20.1095
0.276563		0.0890625		-13.5638
0.276563		0.09375		433.483
0.276563		0.0984375		299.596
0.276563		0.103125		383.985
0.276563		0.107813		258.062
0.276563		0.1125		424.036
0.276563		0.117188		641.198
0.276563		0.121875		312.905
0.276563		0.126563		404.208
0.276563		0.13125		435.909
0.276563		0.135938		273.83
0.276563		0.140625		204.146
0.276563		0.145313		109.043
0.276563		0.15		-5.30335
0.28125		0		-1.87243
0.28125		0.0046875		80.534
0.28125		0.009375		139.309
0.28125		0.0140625		110.588
0.28125		0.01875		354.477
0.28125		0.0234375		106.028
0.28125		0.028125		99.743
0.28125		0.0328125		505.82
0.28125		0.0375		546.15
0.28125		0.0421875		98.9806
0.28125		0.046875		-205.045
0.28125		0.0515625		-718.501
0.28125		0.05625		-247.806
0.28125		0.0609375		126.319
0.28125		0.065625		97.6843
0.28125		0.0703125		345.822
0.28125		0.075		-31.8628
0.28125		0.0796875		-348.36
0.28125		0.084375		-215.109
0.28125		0.0890625		13.3452
0.28125		0.09375		31.72
0.28125		0.0984375		-280.524
0.28125		0.103125		190.159
0.28125		0.107813		266.439
0.28125		0.1125		398.862
0.28125		0.117188		34.2795
0.28125		0.121875		225.167
0.28125		0.126563		300.694
0.28125		0.13125		-7.13177
0.28125		0.135938		-278.291
0.28125		0.140625		-169.357
0.28125		0.145313		-80.1077
0.28125		0.15		1.87878
0.285938		0		-8.68383
0.285938		0.0046875		258.856
0.285938		0.009375		499.512
0.285938		0.0140625		730.607
0.285938		0.01875		1159.86
0.285938		0.0234375		953.669
0.285938		0.028125		753.836
0.285938		0.0328125		319.34
0.285938		0.0375		840.595
0.285938		0.0421875		463.131
0.285938		0.046875		462.646
0.285938		0.0515625		385.017
0.285938		0.05625		207.888
0.285938		0.0609375		789.854
0.285938		0.065625		978.779
0.285938		0.0703125		1010.96
0.285938		0.075		626.264
0.285938		0.0796875		515.523
0.285938		0.084375		553.557
0.285938		0.0890625		366.137
0.285938		0.09375		211.634
0.285938		0.0984375		-121.714
0.285938		0.103125		-125.26
0.285938		0.107813		35.2246
0.285938		0.1125		277.559
0.285938		0.117188		77.8947
0.285938		0.121875		450.253
0.285938		0.126563		168.076
0.285938		0.13125		-244.493
0.285938		0.135938		-668.792
0.285938		0.140625		-470.291
0.285938		0.145313		-243.365
0.285938		0.15		8.67991
0.290625		0		-14.2652
0.290625		0.0046875		390.21
0.290625		0.009375		741.24
0.290625		0.0140625		1047.44
0.290625		0.01875		1780.84
0.290625		0.0234375		2099.6
0.290625		0.028125		1790.39
0.290625		0.0328125		1308.85
0.290625		0.0375		1109.8
0.290625		0.0421875		961.192
0.290625		0.046875		1519.5
0.290625		0.0515625		1283.7
0.290625		0.05625		967.823
0.290625		0.0609375		1188.4
0.290625		0.065625		1294.15
0.290625		0.0703125		1618.7
0.290625		0.075		1584.75
0.290625		0.0796875		1540.77
0.290625		0.084375		1061.09
0.290625		0.0890625		956.961
0.290625		0.09375		898.651
0.290625		0.0984375		961.024
0.290625		0.103125		738.555
0.290625		0.107813		764.299
0.290625		0.1125		750.716
0.290625		0.117188		948.749
0.290625		0.121875		719.172
0.290625		0.126563		384.935
0.290625		0.13125		49.0005
0.290625		0.135938		-737.103
0.290625		0.140625		-661.415
0.290625		0.145313		-366.552
0.290625		0.15		14.2539
0.295313		0		-17.9198
0.295313		0.0046875		457.867
0.295313		0.009375		836.952
0.295313		0.0140625		1054.71
0.295313		0.01875		2483.76
0.295313		0.0234375		3025.16
0.295313		0.028125		3054.2
0.295313		0.0328125		3274.55
0.295313		0.0375		3109.83
0.295313		0.0421875		3219.19
0.295313		0.046875		3000.78
0.295313		0.0515625		3013.32
0.295313		0.05625		3083.87
0.295313		0.0609375		2572.61
0.295313		0.065625		2504.64
0.295313		0.0703125		2961.3
0.295313		0.075		3107.29
0.295313		0.0796875		3087.52
0.295313		0.084375		2441.64
0.295313		0.0890625		2767.48
0.295313		0.09375		2614.37
0.295313		0.0984375		2840.91
0.295313		0.103125		2731.68
0.295313		0.107813		2610.24
0.295313		0.1125		2260.69
0.295313		0.117188		2258.13
0.295313		0.121875		1819.81
0.295313		0.126563		1499.43
0.295313		0.13125		869.715
0.295313		0.135938		-1131.54
0.295313		0.140625		-876.319
0.295313		0.145313		-469.093
0.295313		0.15		17.905
0.3		0		-19.1913
0.3		0.0046875		477.254
0.3		0.009375		857.987
0.3		0.0140625		1026.59
0.3		0.01875		2982.67
0.3		0.0234375		3490.21
0.3		0.028125		3590.8
0.3		0.0328125		3994.97
0.3		0.0375		4113.21
0.3		0.0421875		4624.56
0.3		0.046875		4098.63
0.3		0.0515625		4690.63
0.3		0.05625		4925.07
0.3		0.0609375		4144.24
0.3		0.065625		4027.56
0.3		0.0703125		4059.06
0.3		0.075		3949.71
0.3		0.0796875		3913.52
0.3		0.084375		3638.58
0.3		0.0890625		4018.82
0.3		0.09375		4112.18
0.3		0.0984375		3886.69
0.3		0.103125		3650.77
0.3		0.107813		3772.22
0.3		0.1125		3393.57
0.3		0.117188		3227.11
0.3		0.121875		2792.37
0.3		0.126563		2511.89
0.3		0.13125		1493.83
0.3		0.135938		-1488.84
0.3		0.140625		-1004.41
0.3		0.145313		-516.678
0.3		0.15		19.1753
