
##### time= 3.236646307e-06, label: 
1.7806E-11		2.58554E-11
4.57613E-09		5.73742E-08
9.13444E-09		7.37287E-08
1.36928E-08		2.69043E-07
1.82512E-08		4.13147E-08
2.27562E-08		3.3292E-08
2.73146E-08		8.92279E-08
3.1873E-08		1.13005E-07
3.64313E-08		9.32391E-09
4.09897E-08		1.63527E-07
4.55481E-08		1.59855E-07
5.01065E-08		3.93479E-09
5.46649E-08		1.66183E-07
5.92233E-08		1.29554E-07
6.37817E-08		4.34517E-09
6.83401E-08		1.38216E-07
7.28984E-08		1.12537E-07
7.72432E-08		1.81067E-09
8.18015E-08		1.28762E-07
8.63599E-08		1.49117E-07
9.09183E-08		9.80028E-10
9.54767E-08		1.35713E-07
1.00035E-07		1.20422E-07
1.04593E-07		7.14912E-10
1.09152E-07		1.34233E-07
1.1371E-07		1.33683E-07
1.18269E-07		7.1213E-10
1.22827E-07		1.46278E-07
1.27385E-07		1.22327E-07
1.31944E-07		1.78894E-09
1.36502E-07		1.45859E-07
1.41061E-07		1.20185E-07
1.45619E-07		2.01458E-09
1.50177E-07		1.48682E-07
1.54736E-07		1.1579E-07
1.59294E-07		3.2174E-09
1.63853E-07		1.53873E-07
1.68411E-07		1.10421E-07
1.72969E-07		4.55607E-09
1.77528E-07		1.54994E-07
1.82086E-07		1.06372E-07
1.86644E-07		5.84938E-09
1.91203E-07		1.59734E-07
1.95761E-07		1.01716E-07
2.0032E-07		7.78146E-09
2.04878E-07		1.61666E-07
2.09436E-07		9.72124E-08
2.13995E-07		9.57759E-09
2.18553E-07		1.64639E-07
2.23112E-07		9.25132E-08
2.2767E-07		1.17534E-08
2.32228E-07		1.66843E-07
2.36787E-07		8.79867E-08
2.41343E-07		1.25327E-08
2.45898E-07		1.60966E-07
2.50452E-07		1.05751E-07
2.55007E-07		2.24202E-09
2.59562E-07		1.41946E-07
2.64117E-07		1.34551E-07
2.68671E-07		5.54422E-10
2.73226E-07		1.21083E-07
2.77781E-07		1.51159E-07
2.82336E-07		6.20299E-09
2.8689E-07		9.58892E-08
2.91445E-07		1.6744E-07
2.95146E-07		1.09597E-07
2.99701E-07		2.26107E-09
3.04255E-07		1.41781E-07
3.0881E-07		1.33313E-07
3.13365E-07		7.52001E-10
3.1792E-07		1.19578E-07
3.22474E-07		1.52753E-07
3.27029E-07		6.46987E-09
3.31584E-07		9.50001E-08
3.36138E-07		1.68353E-07
3.40693E-07		1.85794E-08
3.45248E-07		6.98915E-08
3.49803E-07		1.76397E-07
3.54357E-07		3.67297E-08
3.58912E-07		4.63068E-08
3.63467E-07		1.784E-07
3.68022E-07		5.87705E-08
3.72576E-07		2.62451E-08
3.77131E-07		1.72731E-07
3.81686E-07		8.35002E-08
3.86241E-07		1.12256E-08
3.90795E-07		1.60626E-07
3.9535E-07		1.08554E-07
3.99905E-07		2.47177E-09
4.0446E-07		1.42803E-07
4.09014E-07		1.32198E-07
4.13569E-07		6.84503E-10
4.18124E-07		1.20664E-07
4.22679E-07		1.52334E-07
4.27233E-07		6.02151E-09
4.31788E-07		9.60837E-08
4.36343E-07		1.6751E-07
4.40898E-07		1.80169E-08
4.45452E-07		7.09354E-08
4.50007E-07		1.76389E-07
4.54562E-07		3.57616E-08
4.59117E-07		4.72941E-08
4.63671E-07		1.78334E-07
4.68226E-07		5.77878E-08
4.72781E-07		2.70211E-08
4.77336E-07		1.73043E-07
4.8189E-07		8.1217E-08
4.86445E-07		1.21246E-08
4.91E-07		1.61757E-07
4.95555E-07		1.0699E-07
5.00109E-07		2.93827E-09
5.04664E-07		1.44842E-07
5.09219E-07		1.30344E-07
5.13774E-07		5.61991E-10
5.18328E-07		1.22295E-07
5.22883E-07		1.50869E-07
5.27438E-07		5.3801E-09
5.31993E-07		9.81712E-08
5.36547E-07		1.66553E-07
5.41102E-07		1.67813E-08
5.45657E-07		7.29124E-08
5.50212E-07		1.75817E-07
5.54766E-07		3.41593E-08
5.59321E-07		4.90849E-08
5.63876E-07		1.7846E-07
5.68431E-07		5.58935E-08
5.72985E-07		2.85062E-08
5.7754E-07		1.73857E-07
5.82095E-07		8.03191E-08
5.8665E-07		1.2768E-08
5.91204E-07		1.62444E-07
5.95759E-07		1.05526E-07
6.00314E-07		3.18829E-09
6.04869E-07		1.45287E-07
6.09423E-07		1.29392E-07
6.13978E-07		5.20678E-10
6.18533E-07		1.23579E-07
6.23088E-07		1.50091E-07
6.27642E-07		4.97671E-09
6.32197E-07		9.91975E-08
6.36752E-07		1.65935E-07
6.41307E-07		1.61955E-08
6.45861E-07		7.40167E-08
6.50416E-07		1.75658E-07
6.54971E-07		3.32856E-08
6.59526E-07		5.00777E-08
6.6408E-07		1.7848E-07
6.68635E-07		5.4878E-08
6.7319E-07		2.9295E-08
6.77745E-07		1.74183E-07
6.82299E-07		7.92367E-08
6.86854E-07		1.33314E-08
6.91409E-07		1.63097E-07
6.95964E-07		1.04421E-07
7.00518E-07		3.46583E-09
7.05073E-07		1.46124E-07
7.09628E-07		1.28406E-07
7.14183E-07		4.88332E-10
7.18737E-07		1.24613E-07
7.23292E-07		1.49278E-07
7.27847E-07		4.63685E-09
7.32402E-07		1.00291E-07
7.36956E-07		1.6536E-07
7.41511E-07		1.55796E-08
7.46066E-07		7.5105E-08
7.50621E-07		1.75369E-07
7.55175E-07		3.24395E-08
7.5973E-07		5.10708E-08
7.64285E-07		1.78502E-07
7.6884E-07		5.3868E-08
7.73394E-07		3.01126E-08
7.77949E-07		1.74508E-07
7.82504E-07		7.81477E-08
7.87059E-07		1.39088E-08
7.91613E-07		1.63707E-07
7.96168E-07		1.03337E-07
8.00723E-07		3.75683E-09
8.05278E-07		1.46964E-07
8.09832E-07		1.27416E-07
8.14387E-07		4.69244E-10
8.18942E-07		1.25619E-07
8.23497E-07		1.48459E-07
8.28051E-07		4.30931E-09
8.32606E-07		1.01381E-07
8.37161E-07		1.64781E-07
8.41716E-07		1.49697E-08
8.4627E-07		7.61919E-08
8.50825E-07		1.75075E-07
8.5538E-07		3.15967E-08
8.59935E-07		5.20667E-08
8.64489E-07		1.78516E-07
8.69044E-07		5.28593E-08
8.73599E-07		3.09379E-08
8.78154E-07		1.74829E-07
8.82708E-07		7.70552E-08
8.87263E-07		1.4497E-08
8.91818E-07		1.64311E-07
8.96373E-07		1.02247E-07
9.00927E-07		4.06045E-09
9.05482E-07		1.47801E-07
9.10037E-07		1.26417E-07
9.14592E-07		4.63819E-10
9.19146E-07		1.26622E-07
9.23701E-07		1.47631E-07
9.28256E-07		3.99528E-09
9.32811E-07		1.02471E-07
9.37365E-07		1.64191E-07
9.4192E-07		1.43721E-08
9.46475E-07		7.72797E-08
9.5103E-07		1.74769E-07
9.55591E-07		2.71664E-08
9.6016E-07		9.76049E-08
9.64729E-07		1.58163E-07
9.69298E-07		6.75723E-09
9.73868E-07		1.88688E-07
9.78437E-07		3.92926E-08
9.83006E-07		7.58645E-08
9.87576E-07		1.54149E-07
9.92145E-07		1.38162E-09
9.96714E-07		1.6511E-07
1.00128E-06		7.76373E-08
1.00585E-06		4.99438E-08
1.01042E-06		1.76968E-07
1.01499E-06		5.23865E-09
1.01956E-06		1.39821E-07
1.02413E-06		1.06098E-07
1.0287E-06		2.52453E-08
1.03327E-06		1.8456E-07
1.03784E-06		1.82099E-08
1.04241E-06		1.1254E-07
1.04698E-06		1.32807E-07
1.05155E-06		8.2472E-09
1.05612E-06		1.81897E-07
1.06068E-06		4.09577E-08
1.06525E-06		8.44868E-08
1.06982E-06		1.5674E-07
1.07439E-06		1.06046E-09
1.07896E-06		1.67114E-07
1.08353E-06		6.8152E-08
1.0881E-06		5.4778E-08
1.09267E-06		1.7513E-07
1.09724E-06		3.20998E-09
1.10181E-06		1.46911E-07
1.10638E-06		9.75203E-08
1.11095E-06		2.98195E-08
1.11552E-06		1.83634E-07
1.12009E-06		1.5035E-08
1.12465E-06		1.20534E-07
1.12922E-06		1.26572E-07
1.13379E-06		1.16046E-08
1.13836E-06		1.8218E-07
1.14293E-06		3.50634E-08
1.1475E-06		9.08533E-08
1.15207E-06		1.52366E-07
1.15664E-06		1.94017E-09
1.16121E-06		1.71618E-07
1.16578E-06		6.10316E-08
1.16692E-06		1.67545E-07
1.17149E-06		6.82456E-08
1.17606E-06		5.44461E-08
1.18063E-06		1.75058E-07
1.1852E-06		3.38061E-09
1.18977E-06		1.46704E-07
1.19434E-06		9.7929E-08
1.19891E-06		2.95918E-08
1.20348E-06		1.83465E-07
1.20804E-06		1.52423E-08
1.21261E-06		1.20058E-07
1.21718E-06		1.27103E-07
1.22175E-06		1.14367E-08
1.22632E-06		1.82218E-07
1.23089E-06		3.52945E-08
1.23546E-06		9.04365E-08
1.24003E-06		1.5259E-07
1.2446E-06		1.87653E-09
1.24917E-06		1.71455E-07
1.25374E-06		6.14092E-08
1.25831E-06		6.10363E-08
1.26288E-06		1.71662E-07
1.26745E-06		1.94154E-09
1.27201E-06		1.5229E-07
1.27658E-06		9.08285E-08
1.28115E-06		3.49799E-08
1.28572E-06		1.82308E-07
1.29029E-06		1.16232E-08
1.29486E-06		1.26745E-07
1.29943E-06		1.2042E-07
1.304E-06		1.50244E-08
1.30857E-06		1.83406E-07
1.31314E-06		2.98911E-08
1.31771E-06		9.75566E-08
1.32228E-06		1.4703E-07
1.32685E-06		3.29484E-09
1.33142E-06		1.74833E-07
1.33598E-06		5.4806E-08
1.34055E-06		6.78241E-08
1.34512E-06		1.67833E-07
1.34969E-06		1.03852E-09
1.35426E-06		1.57497E-07
1.35883E-06		8.37184E-08
1.3634E-06		4.07032E-08
1.36797E-06		1.80622E-07
1.37254E-06		8.49461E-09
1.37711E-06		1.33243E-07
1.38168E-06		1.13555E-07
1.38625E-06		1.90792E-08
1.39082E-06		1.84036E-07
1.39539E-06		2.48708E-08
1.39996E-06		1.04649E-07
1.40452E-06		1.41145E-07
1.40909E-06		5.25045E-09
1.41366E-06		1.77709E-07
1.41823E-06		4.8427E-08
1.4228E-06		7.47552E-08
1.42737E-06		1.63555E-07
1.43194E-06		6.86729E-10
1.43651E-06		1.62317E-07
1.44108E-06		7.6659E-08
1.44565E-06		4.67386E-08
1.45022E-06		1.78403E-07
1.45479E-06		5.87311E-09
1.45936E-06		1.39494E-07
1.46393E-06		1.06565E-07
1.46849E-06		2.35764E-08
1.47306E-06		1.8411E-07
1.47763E-06		2.02584E-08
1.4822E-06		1.11667E-07
1.48677E-06		1.34967E-07
1.49134E-06		7.7316E-09
1.49591E-06		1.80072E-07
1.50048E-06		4.23134E-08
1.50505E-06		8.17938E-08
1.50962E-06		1.58847E-07
1.51419E-06		8.88197E-10
1.51876E-06		1.66716E-07
1.52333E-06		6.96938E-08
1.5279E-06		5.30493E-08
1.53246E-06		1.75664E-07
1.53703E-06		3.77323E-09
1.5416E-06		1.45462E-07
1.54617E-06		9.94894E-08
1.55074E-06		2.84891E-08
1.55531E-06		1.83633E-07
1.55988E-06		1.60805E-08
1.56445E-06		1.18569E-07
1.56902E-06		1.28533E-07
1.57359E-06		1.07239E-08
1.57816E-06		1.81906E-07
1.58273E-06		3.65016E-08
1.5873E-06		8.88969E-08
1.59187E-06		1.53737E-07
1.59644E-06		1.64165E-09
1.601E-06		1.70667E-07
1.60557E-06		6.28657E-08
1.61014E-06		5.95974E-08
1.61471E-06		1.72423E-07
1.61928E-06		2.20821E-09
1.62385E-06		1.51109E-07
1.62842E-06		9.23713E-08
1.63299E-06		3.37869E-08
1.63756E-06		1.82605E-07
1.64213E-06		1.23631E-08
1.6467E-06		1.25314E-07
1.65127E-06		1.21881E-07
1.65584E-06		1.42083E-08
1.66041E-06		1.832E-07
1.66497E-06		3.10271E-08
1.66954E-06		9.60196E-08
1.67411E-06		1.48258E-07
1.67868E-06		2.94251E-09
1.68325E-06		1.74145E-07
1.68782E-06		5.62164E-08
1.69239E-06		6.63437E-08
1.69696E-06		1.687E-07
1.70153E-06		1.18692E-09
1.7061E-06		1.56403E-07
1.71067E-06		8.52526E-08
1.71524E-06		3.9439E-08
1.71981E-06		1.81032E-07
1.72438E-06		9.12831E-09
1.72894E-06		1.31859E-07
1.73351E-06		1.15051E-07
1.73808E-06		1.81645E-08
1.74265E-06		1.83947E-07
1.74722E-06		2.59224E-08
1.75179E-06		1.03122E-07
1.75636E-06		1.42443E-07
1.76093E-06		4.78294E-09
1.7655E-06		1.77131E-07
1.77007E-06		4.97847E-08
1.77464E-06		7.32471E-08
1.77921E-06		1.64517E-07
1.78378E-06		7.15916E-10
1.78835E-06		1.6131E-07
1.79291E-06		7.81785E-08
1.79748E-06		4.54097E-08
1.80205E-06		1.78926E-07
1.80662E-06		6.39595E-09
1.81119E-06		1.38166E-07
1.81576E-06		1.08085E-07
1.82033E-06		2.25684E-08
1.8249E-06		1.84141E-07
1.82947E-06		2.12193E-08
1.83404E-06		1.10159E-07
1.83861E-06		1.36325E-07
1.84318E-06		7.15182E-09
1.84775E-06		1.79606E-07
1.85232E-06		4.36103E-08
1.85689E-06		8.02657E-08
1.86145E-06		1.59898E-07
1.86602E-06		7.97832E-10
1.87059E-06		1.65803E-07
1.87516E-06		7.11888E-08
1.87973E-06		5.16641E-08
1.8843E-06		1.763E-07
1.88887E-06		4.18211E-09
1.89344E-06		1.44198E-07
1.89801E-06		1.01023E-07
1.90258E-06		2.73942E-08
1.90715E-06		1.83782E-07
1.91169E-06		7.39277E-08
1.91623E-06		7.99951E-10
1.92077E-06		1.06076E-07
1.92531E-06		2.07904E-07
1.92985E-06		7.89271E-08
1.93439E-06		1.55942E-09
1.93893E-06		8.54585E-08
1.94347E-06		1.87226E-07
1.94801E-06		1.00423E-07
1.95255E-06		6.05259E-10
1.95709E-06		9.13248E-08
1.96163E-06		1.75702E-07
1.96617E-06		1.01279E-07
1.97071E-06		5.3616E-10
1.97525E-06		8.53857E-08
1.97979E-06		1.81998E-07
1.98433E-06		1.04019E-07
1.98887E-06		1.49719E-09
1.99341E-06		7.62027E-08
1.99795E-06		1.80533E-07
2.00249E-06		1.11835E-07
2.00703E-06		2.90763E-09
2.01157E-06		7.05673E-08
2.01611E-06		1.78783E-07
2.02065E-06		1.17019E-07
2.02519E-06		4.85266E-09
2.02973E-06		6.33957E-08
2.03427E-06		1.78528E-07
2.03881E-06		1.23172E-07
2.04335E-06		6.98609E-09
2.04789E-06		5.62089E-08
2.05244E-06		1.75981E-07
2.05698E-06		1.30281E-07
2.06152E-06		9.67743E-09
2.06606E-06		5.00502E-08
2.0706E-06		1.72572E-07
2.07514E-06		1.3659E-07
2.07968E-06		1.29678E-08
2.08422E-06		4.39813E-08
2.08876E-06		1.69095E-07
2.0933E-06		1.42604E-07
2.09784E-06		1.66889E-08
2.10238E-06		3.81682E-08
2.10692E-06		1.64984E-07
2.11146E-06		1.48393E-07
2.116E-06		2.08894E-08
2.12054E-06		3.27415E-08
2.12508E-06		1.60489E-07
2.12962E-06		1.53678E-07
2.13416E-06		2.55346E-08
2.1387E-06		2.76096E-08
2.14324E-06		1.55719E-07
2.14778E-06		1.58598E-07
2.15232E-06		3.05362E-08
2.15686E-06		2.2832E-08
2.1614E-06		1.50556E-07
2.16594E-06		1.63163E-07
2.17048E-06		3.58895E-08
2.17502E-06		1.84618E-08
2.17956E-06		1.45051E-07
2.1841E-06		1.67307E-07
2.18864E-06		4.1567E-08
2.19318E-06		1.45136E-08
2.19772E-06		1.39241E-07
2.20226E-06		1.71025E-07
2.2068E-06		4.75271E-08
2.21134E-06		1.10156E-08
2.21588E-06		1.33144E-07
2.22042E-06		1.74297E-07
2.22496E-06		5.37468E-08
2.2295E-06		7.99011E-09
2.23404E-06		1.26803E-07
2.23858E-06		1.77083E-07
2.24312E-06		6.01907E-08
2.24766E-06		5.45146E-09
2.2522E-06		1.2026E-07
2.25674E-06		1.79373E-07
2.26128E-06		6.68193E-08
2.26582E-06		3.41482E-09
2.27036E-06		1.13555E-07
2.2749E-06		1.81157E-07
2.27944E-06		7.35928E-08
2.28399E-06		1.89169E-09
2.28853E-06		1.06721E-07
2.29307E-06		1.82419E-07
2.29761E-06		8.04716E-08
2.30215E-06		8.91483E-10
2.30669E-06		9.98004E-08
2.31123E-06		1.83155E-07
2.31577E-06		8.74197E-08
2.32031E-06		4.19683E-10
2.32485E-06		9.2837E-08
2.32939E-06		1.83361E-07
2.33393E-06		9.43944E-08
2.33847E-06		4.7882E-10
2.34301E-06		8.58677E-08
2.34755E-06		1.83035E-07
2.35209E-06		1.01349E-07
2.35663E-06		1.06875E-09
2.36117E-06		7.89335E-08
2.36571E-06		1.8218E-07
2.37025E-06		1.08253E-07
2.37479E-06		2.18655E-09
2.37933E-06		7.20723E-08
2.38387E-06		1.80803E-07
2.38841E-06		1.15061E-07
2.39295E-06		3.82497E-09
2.39749E-06		6.53273E-08
2.40203E-06		1.78907E-07
2.40657E-06		1.21733E-07
2.41111E-06		5.9744E-09
2.41565E-06		5.87374E-08
2.42019E-06		1.76506E-07
2.42473E-06		1.28234E-07
2.42927E-06		8.62354E-09
2.43381E-06		5.23385E-08
2.43835E-06		1.73613E-07
2.44289E-06		1.3452E-07
2.44743E-06		1.17561E-08
2.45197E-06		4.61692E-08
2.45651E-06		1.70248E-07
2.46105E-06		1.40561E-07
2.46559E-06		1.5353E-08
2.47013E-06		4.02652E-08
2.47467E-06		1.66425E-07
2.47921E-06		1.46319E-07
2.48375E-06		1.93942E-08
2.48829E-06		3.46619E-08
2.49283E-06		1.62167E-07
2.49737E-06		1.5176E-07
2.50191E-06		2.38574E-08
2.50645E-06		2.93913E-08
2.511E-06		1.57504E-07
2.51554E-06		1.56854E-07
2.52008E-06		2.87155E-08
2.52462E-06		2.44829E-08
2.52916E-06		1.52459E-07
2.5337E-06		1.61569E-07
2.53824E-06		3.39398E-08
2.54278E-06		1.99661E-08
2.54732E-06		1.47063E-07
2.55186E-06		1.6588E-07
2.5564E-06		3.95012E-08
2.56094E-06		1.58662E-08
2.56548E-06		1.41346E-07
2.57002E-06		1.69764E-07
2.57456E-06		4.53669E-08
2.5791E-06		1.22083E-08
2.58364E-06		1.35339E-07
2.58818E-06		1.73192E-07
2.59272E-06		5.15028E-08
2.59726E-06		9.01357E-09
2.6018E-06		1.29085E-07
2.60634E-06		1.76148E-07
2.61088E-06		5.78724E-08
2.61542E-06		6.29888E-09
2.61996E-06		1.22611E-07
2.6245E-06		1.78615E-07
2.62904E-06		6.44397E-08
2.63358E-06		4.0816E-09
2.63812E-06		1.15958E-07
2.64266E-06		1.80581E-07
2.6472E-06		7.11659E-08
2.65174E-06		2.37473E-09
2.65628E-06		1.09167E-07
2.66082E-06		1.82029E-07
2.66536E-06		7.80124E-08
2.6699E-06		1.1875E-09
2.67444E-06		1.02272E-07
2.67898E-06		1.82952E-07
2.68352E-06		8.49414E-08
2.68806E-06		5.26987E-10
2.6926E-06		9.53205E-08
2.69714E-06		1.83346E-07
2.70168E-06		9.19096E-08
2.70622E-06		3.96842E-10
2.71076E-06		8.83496E-08
2.7153E-06		1.83212E-07
2.71984E-06		9.88755E-08
2.72438E-06		7.98085E-10
2.72892E-06		8.13964E-08
2.73346E-06		1.82547E-07
2.738E-06		1.05803E-07
2.74255E-06		1.72824E-09
2.74709E-06		7.45047E-08
2.75163E-06		1.81353E-07
2.75617E-06		1.1265E-07
2.76071E-06		3.18234E-09
2.76525E-06		6.77144E-08
2.76979E-06		1.79641E-07
2.77433E-06		1.19375E-07
2.77887E-06		5.15074E-09
2.78341E-06		6.10659E-08
2.78795E-06		1.7742E-07
2.79249E-06		1.25939E-07
2.79703E-06		7.62336E-09
2.80157E-06		5.45935E-08
2.80611E-06		1.747E-07
2.81065E-06		1.32306E-07
2.81519E-06		1.05856E-08
2.81973E-06		4.83372E-08
2.82427E-06		1.715E-07
2.82881E-06		1.3844E-07
2.83335E-06		1.40189E-08
2.83789E-06		4.23357E-08
2.84243E-06		1.67836E-07
2.84697E-06		1.44304E-07
2.85151E-06		1.79051E-08
2.85605E-06		3.66221E-08
2.86059E-06		1.6373E-07
2.86513E-06		1.49859E-07
2.86967E-06		2.22209E-08
2.87421E-06		3.12291E-08
2.87875E-06		1.59211E-07
2.88329E-06		1.5508E-07
2.88783E-06		2.69421E-08
2.89237E-06		2.61877E-08
2.89691E-06		1.543E-07
2.90145E-06		1.59935E-07
2.90599E-06		3.20389E-08
2.91053E-06		2.15281E-08
2.91507E-06		1.49023E-07
2.91961E-06		1.64394E-07
2.92415E-06		3.74832E-08
2.92869E-06		1.72775E-08
2.93323E-06		1.43417E-07
2.93777E-06		1.68432E-07
2.94231E-06		4.32456E-08
2.94685E-06		1.34593E-08
2.95139E-06		1.37511E-07
2.95593E-06		1.72024E-07
2.96047E-06		4.92889E-08
2.96501E-06		1.0097E-08
2.96955E-06		1.31341E-07
2.9741E-06		1.75149E-07
2.97864E-06		5.55786E-08
2.98318E-06		7.20904E-09
2.98772E-06		1.2494E-07
2.99226E-06		1.77795E-07
2.9968E-06		6.20792E-08
3.00134E-06		4.81347E-09
3.00588E-06		1.18343E-07
3.01042E-06		1.79939E-07
3.01496E-06		6.87543E-08
3.0195E-06		2.92385E-09
3.02404E-06		1.11597E-07
3.02858E-06		1.81572E-07
3.03312E-06		7.55641E-08
3.03766E-06		1.55041E-09
3.0422E-06		1.04739E-07
3.04674E-06		1.82683E-07
3.05128E-06		8.24662E-08
3.05582E-06		7.0156E-10
3.06036E-06		9.78025E-08
3.0649E-06		1.83267E-07
3.06944E-06		8.94249E-08
3.07398E-06		3.82274E-10
3.07852E-06		9.08329E-08
3.08306E-06		1.83323E-07
3.0876E-06		9.63965E-08
3.09214E-06		5.94299E-10
3.09668E-06		8.38682E-08
3.10122E-06		1.82844E-07
3.10576E-06		1.03343E-07
3.1103E-06		1.33637E-09
3.11484E-06		7.69515E-08
3.11938E-06		1.81838E-07
3.12392E-06		1.10223E-07
3.12846E-06		2.60477E-09
3.133E-06		7.01198E-08
3.13754E-06		1.80309E-07
3.14208E-06		1.16995E-07
3.14662E-06		4.3915E-09
3.15116E-06		6.34147E-08
3.1557E-06		1.78269E-07
3.16024E-06		1.2362E-07
3.16478E-06		6.6857E-09
3.16932E-06		5.68749E-08
3.17386E-06		1.75725E-07
3.1784E-06		1.30064E-07
3.18294E-06		9.47515E-09
3.18748E-06		5.05374E-08
3.19202E-06		1.72692E-07
3.19656E-06		1.36286E-07
3.20111E-06		1.2743E-08
3.20565E-06		4.44429E-08
3.21019E-06		1.69192E-07
3.21473E-06		1.42248E-07
3.21927E-06		1.64706E-08
3.22381E-06		3.86232E-08
3.22835E-06		1.65243E-07
3.23289E-06		1.47917E-07

##### time= 3.236646307e-06, label: 
1.7806E-11		9.61679E-11
4.57613E-09		3.94231E-07
9.13444E-09		1.90899E-07
1.36928E-08		9.21168E-08
1.82512E-08		1.50547E-07
2.27562E-08		2.31872E-07
2.73146E-08		1.07495E-07
3.1873E-08		7.19318E-08
3.64313E-08		2.48441E-07
4.09897E-08		3.32139E-08
4.55481E-08		6.08254E-08
5.01065E-08		1.27584E-07
5.46649E-08		4.64241E-08
5.92233E-08		4.93593E-08
6.37817E-08		2.21084E-07
6.83401E-08		2.89692E-08
7.28984E-08		8.36116E-08
7.72432E-08		1.74781E-07
8.18015E-08		5.21888E-08
8.63599E-08		4.20839E-08
9.09183E-08		1.96305E-07
9.54767E-08		5.07833E-08
1.00035E-07		5.02794E-08
1.04593E-07		1.94032E-07
1.09152E-07		4.70646E-08
1.1371E-07		5.55768E-08
1.18269E-07		1.88815E-07
1.22827E-07		3.90355E-08
1.27385E-07		5.54837E-08
1.31944E-07		1.89212E-07
1.36502E-07		3.8147E-08
1.41061E-07		6.45887E-08
1.45619E-07		1.8937E-07
1.50177E-07		3.1236E-08
1.54736E-07		6.6861E-08
1.59294E-07		1.87595E-07
1.63853E-07		2.95754E-08
1.68411E-07		7.26288E-08
1.72969E-07		1.87593E-07
1.77528E-07		2.54543E-08
1.82086E-07		7.69461E-08
1.86644E-07		1.85793E-07
1.91203E-07		2.22957E-08
1.95761E-07		8.19574E-08
2.0032E-07		1.83289E-07
2.04878E-07		1.92987E-08
2.09436E-07		8.66579E-08
2.13995E-07		1.82114E-07
2.18553E-07		1.63079E-08
2.23112E-07		9.19648E-08
2.2767E-07		1.7918E-07
2.32228E-07		1.37936E-08
2.36787E-07		9.6625E-08
2.41343E-07		1.80499E-07
2.45898E-07		1.96924E-08
2.50452E-07		7.43946E-08
2.55007E-07		1.88474E-07
2.59562E-07		3.97403E-08
2.64117E-07		5.01254E-08
2.68671E-07		1.8912E-07
2.73226E-07		6.23059E-08
2.77781E-07		2.71543E-08
2.82336E-07		1.84745E-07
2.8689E-07		9.03091E-08
2.91445E-07		1.21954E-08
2.95146E-07		7.33102E-08
2.99701E-07		1.87356E-07
3.04255E-07		4.0652E-08
3.0881E-07		4.79522E-08
3.13365E-07		1.90675E-07
3.1792E-07		6.39788E-08
3.22474E-07		2.707E-08
3.27029E-07		1.83192E-07
3.31584E-07		9.06315E-08
3.36138E-07		1.13149E-08
3.40693E-07		1.70353E-07
3.45248E-07		1.17116E-07
3.49803E-07		2.41588E-09
3.54357E-07		1.50935E-07
3.58912E-07		1.42273E-07
3.63467E-07		9.27736E-10
3.68022E-07		1.27183E-07
3.72576E-07		1.63317E-07
3.77131E-07		7.06225E-09
3.81686E-07		1.00925E-07
3.86241E-07		1.79274E-07
3.90795E-07		2.01576E-08
3.9535E-07		7.41725E-08
3.99905E-07		1.88239E-07
4.0446E-07		3.94182E-08
4.09014E-07		4.91413E-08
4.13569E-07		1.89935E-07
4.18124E-07		6.30379E-08
4.22679E-07		2.7813E-08
4.27233E-07		1.8401E-07
4.31788E-07		8.93461E-08
4.36343E-07		1.18887E-08
4.40898E-07		1.70942E-07
4.45452E-07		1.16044E-07
4.50007E-07		2.66386E-09
4.54562E-07		1.51941E-07
4.59117E-07		1.41197E-07
4.63671E-07		8.52126E-10
4.68226E-07		1.2828E-07
4.72781E-07		1.62569E-07
4.77336E-07		6.54644E-09
4.8189E-07		1.03417E-07
4.86445E-07		1.78585E-07
4.91E-07		1.86939E-08
4.95555E-07		7.61349E-08
5.00109E-07		1.87125E-07
5.04664E-07		3.7751E-08
5.09219E-07		5.10236E-08
5.13774E-07		1.90266E-07
5.18328E-07		6.09697E-08
5.22883E-07		2.94535E-08
5.27438E-07		1.8476E-07
5.31993E-07		8.71091E-08
5.36547E-07		1.29412E-08
5.41102E-07		1.72211E-07
5.45657E-07		1.14045E-07
5.50212E-07		3.13436E-09
5.54766E-07		1.53728E-07
5.59321E-07		1.39232E-07
5.63876E-07		7.17412E-10
5.68431E-07		1.30286E-07
5.72985E-07		1.61055E-07
5.7754E-07		5.89361E-09
5.82095E-07		1.04263E-07
5.8665E-07		1.77573E-07
5.91204E-07		1.81992E-08
5.95759E-07		7.74679E-08
6.00314E-07		1.87561E-07
6.04869E-07		3.67375E-08
6.09423E-07		5.20847E-08
6.13978E-07		1.90107E-07
6.18533E-07		5.99277E-08
6.23088E-07		3.02176E-08
6.27642E-07		1.85168E-07
6.32197E-07		8.60021E-08
6.36752E-07		1.35268E-08
6.41307E-07		1.72921E-07
6.45861E-07		1.12785E-07
6.50416E-07		3.41928E-09
6.54971E-07		1.54583E-07
6.59526E-07		1.38227E-07
6.6408E-07		6.68836E-10
6.68635E-07		1.31411E-07
6.7319E-07		1.6018E-07
6.77745E-07		5.50115E-09
6.82299E-07		1.05443E-07
6.86854E-07		1.77028E-07
6.91409E-07		1.75505E-08
6.95964E-07		7.85993E-08
7.00518E-07		1.87255E-07
7.05073E-07		3.58051E-08
7.09628E-07		5.31567E-08
7.14183E-07		1.90206E-07
7.18737E-07		5.8866E-08
7.23292E-07		3.10572E-08
7.27847E-07		1.85506E-07
7.32402E-07		8.48239E-08
7.36956E-07		1.4133E-08
7.41511E-07		1.73625E-07
7.46066E-07		1.11647E-07
7.50621E-07		3.70795E-09
7.55175E-07		1.55465E-07
7.5973E-07		1.37153E-07
7.64285E-07		6.31302E-10
7.6884E-07		1.32531E-07
7.73394E-07		1.5936E-07
7.77949E-07		5.14674E-09
7.82504E-07		1.06575E-07
7.87059E-07		1.7638E-07
7.91613E-07		1.68738E-08
7.96168E-07		7.97835E-08
8.00723E-07		1.86999E-07
8.05278E-07		3.49149E-08
8.09832E-07		5.41885E-08
8.14387E-07		1.90201E-07
8.18942E-07		5.77648E-08
8.23497E-07		3.19363E-08
8.28051E-07		1.8589E-07
8.32606E-07		8.36694E-08
8.37161E-07		1.47384E-08
8.41716E-07		1.74272E-07
8.4627E-07		1.10473E-07
8.50825E-07		4.01724E-09
8.5538E-07		1.56397E-07
8.59935E-07		1.3612E-07
8.64489E-07		6.07938E-10
8.69044E-07		1.33584E-07
8.73599E-07		1.58449E-07
8.78154E-07		4.78832E-09
8.82708E-07		1.07783E-07
8.87263E-07		1.75813E-07
8.91818E-07		1.62405E-08
8.96373E-07		8.09032E-08
9.00927E-07		1.86615E-07
9.05482E-07		3.39883E-08
9.10037E-07		5.52879E-08
9.14592E-07		1.90286E-07
9.19146E-07		5.67334E-08
9.23701E-07		3.27869E-08
9.28256E-07		1.86168E-07
9.32811E-07		8.24709E-08
9.37365E-07		1.53777E-08
9.4192E-07		1.74958E-07
9.46475E-07		1.09348E-07
9.5103E-07		4.33433E-09
9.55591E-07		1.58652E-07
9.6016E-07		8.34837E-08
9.64729E-07		4.48359E-08
9.69298E-07		2.03711E-07
9.73868E-07		6.4249E-09
9.78437E-07		1.49531E-07
9.83006E-07		1.15497E-07
9.87576E-07		2.19081E-08
9.92145E-07		2.01773E-07
9.96714E-07		2.57403E-08
1.00128E-06		1.22777E-07
1.00585E-06		1.44799E-07
1.01042E-06		7.86068E-09
1.01499E-06		1.87998E-07
1.01956E-06		4.9435E-08
1.02413E-06		8.42724E-08
1.0287E-06		1.77379E-07
1.03327E-06		7.64937E-10
1.03784E-06		1.79574E-07
1.04241E-06		7.68433E-08
1.04698E-06		5.42699E-08
1.05155E-06		1.90489E-07
1.05612E-06		5.157E-09
1.06068E-06		1.55472E-07
1.06525E-06		1.09953E-07
1.06982E-06		2.88856E-08
1.07439E-06		1.97752E-07
1.07896E-06		1.92778E-08
1.08353E-06		1.25326E-07
1.0881E-06		1.42075E-07
1.09267E-06		1.0489E-08
1.09724E-06		1.95716E-07
1.10181E-06		4.1529E-08
1.10638E-06		9.29083E-08
1.11095E-06		1.68147E-07
1.11552E-06		1.48633E-09
1.12009E-06		1.83026E-07
1.12465E-06		7.0598E-08
1.12922E-06		6.18453E-08
1.13379E-06		1.87415E-07
1.13836E-06		3.05741E-09
1.14293E-06		1.60918E-07
1.1475E-06		1.02716E-07
1.15207E-06		3.44307E-08
1.15664E-06		1.9767E-07
1.16121E-06		1.48486E-08
1.16578E-06		1.32565E-07
1.16692E-06		1.93225E-08
1.17149E-06		1.24844E-07
1.17606E-06		1.41822E-07
1.18063E-06		1.02366E-08
1.1852E-06		1.95722E-07
1.18977E-06		4.21133E-08
1.19434E-06		9.27252E-08
1.19891E-06		1.68377E-07
1.20348E-06		1.44421E-09
1.20804E-06		1.82604E-07
1.21261E-06		7.10747E-08
1.21718E-06		6.13716E-08
1.22175E-06		1.87694E-07
1.22632E-06		3.11897E-09
1.23089E-06		1.60651E-07
1.23546E-06		1.0309E-07
1.24003E-06		3.40701E-08
1.2446E-06		1.9771E-07
1.24917E-06		1.50721E-08
1.25374E-06		1.32285E-07
1.25831E-06		1.34736E-07
1.26288E-06		1.37527E-08
1.26745E-06		1.97278E-07
1.27201E-06		3.60314E-08
1.27658E-06		1.00484E-07
1.28115E-06		1.62699E-07
1.28572E-06		2.59221E-09
1.29029E-06		1.86479E-07
1.29486E-06		6.37744E-08
1.29943E-06		6.86005E-08
1.304E-06		1.83983E-07
1.30857E-06		1.77061E-09
1.31314E-06		1.66477E-07
1.31771E-06		9.53409E-08
1.32228E-06		4.00375E-08
1.32685E-06		1.96324E-07
1.33142E-06		1.13766E-08
1.33598E-06		1.39402E-07
1.34055E-06		1.27393E-07
1.34512E-06		1.78316E-08
1.34969E-06		1.98404E-07
1.35426E-06		3.03827E-08
1.35883E-06		1.08111E-07
1.3634E-06		1.56512E-07
1.36797E-06		4.34172E-09
1.37254E-06		1.89998E-07
1.37711E-06		5.67604E-08
1.38168E-06		7.59459E-08
1.38625E-06		1.79618E-07
1.39082E-06		1.00583E-09
1.39539E-06		1.72016E-07
1.39996E-06		8.7722E-08
1.40452E-06		4.63139E-08
1.40909E-06		1.94237E-07
1.41366E-06		8.17949E-09
1.41823E-06		1.46363E-07
1.4228E-06		1.19969E-07
1.42737E-06		2.23703E-08
1.43194E-06		1.98811E-07
1.43651E-06		2.50909E-08
1.44108E-06		1.15786E-07
1.44565E-06		1.50098E-07
1.45022E-06		6.65149E-09
1.45479E-06		1.92856E-07
1.45936E-06		4.99474E-08
1.46393E-06		8.35092E-08
1.46849E-06		1.74885E-07
1.47306E-06		8.42042E-10
1.47763E-06		1.76994E-07
1.4822E-06		8.00856E-08
1.48677E-06		5.29754E-08
1.49134E-06		1.91712E-07
1.49591E-06		5.56175E-09
1.50048E-06		1.52946E-07
1.50505E-06		1.12339E-07
1.50962E-06		2.74086E-08
1.51419E-06		1.98744E-07
1.51876E-06		2.03009E-08
1.52333E-06		1.23265E-07
1.5279E-06		1.43264E-07
1.53246E-06		9.54233E-09
1.53703E-06		1.95261E-07
1.5416E-06		4.34861E-08
1.54617E-06		9.10986E-08
1.55074E-06		1.69587E-07
1.55531E-06		1.27427E-09
1.55988E-06		1.81646E-07
1.56445E-06		7.26712E-08
1.56902E-06		5.98406E-08
1.57359E-06		1.88469E-07
1.57816E-06		3.48725E-09
1.58273E-06		1.59347E-07
1.5873E-06		1.04745E-07
1.59187E-06		3.28344E-08
1.59644E-06		1.97931E-07
1.601E-06		1.5942E-08
1.60557E-06		1.30725E-07
1.61014E-06		1.36298E-07
1.61471E-06		1.29467E-08
1.61928E-06		1.96964E-07
1.62385E-06		3.7312E-08
1.62842E-06		9.88215E-08
1.63299E-06		1.63984E-07
1.63756E-06		2.29613E-09
1.64213E-06		1.85664E-07
1.6467E-06		6.53236E-08
1.65127E-06		6.70319E-08
1.65584E-06		1.84857E-07
1.66041E-06		2.01466E-09
1.66497E-06		1.65245E-07
1.66954E-06		9.70072E-08
1.67411E-06		3.87179E-08
1.67868E-06		1.96673E-07
1.68325E-06		1.21303E-08
1.68782E-06		1.37878E-07
1.69239E-06		1.28992E-07
1.69696E-06		1.69106E-08
1.70153E-06		1.98215E-07
1.7061E-06		3.15683E-08
1.71067E-06		1.06459E-07
1.71524E-06		1.57874E-07
1.71981E-06		3.91685E-09
1.72438E-06		1.89294E-07
1.72894E-06		5.82602E-08
1.73351E-06		7.43386E-08
1.73808E-06		1.80591E-07
1.74265E-06		1.11985E-09
1.74722E-06		1.70863E-07
1.75179E-06		8.937E-08
1.75636E-06		4.49277E-08
1.76093E-06		1.94728E-07
1.7655E-06		8.819E-09
1.77007E-06		1.44894E-07
1.77464E-06		1.21602E-07
1.77921E-06		2.13401E-08
1.78378E-06		1.98749E-07
1.78835E-06		2.61887E-08
1.79291E-06		1.14151E-07
1.79748E-06		1.51534E-07
1.80205E-06		6.09954E-09
1.80662E-06		1.92255E-07
1.81119E-06		5.13805E-08
1.81576E-06		8.18819E-08
1.82033E-06		1.75966E-07
1.8249E-06		8.27081E-10
1.82947E-06		1.75948E-07
1.83404E-06		8.17255E-08
1.83861E-06		5.15083E-08
1.84318E-06		1.92293E-07
1.84775E-06		6.07755E-09
1.85232E-06		1.51563E-07
1.85689E-06		1.14007E-07
1.86145E-06		2.62738E-08
1.86602E-06		1.98791E-07
1.87059E-06		2.12912E-08
1.87516E-06		1.21675E-07
1.87973E-06		1.44778E-07
1.8843E-06		8.86532E-09
1.88887E-06		1.94783E-07
1.89344E-06		4.48564E-08
1.89801E-06		8.94496E-08
1.90258E-06		1.70759E-07
1.90715E-06		1.12832E-09
1.91169E-06		1.49777E-07
1.91623E-06		1.68305E-07
1.92077E-06		7.37884E-08
1.92531E-06		1.806E-09
1.92985E-06		1.08783E-07
1.93439E-06		1.99866E-07
1.93893E-06		8.60857E-08
1.94347E-06		2.66771E-09
1.94801E-06		9.84274E-08
1.95255E-06		1.89571E-07
1.95709E-06		9.79263E-08
1.96163E-06		1.17936E-09
1.96617E-06		9.41075E-08
1.97071E-06		1.95678E-07
1.97525E-06		1.01321E-07
1.97979E-06		1.31259E-09
1.98433E-06		8.17716E-08
1.98887E-06		1.97193E-07
1.99341E-06		1.12805E-07
1.99795E-06		2.0739E-09
2.00249E-06		7.47562E-08
2.00703E-06		1.91225E-07
2.01157E-06		1.22153E-07
2.01611E-06		3.81513E-09
2.02065E-06		6.92097E-08
2.02519E-06		1.88592E-07
2.02973E-06		1.28532E-07
2.03427E-06		6.17946E-09
2.03881E-06		6.20055E-08
2.04335E-06		1.86175E-07
2.04789E-06		1.35543E-07
2.05244E-06		8.97728E-09
2.05698E-06		5.54894E-08
2.06152E-06		1.82688E-07
2.06606E-06		1.42115E-07
2.0706E-06		1.24246E-08
2.07514E-06		4.91268E-08
2.07968E-06		1.79307E-07
2.08422E-06		1.47986E-07
2.08876E-06		1.62421E-08
2.0933E-06		4.27997E-08
2.09784E-06		1.7563E-07
2.10238E-06		1.54067E-07
2.10692E-06		2.04776E-08
2.11146E-06		3.68074E-08
2.116E-06		1.71092E-07
2.12054E-06		1.59756E-07
2.12508E-06		2.51225E-08
2.12962E-06		3.12677E-08
2.13416E-06		1.66299E-07
2.1387E-06		1.65203E-07
2.14324E-06		3.02425E-08
2.14778E-06		2.60345E-08
2.15232E-06		1.60926E-07
2.15686E-06		1.70158E-07
2.1614E-06		3.56822E-08
2.16594E-06		2.12895E-08
2.17048E-06		1.5528E-07
2.17502E-06		1.74798E-07
2.17956E-06		4.15603E-08
2.1841E-06		1.69483E-08
2.18864E-06		1.49209E-07
2.19318E-06		1.78858E-07
2.19772E-06		4.77122E-08
2.20226E-06		1.30887E-08
2.2068E-06		1.42917E-07
2.21134E-06		1.82522E-07
2.21588E-06		5.41921E-08
2.22042E-06		9.7008E-09
2.22496E-06		1.36297E-07
2.2295E-06		1.85608E-07
2.23404E-06		6.08715E-08
2.23858E-06		6.8356E-09
2.24312E-06		1.2953E-07
2.24766E-06		1.88275E-07
2.2522E-06		6.78241E-08
2.25674E-06		4.47446E-09
2.26128E-06		1.22475E-07
2.26582E-06		1.90286E-07
2.27036E-06		7.48645E-08
2.2749E-06		2.66787E-09
2.27944E-06		1.15379E-07
2.28399E-06		1.91904E-07
2.28853E-06		8.21204E-08
2.29307E-06		1.39392E-09
2.29761E-06		1.08069E-07
2.30215E-06		1.92827E-07
2.30669E-06		8.93725E-08
2.31123E-06		6.82638E-10
2.31577E-06		1.00786E-07
2.32031E-06		1.93315E-07
2.32485E-06		9.67511E-08
2.32939E-06		5.30754E-10
2.33393E-06		9.3404E-08
2.33847E-06		1.93139E-07
2.34301E-06		1.0406E-07
2.34755E-06		9.33262E-10
2.35209E-06		8.61133E-08
2.35663E-06		1.92507E-07
2.36117E-06		1.11396E-07
2.36571E-06		1.90229E-09
2.37025E-06		7.88158E-08
2.37479E-06		1.91218E-07
2.37933E-06		1.1857E-07
2.38387E-06		3.41002E-09
2.38841E-06		7.16845E-08
2.39295E-06		1.89474E-07
2.39749E-06		1.25703E-07
2.40203E-06		5.4774E-09
2.40657E-06		6.46441E-08
2.41111E-06		1.87105E-07
2.41565E-06		1.32586E-07
2.42019E-06		8.05494E-09
2.42473E-06		5.78477E-08
2.42927E-06		1.84298E-07
2.43381E-06		1.39343E-07
2.43835E-06		1.11746E-08
2.44289E-06		5.12275E-08
2.44743E-06		1.80895E-07
2.45197E-06		1.45768E-07
2.45651E-06		1.47634E-08
2.46105E-06		4.49171E-08
2.46559E-06		1.77101E-07
2.47013E-06		1.52002E-07
2.47467E-06		1.88586E-08
2.47921E-06		3.88648E-08
2.48375E-06		1.7274E-07
2.48829E-06		1.57822E-07
2.49283E-06		2.33771E-08
2.49737E-06		3.31903E-08
2.50191E-06		1.68031E-07
2.50645E-06		1.63373E-07
2.511E-06		2.83532E-08
2.51554E-06		2.78492E-08
2.52008E-06		1.62826E-07
2.52462E-06		1.68456E-07
2.52916E-06		3.36959E-08
2.5337E-06		2.29478E-08
2.53824E-06		1.57334E-07
2.54278E-06		1.73224E-07
2.54732E-06		3.94499E-08
2.55186E-06		1.84346E-08
2.5564E-06		1.51373E-07
2.56094E-06		1.77424E-07
2.56548E-06		4.54736E-08
2.57002E-06		1.4416E-08
2.57456E-06		1.45219E-07
2.5791E-06		1.81296E-07
2.58364E-06		5.18711E-08
2.58818E-06		1.08414E-08
2.59272E-06		1.38661E-07
2.59726E-06		1.84536E-07
2.6018E-06		5.8456E-08
2.60634E-06		7.79779E-09
2.61088E-06		1.31978E-07
2.61542E-06		1.87393E-07
2.61996E-06		6.53305E-08
2.6245E-06		5.25026E-09
2.62904E-06		1.25002E-07
2.63358E-06		1.89626E-07
2.63812E-06		7.23338E-08
2.64266E-06		3.247E-09
2.6472E-06		1.1792E-07
2.65174E-06		1.9139E-07
2.65628E-06		7.95235E-08
2.66082E-06		1.78208E-09
2.66536E-06		1.1068E-07
2.6699E-06		1.92558E-07
2.67444E-06		8.67768E-08
2.67898E-06		8.69322E-10
2.68352E-06		1.03386E-07
2.68806E-06		1.93211E-07
2.6926E-06		9.41259E-08
2.69714E-06		5.18246E-10
2.70168E-06		9.60184E-08
2.70622E-06		1.93242E-07
2.71076E-06		1.01439E-07
2.7153E-06		7.22648E-10
2.71984E-06		8.87178E-08
2.72438E-06		1.92825E-07
2.72892E-06		1.0881E-07
2.73346E-06		1.49292E-09
2.738E-06		8.13715E-08
2.74255E-06		1.91691E-07
2.74709E-06		1.15989E-07
2.75163E-06		2.80265E-09
2.75617E-06		7.42339E-08
2.76071E-06		1.90192E-07
2.76525E-06		1.23205E-07
2.76979E-06		4.67957E-09
2.77433E-06		6.71139E-08
2.77887E-06		1.8798E-07
2.78341E-06		1.30138E-07
2.78795E-06		7.07036E-09
2.79249E-06		6.02505E-08
2.79703E-06		1.85363E-07
2.80157E-06		1.36965E-07
2.80611E-06		1.00033E-08
2.81065E-06		5.35533E-08
2.81519E-06		1.82158E-07
2.81973E-06		1.43501E-07
2.82427E-06		1.34233E-08
2.82881E-06		4.71329E-08
2.83335E-06		1.78514E-07
2.83789E-06		1.49825E-07
2.84243E-06		1.73488E-08
2.84697E-06		4.09712E-08
2.85151E-06		1.74324E-07
2.85605E-06		1.55764E-07
2.86059E-06		2.17063E-08
2.86513E-06		3.51802E-08
2.86967E-06		1.69782E-07
2.87421E-06		1.61461E-07
2.87875E-06		2.65423E-08
2.88329E-06		2.96947E-08
2.88783E-06		1.64704E-07
2.89237E-06		1.66669E-07
2.89691E-06		3.17395E-08
2.90145E-06		2.46477E-08
2.90599E-06		1.5934E-07
2.91053E-06		1.71587E-07
2.91507E-06		3.73614E-08
2.91961E-06		1.99829E-08
2.92415E-06		1.53518E-07
2.92869E-06		1.75967E-07
2.93323E-06		4.32841E-08
2.93777E-06		1.57947E-08
2.94231E-06		1.4745E-07
2.94685E-06		1.79977E-07
2.95139E-06		4.95622E-08
2.95593E-06		1.20532E-08
2.96047E-06		1.41017E-07
2.96501E-06		1.83425E-07
2.96955E-06		5.60766E-08
2.9741E-06		8.8244E-09
2.97864E-06		1.34397E-07
2.98318E-06		1.86447E-07
2.98772E-06		6.2865E-08
2.99226E-06		6.0913E-09
2.9968E-06		1.27488E-07
3.00134E-06		1.88868E-07
3.00588E-06		6.98021E-08
3.01042E-06		3.89894E-09
3.01496E-06		1.20479E-07
3.0195E-06		1.90853E-07
3.02404E-06		7.69656E-08
3.02858E-06		2.23458E-09
3.03312E-06		1.13242E-07
3.03766E-06		1.92174E-07
3.0422E-06		8.41637E-08
3.04674E-06		1.12826E-09
3.05128E-06		1.06003E-07
3.05582E-06		1.93058E-07
3.06036E-06		9.15119E-08
3.0649E-06		5.75499E-10
3.06944E-06		9.86331E-08
3.07398E-06		1.93281E-07
3.07852E-06		9.88215E-08
3.08306E-06		5.81438E-10
3.0876E-06		9.13163E-08
3.09214E-06		1.9304E-07
3.09668E-06		1.06192E-07
3.10122E-06		1.15015E-09
3.10576E-06		8.39782E-08
3.1103E-06		1.92156E-07
3.11484E-06		1.1344E-07
3.11938E-06		2.26971E-09
3.12392E-06		7.67653E-08
3.12846E-06		1.90793E-07
3.133E-06		1.20655E-07
3.13754E-06		3.94668E-09
3.14208E-06		6.9622E-08
3.14662E-06		1.88808E-07
3.15116E-06		1.27666E-07
3.1557E-06		6.15381E-09
3.16024E-06		6.26819E-08
3.16478E-06		1.86377E-07
3.16932E-06		1.3457E-07
3.17386E-06		8.90022E-09
3.1784E-06		5.58985E-08
3.18294E-06		1.83339E-07
3.18748E-06		1.41186E-07
3.19202E-06		1.21419E-08
3.19656E-06		4.93934E-08
3.20111E-06		1.79878E-07
3.20565E-06		1.47617E-07
3.21019E-06		1.58981E-08
3.21473E-06		4.31183E-08
3.21927E-06		1.75848E-07
3.22381E-06		1.53667E-07
3.22835E-06		2.00947E-08
3.23289E-06		3.72066E-08

##### time= 3.236646307e-06, label: 
1.7806E-11		0
4.57613E-09		0
9.13444E-09		0
1.36928E-08		0
1.82512E-08		0
2.27562E-08		0
2.73146E-08		0
3.1873E-08		0
3.64313E-08		0
4.09897E-08		0
4.55481E-08		0
5.01065E-08		0
5.46649E-08		0
5.92233E-08		0
6.37817E-08		0
6.83401E-08		0
7.28984E-08		0
7.72432E-08		0
8.18015E-08		0
8.63599E-08		0
9.09183E-08		0
9.54767E-08		0
1.00035E-07		0
1.04593E-07		0
1.09152E-07		0
1.1371E-07		0
1.18269E-07		0
1.22827E-07		0
1.27385E-07		0
1.31944E-07		0
1.36502E-07		0
1.41061E-07		0
1.45619E-07		0
1.50177E-07		0
1.54736E-07		0
1.59294E-07		0
1.63853E-07		0
1.68411E-07		0
1.72969E-07		0
1.77528E-07		0
1.82086E-07		0
1.86644E-07		0
1.91203E-07		0
1.95761E-07		0
2.0032E-07		0
2.04878E-07		0
2.09436E-07		0
2.13995E-07		0
2.18553E-07		0
2.23112E-07		0
2.2767E-07		0
2.32228E-07		0
2.36787E-07		0
2.41343E-07		0
2.45898E-07		0
2.50452E-07		0
2.55007E-07		0
2.59562E-07		0
2.64117E-07		0
2.68671E-07		0
2.73226E-07		0
2.77781E-07		0
2.82336E-07		0
2.8689E-07		0
2.91445E-07		0
2.95146E-07		0
2.99701E-07		0
3.04255E-07		0
3.0881E-07		0
3.13365E-07		0
3.1792E-07		0
3.22474E-07		0
3.27029E-07		0
3.31584E-07		0
3.36138E-07		0
3.40693E-07		0
3.45248E-07		0
3.49803E-07		0
3.54357E-07		0
3.58912E-07		0
3.63467E-07		0
3.68022E-07		0
3.72576E-07		0
3.77131E-07		0
3.81686E-07		0
3.86241E-07		0
3.90795E-07		0
3.9535E-07		0
3.99905E-07		0
4.0446E-07		0
4.09014E-07		0
4.13569E-07		0
4.18124E-07		0
4.22679E-07		0
4.27233E-07		0
4.31788E-07		0
4.36343E-07		0
4.40898E-07		0
4.45452E-07		0
4.50007E-07		0
4.54562E-07		0
4.59117E-07		0
4.63671E-07		0
4.68226E-07		0
4.72781E-07		0
4.77336E-07		0
4.8189E-07		0
4.86445E-07		0
4.91E-07		0
4.95555E-07		0
5.00109E-07		0
5.04664E-07		0
5.09219E-07		0
5.13774E-07		0
5.18328E-07		0
5.22883E-07		0
5.27438E-07		0
5.31993E-07		0
5.36547E-07		0
5.41102E-07		0
5.45657E-07		0
5.50212E-07		0
5.54766E-07		0
5.59321E-07		0
5.63876E-07		0
5.68431E-07		0
5.72985E-07		0
5.7754E-07		0
5.82095E-07		0
5.8665E-07		0
5.91204E-07		0
5.95759E-07		0
6.00314E-07		0
6.04869E-07		0
6.09423E-07		0
6.13978E-07		0
6.18533E-07		0
6.23088E-07		0
6.27642E-07		0
6.32197E-07		0
6.36752E-07		0
6.41307E-07		0
6.45861E-07		0
6.50416E-07		0
6.54971E-07		0
6.59526E-07		0
6.6408E-07		0
6.68635E-07		0
6.7319E-07		0
6.77745E-07		0
6.82299E-07		0
6.86854E-07		0
6.91409E-07		0
6.95964E-07		0
7.00518E-07		0
7.05073E-07		0
7.09628E-07		0
7.14183E-07		0
7.18737E-07		0
7.23292E-07		0
7.27847E-07		0
7.32402E-07		0
7.36956E-07		0
7.41511E-07		0
7.46066E-07		0
7.50621E-07		0
7.55175E-07		0
7.5973E-07		0
7.64285E-07		0
7.6884E-07		0
7.73394E-07		0
7.77949E-07		0
7.82504E-07		0
7.87059E-07		0
7.91613E-07		0
7.96168E-07		0
8.00723E-07		0
8.05278E-07		0
8.09832E-07		0
8.14387E-07		0
8.18942E-07		0
8.23497E-07		0
8.28051E-07		0
8.32606E-07		0
8.37161E-07		0
8.41716E-07		0
8.4627E-07		0
8.50825E-07		0
8.5538E-07		0
8.59935E-07		0
8.64489E-07		0
8.69044E-07		0
8.73599E-07		0
8.78154E-07		0
8.82708E-07		0
8.87263E-07		0
8.91818E-07		0
8.96373E-07		0
9.00927E-07		0
9.05482E-07		0
9.10037E-07		0
9.14592E-07		0
9.19146E-07		0
9.23701E-07		0
9.28256E-07		0
9.32811E-07		0
9.37365E-07		0
9.4192E-07		0
9.46475E-07		0
9.5103E-07		0
9.55591E-07		0
9.6016E-07		0
9.64729E-07		0
9.69298E-07		0
9.73868E-07		0
9.78437E-07		0
9.83006E-07		0
9.87576E-07		0
9.92145E-07		0
9.96714E-07		0
1.00128E-06		0
1.00585E-06		0
1.01042E-06		0
1.01499E-06		0
1.01956E-06		0
1.02413E-06		0
1.0287E-06		0
1.03327E-06		0
1.03784E-06		0
1.04241E-06		0
1.04698E-06		0
1.05155E-06		0
1.05612E-06		0
1.06068E-06		0
1.06525E-06		0
1.06982E-06		0
1.07439E-06		0
1.07896E-06		0
1.08353E-06		0
1.0881E-06		0
1.09267E-06		0
1.09724E-06		0
1.10181E-06		0
1.10638E-06		0
1.11095E-06		0
1.11552E-06		0
1.12009E-06		0
1.12465E-06		0
1.12922E-06		0
1.13379E-06		0
1.13836E-06		0
1.14293E-06		0
1.1475E-06		0
1.15207E-06		0
1.15664E-06		0
1.16121E-06		0
1.16578E-06		0
1.16692E-06		0
1.17149E-06		0
1.17606E-06		0
1.18063E-06		0
1.1852E-06		0
1.18977E-06		0
1.19434E-06		0
1.19891E-06		0
1.20348E-06		0
1.20804E-06		0
1.21261E-06		0
1.21718E-06		0
1.22175E-06		0
1.22632E-06		0
1.23089E-06		0
1.23546E-06		0
1.24003E-06		0
1.2446E-06		0
1.24917E-06		0
1.25374E-06		0
1.25831E-06		0
1.26288E-06		0
1.26745E-06		0
1.27201E-06		0
1.27658E-06		0
1.28115E-06		0
1.28572E-06		0
1.29029E-06		0
1.29486E-06		0
1.29943E-06		0
1.304E-06		0
1.30857E-06		0
1.31314E-06		0
1.31771E-06		0
1.32228E-06		0
1.32685E-06		0
1.33142E-06		0
1.33598E-06		0
1.34055E-06		0
1.34512E-06		0
1.34969E-06		0
1.35426E-06		0
1.35883E-06		0
1.3634E-06		0
1.36797E-06		0
1.37254E-06		0
1.37711E-06		0
1.38168E-06		0
1.38625E-06		0
1.39082E-06		0
1.39539E-06		0
1.39996E-06		0
1.40452E-06		0
1.40909E-06		0
1.41366E-06		0
1.41823E-06		0
1.4228E-06		0
1.42737E-06		0
1.43194E-06		0
1.43651E-06		0
1.44108E-06		0
1.44565E-06		0
1.45022E-06		0
1.45479E-06		0
1.45936E-06		0
1.46393E-06		0
1.46849E-06		0
1.47306E-06		0
1.47763E-06		0
1.4822E-06		0
1.48677E-06		0
1.49134E-06		0
1.49591E-06		0
1.50048E-06		0
1.50505E-06		0
1.50962E-06		0
1.51419E-06		0
1.51876E-06		0
1.52333E-06		0
1.5279E-06		0
1.53246E-06		0
1.53703E-06		0
1.5416E-06		0
1.54617E-06		0
1.55074E-06		0
1.55531E-06		0
1.55988E-06		0
1.56445E-06		0
1.56902E-06		0
1.57359E-06		0
1.57816E-06		0
1.58273E-06		0
1.5873E-06		0
1.59187E-06		0
1.59644E-06		0
1.601E-06		0
1.60557E-06		0
1.61014E-06		0
1.61471E-06		0
1.61928E-06		0
1.62385E-06		0
1.62842E-06		0
1.63299E-06		0
1.63756E-06		0
1.64213E-06		0
1.6467E-06		0
1.65127E-06		0
1.65584E-06		0
1.66041E-06		0
1.66497E-06		0
1.66954E-06		0
1.67411E-06		0
1.67868E-06		0
1.68325E-06		0
1.68782E-06		0
1.69239E-06		0
1.69696E-06		0
1.70153E-06		0
1.7061E-06		0
1.71067E-06		0
1.71524E-06		0
1.71981E-06		0
1.72438E-06		0
1.72894E-06		0
1.73351E-06		0
1.73808E-06		0
1.74265E-06		0
1.74722E-06		0
1.75179E-06		0
1.75636E-06		0
1.76093E-06		0
1.7655E-06		0
1.77007E-06		0
1.77464E-06		0
1.77921E-06		0
1.78378E-06		0
1.78835E-06		0
1.79291E-06		0
1.79748E-06		0
1.80205E-06		0
1.80662E-06		0
1.81119E-06		0
1.81576E-06		0
1.82033E-06		0
1.8249E-06		0
1.82947E-06		0
1.83404E-06		0
1.83861E-06		0
1.84318E-06		0
1.84775E-06		0
1.85232E-06		0
1.85689E-06		0
1.86145E-06		0
1.86602E-06		0
1.87059E-06		0
1.87516E-06		0
1.87973E-06		0
1.8843E-06		0
1.88887E-06		0
1.89344E-06		0
1.89801E-06		0
1.90258E-06		0
1.90715E-06		0
1.91169E-06		0
1.91623E-06		0
1.92077E-06		0
1.92531E-06		0
1.92985E-06		0
1.93439E-06		0
1.93893E-06		0
1.94347E-06		0
1.94801E-06		0
1.95255E-06		0
1.95709E-06		0
1.96163E-06		0
1.96617E-06		0
1.97071E-06		0
1.97525E-06		0
1.97979E-06		0
1.98433E-06		0
1.98887E-06		0
1.99341E-06		0
1.99795E-06		0
2.00249E-06		0
2.00703E-06		0
2.01157E-06		0
2.01611E-06		0
2.02065E-06		0
2.02519E-06		0
2.02973E-06		0
2.03427E-06		0
2.03881E-06		0
2.04335E-06		0
2.04789E-06		0
2.05244E-06		0
2.05698E-06		0
2.06152E-06		0
2.06606E-06		0
2.0706E-06		0
2.07514E-06		0
2.07968E-06		0
2.08422E-06		0
2.08876E-06		0
2.0933E-06		0
2.09784E-06		0
2.10238E-06		0
2.10692E-06		0
2.11146E-06		0
2.116E-06		0
2.12054E-06		0
2.12508E-06		0
2.12962E-06		0
2.13416E-06		0
2.1387E-06		0
2.14324E-06		0
2.14778E-06		0
2.15232E-06		0
2.15686E-06		0
2.1614E-06		0
2.16594E-06		0
2.17048E-06		0
2.17502E-06		0
2.17956E-06		0
2.1841E-06		0
2.18864E-06		0
2.19318E-06		0
2.19772E-06		0
2.20226E-06		0
2.2068E-06		0
2.21134E-06		0
2.21588E-06		0
2.22042E-06		0
2.22496E-06		0
2.2295E-06		0
2.23404E-06		0
2.23858E-06		0
2.24312E-06		0
2.24766E-06		0
2.2522E-06		0
2.25674E-06		0
2.26128E-06		0
2.26582E-06		0
2.27036E-06		0
2.2749E-06		0
2.27944E-06		0
2.28399E-06		0
2.28853E-06		0
2.29307E-06		0
2.29761E-06		0
2.30215E-06		0
2.30669E-06		0
2.31123E-06		0
2.31577E-06		0
2.32031E-06		0
2.32485E-06		0
2.32939E-06		0
2.33393E-06		0
2.33847E-06		0
2.34301E-06		0
2.34755E-06		0
2.35209E-06		0
2.35663E-06		0
2.36117E-06		0
2.36571E-06		0
2.37025E-06		0
2.37479E-06		0
2.37933E-06		0
2.38387E-06		0
2.38841E-06		0
2.39295E-06		0
2.39749E-06		0
2.40203E-06		0
2.40657E-06		0
2.41111E-06		0
2.41565E-06		0
2.42019E-06		0
2.42473E-06		0
2.42927E-06		0
2.43381E-06		0
2.43835E-06		0
2.44289E-06		0
2.44743E-06		0
2.45197E-06		0
2.45651E-06		0
2.46105E-06		0
2.46559E-06		0
2.47013E-06		0
2.47467E-06		0
2.47921E-06		0
2.48375E-06		0
2.48829E-06		0
2.49283E-06		0
2.49737E-06		0
2.50191E-06		0
2.50645E-06		0
2.511E-06		0
2.51554E-06		0
2.52008E-06		0
2.52462E-06		0
2.52916E-06		0
2.5337E-06		0
2.53824E-06		0
2.54278E-06		0
2.54732E-06		0
2.55186E-06		0
2.5564E-06		0
2.56094E-06		0
2.56548E-06		0
2.57002E-06		0
2.57456E-06		0
2.5791E-06		0
2.58364E-06		0
2.58818E-06		0
2.59272E-06		0
2.59726E-06		0
2.6018E-06		0
2.60634E-06		0
2.61088E-06		0
2.61542E-06		0
2.61996E-06		0
2.6245E-06		0
2.62904E-06		0
2.63358E-06		0
2.63812E-06		0
2.64266E-06		0
2.6472E-06		0
2.65174E-06		0
2.65628E-06		0
2.66082E-06		0
2.66536E-06		0
2.6699E-06		0
2.67444E-06		0
2.67898E-06		0
2.68352E-06		0
2.68806E-06		0
2.6926E-06		0
2.69714E-06		0
2.70168E-06		0
2.70622E-06		0
2.71076E-06		0
2.7153E-06		0
2.71984E-06		0
2.72438E-06		0
2.72892E-06		0
2.73346E-06		0
2.738E-06		0
2.74255E-06		0
2.74709E-06		0
2.75163E-06		0
2.75617E-06		0
2.76071E-06		0
2.76525E-06		0
2.76979E-06		0
2.77433E-06		0
2.77887E-06		0
2.78341E-06		0
2.78795E-06		0
2.79249E-06		0
2.79703E-06		0
2.80157E-06		0
2.80611E-06		0
2.81065E-06		0
2.81519E-06		0
2.81973E-06		0
2.82427E-06		0
2.82881E-06		0
2.83335E-06		0
2.83789E-06		0
2.84243E-06		0
2.84697E-06		0
2.85151E-06		0
2.85605E-06		0
2.86059E-06		0
2.86513E-06		0
2.86967E-06		0
2.87421E-06		0
2.87875E-06		0
2.88329E-06		0
2.88783E-06		0
2.89237E-06		0
2.89691E-06		0
2.90145E-06		0
2.90599E-06		0
2.91053E-06		0
2.91507E-06		0
2.91961E-06		0
2.92415E-06		0
2.92869E-06		0
2.93323E-06		0
2.93777E-06		0
2.94231E-06		0
2.94685E-06		0
2.95139E-06		0
2.95593E-06		0
2.96047E-06		0
2.96501E-06		0
2.96955E-06		0
2.9741E-06		0
2.97864E-06		0
2.98318E-06		0
2.98772E-06		0
2.99226E-06		0
2.9968E-06		0
3.00134E-06		0
3.00588E-06		0
3.01042E-06		0
3.01496E-06		0
3.0195E-06		0
3.02404E-06		0
3.02858E-06		0
3.03312E-06		0
3.03766E-06		0
3.0422E-06		0
3.04674E-06		0
3.05128E-06		0
3.05582E-06		0
3.06036E-06		0
3.0649E-06		0
3.06944E-06		0
3.07398E-06		0
3.07852E-06		0
3.08306E-06		0
3.0876E-06		0
3.09214E-06		0
3.09668E-06		0
3.10122E-06		0
3.10576E-06		0
3.1103E-06		0
3.11484E-06		0
3.11938E-06		0
3.12392E-06		0
3.12846E-06		0
3.133E-06		0
3.13754E-06		0
3.14208E-06		0
3.14662E-06		0
3.15116E-06		0
3.1557E-06		0
3.16024E-06		0
3.16478E-06		0
3.16932E-06		0
3.17386E-06		0
3.1784E-06		0
3.18294E-06		0
3.18748E-06		0
3.19202E-06		0
3.19656E-06		0
3.20111E-06		0
3.20565E-06		0
3.21019E-06		0
3.21473E-06		0
3.21927E-06		0
3.22381E-06		0
3.22835E-06		0
3.23289E-06		0

##### time= 3.236646307e-06, label: 
1.7806E-11		1.22023E-10
4.57613E-09		4.51606E-07
9.13444E-09		2.64628E-07
1.36928E-08		3.61159E-07
1.82512E-08		1.91862E-07
2.27562E-08		2.65164E-07
2.73146E-08		1.96723E-07
3.1873E-08		1.84937E-07
3.64313E-08		2.57765E-07
4.09897E-08		1.96741E-07
4.55481E-08		2.2068E-07
5.01065E-08		1.31519E-07
5.46649E-08		2.12607E-07
5.92233E-08		1.78913E-07
6.37817E-08		2.2543E-07
6.83401E-08		1.67185E-07
7.28984E-08		1.96148E-07
7.72432E-08		1.76592E-07
8.18015E-08		1.80951E-07
8.63599E-08		1.91201E-07
9.09183E-08		1.97285E-07
9.54767E-08		1.86496E-07
1.00035E-07		1.70701E-07
1.04593E-07		1.94746E-07
1.09152E-07		1.81297E-07
1.1371E-07		1.8926E-07
1.18269E-07		1.89527E-07
1.22827E-07		1.85313E-07
1.27385E-07		1.77811E-07
1.31944E-07		1.91001E-07
1.36502E-07		1.84006E-07
1.41061E-07		1.84774E-07
1.45619E-07		1.91384E-07
1.50177E-07		1.79918E-07
1.54736E-07		1.82651E-07
1.59294E-07		1.90813E-07
1.63853E-07		1.83449E-07
1.68411E-07		1.8305E-07
1.72969E-07		1.92149E-07
1.77528E-07		1.80448E-07
1.82086E-07		1.83318E-07
1.86644E-07		1.91642E-07
1.91203E-07		1.8203E-07
1.95761E-07		1.83673E-07
2.0032E-07		1.9107E-07
2.04878E-07		1.80964E-07
2.09436E-07		1.8387E-07
2.13995E-07		1.91692E-07
2.18553E-07		1.80947E-07
2.23112E-07		1.84478E-07
2.2767E-07		1.90933E-07
2.32228E-07		1.80636E-07
2.36787E-07		1.84612E-07
2.41343E-07		1.93032E-07
2.45898E-07		1.80659E-07
2.50452E-07		1.80145E-07
2.55007E-07		1.90716E-07
2.59562E-07		1.81686E-07
2.64117E-07		1.84676E-07
2.68671E-07		1.89674E-07
2.73226E-07		1.83389E-07
2.77781E-07		1.78313E-07
2.82336E-07		1.90948E-07
2.8689E-07		1.86198E-07
2.91445E-07		1.79636E-07
2.95146E-07		1.82907E-07
2.99701E-07		1.89617E-07
3.04255E-07		1.82433E-07
3.0881E-07		1.81265E-07
3.13365E-07		1.91427E-07
3.1792E-07		1.83557E-07
3.22474E-07		1.79823E-07
3.27029E-07		1.89662E-07
3.31584E-07		1.85632E-07
3.36138E-07		1.79668E-07
3.40693E-07		1.88932E-07
3.45248E-07		1.87008E-07
3.49803E-07		1.78813E-07
3.54357E-07		1.87665E-07
3.58912E-07		1.8858E-07
3.63467E-07		1.79328E-07
3.68022E-07		1.85954E-07
3.72576E-07		1.89562E-07
3.77131E-07		1.79793E-07
3.81686E-07		1.84425E-07
3.86241E-07		1.90499E-07
3.90795E-07		1.80783E-07
3.9535E-07		1.82727E-07
3.99905E-07		1.90711E-07
4.0446E-07		1.82221E-07
4.09014E-07		1.81339E-07
4.13569E-07		1.90619E-07
4.18124E-07		1.83702E-07
4.22679E-07		1.80147E-07
4.27233E-07		1.90032E-07
4.31788E-07		1.8543E-07
4.36343E-07		1.79399E-07
4.40898E-07		1.88959E-07
4.45452E-07		1.8698E-07
4.50007E-07		1.79053E-07
4.54562E-07		1.87702E-07
4.59117E-07		1.88491E-07
4.63671E-07		1.79186E-07
4.68226E-07		1.86067E-07
4.72781E-07		1.8959E-07
4.77336E-07		1.79589E-07
4.8189E-07		1.84634E-07
4.86445E-07		1.9071E-07
4.91E-07		1.80451E-07
4.95555E-07		1.83125E-07
5.00109E-07		1.90063E-07
5.04664E-07		1.82593E-07
5.09219E-07		1.81368E-07
5.13774E-07		1.90828E-07
5.18328E-07		1.83265E-07
5.22883E-07		1.80323E-07
5.27438E-07		1.9014E-07
5.31993E-07		1.8528E-07
5.36547E-07		1.79495E-07
5.41102E-07		1.88993E-07
5.45657E-07		1.86957E-07
5.50212E-07		1.78952E-07
5.54766E-07		1.87887E-07
5.59321E-07		1.88317E-07
5.63876E-07		1.79178E-07
5.68431E-07		1.86179E-07
5.72985E-07		1.89561E-07
5.7754E-07		1.79751E-07
5.82095E-07		1.84582E-07
5.8665E-07		1.90341E-07
5.91204E-07		1.80643E-07
5.95759E-07		1.82993E-07
6.00314E-07		1.90749E-07
6.04869E-07		1.82024E-07
6.09423E-07		1.81476E-07
6.13978E-07		1.90628E-07
6.18533E-07		1.83507E-07
6.23088E-07		1.80309E-07
6.27642E-07		1.90145E-07
6.32197E-07		1.852E-07
6.36752E-07		1.79462E-07
6.41307E-07		1.89116E-07
6.45861E-07		1.86802E-07
6.50416E-07		1.79078E-07
6.54971E-07		1.87868E-07
6.59526E-07		1.88305E-07
6.6408E-07		1.79149E-07
6.68635E-07		1.86289E-07
6.7319E-07		1.89475E-07
6.77745E-07		1.79684E-07
6.82299E-07		1.8468E-07
6.86854E-07		1.9036E-07
6.91409E-07		1.80648E-07
6.95964E-07		1.8302E-07
7.00518E-07		1.90721E-07
7.05073E-07		1.81929E-07
7.09628E-07		1.81562E-07
7.14183E-07		1.90695E-07
7.18737E-07		1.83479E-07
7.23292E-07		1.80335E-07
7.27847E-07		1.90143E-07
7.32402E-07		1.85115E-07
7.36956E-07		1.79493E-07
7.41511E-07		1.89205E-07
7.46066E-07		1.86752E-07
7.50621E-07		1.79077E-07
7.55175E-07		1.87905E-07
7.5973E-07		1.88224E-07
7.64285E-07		1.79133E-07
7.6884E-07		1.86399E-07
7.73394E-07		1.89473E-07
7.77949E-07		1.79655E-07
7.82504E-07		1.84723E-07
7.87059E-07		1.90289E-07
7.91613E-07		1.80581E-07
7.96168E-07		1.8312E-07
8.00723E-07		1.90756E-07
8.05278E-07		1.81878E-07
8.09832E-07		1.81604E-07
8.14387E-07		1.9067E-07
8.18942E-07		1.83384E-07
8.23497E-07		1.80395E-07
8.28051E-07		1.902E-07
8.32606E-07		1.85051E-07
8.37161E-07		1.79519E-07
8.41716E-07		1.89242E-07
8.4627E-07		1.86665E-07
8.50825E-07		1.79092E-07
8.5538E-07		1.87994E-07
8.59935E-07		1.88186E-07
8.64489E-07		1.79123E-07
8.69044E-07		1.86444E-07
8.73599E-07		1.89387E-07
8.78154E-07		1.79618E-07
8.82708E-07		1.84838E-07
8.87263E-07		1.9031E-07
8.91818E-07		1.80551E-07
8.96373E-07		1.8315E-07
9.00927E-07		1.90676E-07
9.05482E-07		1.81789E-07
9.10037E-07		1.81705E-07
9.14592E-07		1.9075E-07
9.19146E-07		1.83356E-07
9.23701E-07		1.80418E-07
9.28256E-07		1.90163E-07
9.32811E-07		1.84942E-07
9.37365E-07		1.79568E-07
9.4192E-07		1.8933E-07
9.46475E-07		1.86628E-07
9.5103E-07		1.79104E-07
9.55591E-07		1.85818E-07
9.6016E-07		1.81089E-07
9.64729E-07		2.02999E-07
9.69298E-07		2.10468E-07
9.73868E-07		1.95113E-07
9.78437E-07		1.88824E-07
9.83006E-07		1.91362E-07
9.87576E-07		1.76057E-07
9.92145E-07		2.03155E-07
9.96714E-07		1.90851E-07
1.00128E-06		2.00414E-07
1.00585E-06		1.94743E-07
1.01042E-06		1.84829E-07
1.01499E-06		1.93236E-07
1.01956E-06		1.89256E-07
1.02413E-06		1.9037E-07
1.0287E-06		2.02624E-07
1.03327E-06		1.85325E-07
1.03784E-06		1.97784E-07
1.04241E-06		1.89383E-07
1.04698E-06		1.87076E-07
1.05155E-06		1.98736E-07
1.05612E-06		1.87054E-07
1.06068E-06		1.9643E-07
1.06525E-06		1.9444E-07
1.06982E-06		1.85625E-07
1.07439E-06		1.98813E-07
1.07896E-06		1.86392E-07
1.08353E-06		1.93478E-07
1.0881E-06		1.96853E-07
1.09267E-06		1.85619E-07
1.09724E-06		1.98926E-07
1.10181E-06		1.8844E-07
1.10638E-06		1.90429E-07
1.11095E-06		1.97967E-07
1.11552E-06		1.8512E-07
1.12009E-06		1.98061E-07
1.12465E-06		1.91132E-07
1.12922E-06		1.88417E-07
1.13379E-06		1.9902E-07
1.13836E-06		1.85237E-07
1.14293E-06		1.95982E-07
1.1475E-06		1.93569E-07
1.15207E-06		1.86797E-07
1.15664E-06		1.9961E-07
1.16121E-06		1.86467E-07
1.16578E-06		1.93596E-07
1.16692E-06		1.86867E-07
1.17149E-06		1.9309E-07
1.17606E-06		1.96268E-07
1.18063E-06		1.85294E-07
1.1852E-06		1.99103E-07
1.18977E-06		1.88818E-07
1.19434E-06		1.90654E-07
1.19891E-06		1.97969E-07
1.20348E-06		1.84909E-07
1.20804E-06		1.97846E-07
1.21261E-06		1.91132E-07
1.21718E-06		1.88474E-07
1.22175E-06		1.99131E-07
1.22632E-06		1.85337E-07
1.23089E-06		1.95946E-07
1.23546E-06		1.93527E-07
1.24003E-06		1.8666E-07
1.2446E-06		1.99587E-07
1.24917E-06		1.86527E-07
1.25374E-06		1.93694E-07
1.25831E-06		1.95773E-07
1.26288E-06		1.85415E-07
1.26745E-06		1.99219E-07
1.27201E-06		1.88321E-07
1.27658E-06		1.91313E-07
1.28115E-06		1.97679E-07
1.28572E-06		1.84901E-07
1.29029E-06		1.98102E-07
1.29486E-06		1.9052E-07
1.29943E-06		1.8902E-07
1.304E-06		1.99007E-07
1.30857E-06		1.85177E-07
1.31314E-06		1.96368E-07
1.31771E-06		1.92898E-07
1.32228E-06		1.87068E-07
1.32685E-06		1.99619E-07
1.33142E-06		1.86209E-07
1.33598E-06		1.94208E-07
1.34055E-06		1.95217E-07
1.34512E-06		1.85665E-07
1.34969E-06		1.99442E-07
1.35426E-06		1.8788E-07
1.35883E-06		1.91829E-07
1.3634E-06		1.97215E-07
1.36797E-06		1.84964E-07
1.37254E-06		1.98493E-07
1.37711E-06		1.90003E-07
1.38168E-06		1.89501E-07
1.38625E-06		1.98697E-07
1.39082E-06		1.85042E-07
1.39539E-06		1.96886E-07
1.39996E-06		1.92371E-07
1.40452E-06		1.87459E-07
1.40909E-06		1.99488E-07
1.41366E-06		1.85889E-07
1.41823E-06		1.9479E-07
1.4228E-06		1.94724E-07
1.42737E-06		1.85926E-07
1.43194E-06		1.99498E-07
1.43651E-06		1.87408E-07
1.44108E-06		1.92445E-07
1.44565E-06		1.96837E-07
1.45022E-06		1.85054E-07
1.45479E-06		1.9873E-07
1.45936E-06		1.89441E-07
1.46393E-06		1.90074E-07
1.46849E-06		1.98461E-07
1.47306E-06		1.84953E-07
1.47763E-06		1.97253E-07
1.4822E-06		1.91753E-07
1.48677E-06		1.87943E-07
1.49134E-06		1.99443E-07
1.49591E-06		1.85634E-07
1.50048E-06		1.95259E-07
1.50505E-06		1.94132E-07
1.50962E-06		1.86255E-07
1.51419E-06		1.99632E-07
1.51876E-06		1.87017E-07
1.52333E-06		1.92959E-07
1.5279E-06		1.96314E-07
1.53246E-06		1.85206E-07
1.53703E-06		1.99034E-07
1.5416E-06		1.88948E-07
1.54617E-06		1.90588E-07
1.55074E-06		1.98076E-07
1.55531E-06		1.84907E-07
1.55988E-06		1.97727E-07
1.56445E-06		1.91241E-07
1.56902E-06		1.88374E-07
1.57359E-06		1.99193E-07
1.57816E-06		1.85393E-07
1.58273E-06		1.95849E-07
1.5873E-06		1.93642E-07
1.59187E-06		1.86571E-07
1.59644E-06		1.99573E-07
1.601E-06		1.86609E-07
1.60557E-06		1.93591E-07
1.61014E-06		1.95895E-07
1.61471E-06		1.85369E-07
1.61928E-06		1.99173E-07
1.62385E-06		1.88421E-07
1.62842E-06		1.91193E-07
1.63299E-06		1.97771E-07
1.63756E-06		1.84901E-07
1.64213E-06		1.98027E-07
1.6467E-06		1.90637E-07
1.65127E-06		1.88913E-07
1.65584E-06		1.99065E-07
1.66041E-06		1.85214E-07
1.66497E-06		1.96272E-07
1.66954E-06		1.93027E-07
1.67411E-06		1.86976E-07
1.67868E-06		1.99615E-07
1.68325E-06		1.86275E-07
1.68782E-06		1.94094E-07
1.69239E-06		1.95335E-07
1.69696E-06		1.85611E-07
1.70153E-06		1.99402E-07
1.7061E-06		1.87972E-07
1.71067E-06		1.91712E-07
1.71524E-06		1.97313E-07
1.71981E-06		1.84949E-07
1.72438E-06		1.98422E-07
1.72894E-06		1.90119E-07
1.73351E-06		1.89389E-07
1.73808E-06		1.98755E-07
1.74265E-06		1.85067E-07
1.74722E-06		1.96786E-07
1.75179E-06		1.92492E-07
1.75636E-06		1.8737E-07
1.76093E-06		1.99511E-07
1.7655E-06		1.8595E-07
1.77007E-06		1.94678E-07
1.77464E-06		1.94849E-07
1.77921E-06		1.85857E-07
1.78378E-06		1.99465E-07
1.78835E-06		1.87498E-07
1.79291E-06		1.92329E-07
1.79748E-06		1.96944E-07
1.80205E-06		1.85026E-07
1.80662E-06		1.98651E-07
1.81119E-06		1.89547E-07
1.81576E-06		1.89967E-07
1.82033E-06		1.98535E-07
1.8249E-06		1.84968E-07
1.82947E-06		1.97168E-07
1.83404E-06		1.91884E-07
1.83861E-06		1.87833E-07
1.84318E-06		1.99445E-07
1.84775E-06		1.85684E-07
1.85232E-06		1.95173E-07
1.85689E-06		1.94273E-07
1.86145E-06		1.86172E-07
1.86602E-06		1.99589E-07
1.87059E-06		1.87094E-07
1.87516E-06		1.92864E-07
1.87973E-06		1.96442E-07
1.8843E-06		1.85165E-07
1.88887E-06		1.98965E-07
1.89344E-06		1.89055E-07
1.89801E-06		1.90473E-07
1.90258E-06		1.98153E-07
1.90715E-06		1.84911E-07
1.91169E-06		2.23705E-07
1.91623E-06		1.69105E-07
1.92077E-06		1.79864E-07
1.92531E-06		2.0971E-07
1.92985E-06		1.8771E-07
1.93439E-06		2.01426E-07
1.93893E-06		1.71544E-07
1.94347E-06		1.89894E-07
1.94801E-06		1.98851E-07
1.95255E-06		1.90176E-07
1.95709E-06		1.89251E-07
1.96163E-06		1.76881E-07
1.96617E-06		1.95387E-07
1.97071E-06		1.96214E-07
1.97525E-06		1.86707E-07
1.97979E-06		1.8331E-07
1.98433E-06		1.85791E-07
1.98887E-06		1.9869E-07
1.99341E-06		1.89008E-07
1.99795E-06		1.82607E-07
2.00249E-06		1.86591E-07
2.00703E-06		1.94133E-07
2.01157E-06		1.92721E-07
2.01611E-06		1.82598E-07
2.02065E-06		1.86229E-07
2.02519E-06		1.93445E-07
2.02973E-06		1.91927E-07
2.03427E-06		1.84708E-07
2.03881E-06		1.85177E-07
2.04335E-06		1.93161E-07
2.04789E-06		1.91752E-07
2.05244E-06		1.84958E-07
2.05698E-06		1.8577E-07
2.06152E-06		1.92365E-07
2.06606E-06		1.92165E-07
2.0706E-06		1.84997E-07
2.07514E-06		1.85717E-07
2.07968E-06		1.92275E-07
2.08422E-06		1.91967E-07
2.08876E-06		1.85337E-07
2.0933E-06		1.85404E-07
2.09784E-06		1.92319E-07
2.10238E-06		1.92236E-07
2.10692E-06		1.85461E-07
2.11146E-06		1.852E-07
2.116E-06		1.91981E-07
2.12054E-06		1.92498E-07
2.12508E-06		1.85611E-07
2.12962E-06		1.84945E-07
2.13416E-06		1.91834E-07
2.1387E-06		1.92812E-07
2.14324E-06		1.85962E-07
2.14778E-06		1.84632E-07
2.15232E-06		1.91462E-07
2.15686E-06		1.9299E-07
2.1614E-06		1.86238E-07
2.16594E-06		1.84452E-07
2.17048E-06		1.9117E-07
2.17502E-06		1.9326E-07
2.17956E-06		1.86612E-07
2.1841E-06		1.84255E-07
2.18864E-06		1.90776E-07
2.19318E-06		1.93372E-07
2.19772E-06		1.86953E-07
2.20226E-06		1.84114E-07
2.2068E-06		1.90445E-07
2.21134E-06		1.93538E-07
2.21588E-06		1.87336E-07
2.22042E-06		1.83998E-07
2.22496E-06		1.90044E-07
2.2295E-06		1.93598E-07
2.23404E-06		1.87675E-07
2.23858E-06		1.83918E-07
2.24312E-06		1.89721E-07
2.24766E-06		1.93726E-07
2.2522E-06		1.88085E-07
2.25674E-06		1.83847E-07
2.26128E-06		1.89294E-07
2.26582E-06		1.93701E-07
2.27036E-06		1.88419E-07
2.2749E-06		1.83825E-07
2.27944E-06		1.88972E-07
2.28399E-06		1.93796E-07
2.28853E-06		1.88841E-07
2.29307E-06		1.83813E-07
2.29761E-06		1.88541E-07
2.30215E-06		1.93719E-07
2.30669E-06		1.89173E-07
2.31123E-06		1.83838E-07
2.31577E-06		1.88205E-07
2.32031E-06		1.93735E-07
2.32485E-06		1.89588E-07
2.32939E-06		1.83892E-07
2.33393E-06		1.87798E-07
2.33847E-06		1.93618E-07
2.34301E-06		1.89928E-07
2.34755E-06		1.83968E-07
2.35209E-06		1.87463E-07
2.35663E-06		1.93576E-07
2.36117E-06		1.90329E-07
2.36571E-06		1.84083E-07
2.37025E-06		1.87068E-07
2.37479E-06		1.93405E-07
2.37933E-06		1.90643E-07
2.38387E-06		1.84213E-07
2.38841E-06		1.86745E-07
2.39295E-06		1.93299E-07
2.39749E-06		1.9103E-07
2.40203E-06		1.84385E-07
2.40657E-06		1.86377E-07
2.41111E-06		1.9308E-07
2.41565E-06		1.91324E-07
2.42019E-06		1.84561E-07
2.42473E-06		1.86082E-07
2.42927E-06		1.92921E-07
2.43381E-06		1.91681E-07
2.43835E-06		1.84788E-07
2.44289E-06		1.85748E-07
2.44743E-06		1.92651E-07
2.45197E-06		1.91937E-07
2.45651E-06		1.85012E-07
2.46105E-06		1.85478E-07
2.46559E-06		1.92454E-07
2.47013E-06		1.92267E-07
2.47467E-06		1.85284E-07
2.47921E-06		1.85184E-07
2.48375E-06		1.92134E-07
2.48829E-06		1.92484E-07
2.49283E-06		1.85544E-07
2.49737E-06		1.8495E-07
2.50191E-06		1.91888E-07
2.50645E-06		1.92764E-07
2.511E-06		1.85857E-07
2.51554E-06		1.84703E-07
2.52008E-06		1.91541E-07
2.52462E-06		1.92939E-07
2.52916E-06		1.86155E-07
2.5337E-06		1.84516E-07
2.53824E-06		1.91274E-07
2.54278E-06		1.9319E-07
2.54732E-06		1.86513E-07
2.55186E-06		1.84315E-07
2.5564E-06		1.90874E-07
2.56094E-06		1.9329E-07
2.56548E-06		1.8682E-07
2.57002E-06		1.8418E-07
2.57456E-06		1.90586E-07
2.5791E-06		1.93504E-07
2.58364E-06		1.87211E-07
2.58818E-06		1.84034E-07
2.59272E-06		1.90164E-07
2.59726E-06		1.93549E-07
2.6018E-06		1.87541E-07
2.60634E-06		1.83946E-07
2.61088E-06		1.8985E-07
2.61542E-06		1.93692E-07
2.61996E-06		1.87941E-07
2.6245E-06		1.83865E-07
2.62904E-06		1.89442E-07
2.63358E-06		1.93708E-07
2.63812E-06		1.88292E-07
2.64266E-06		1.83828E-07
2.6472E-06		1.89086E-07
2.65174E-06		1.93765E-07
2.65628E-06		1.8869E-07
2.66082E-06		1.83811E-07
2.66536E-06		1.88692E-07
2.6699E-06		1.93746E-07
2.67444E-06		1.89049E-07
2.67898E-06		1.83821E-07
2.68352E-06		1.88328E-07
2.68806E-06		1.93738E-07
2.6926E-06		1.89446E-07
2.69714E-06		1.83865E-07
2.70168E-06		1.87928E-07
2.70622E-06		1.93639E-07
2.71076E-06		1.89788E-07
2.7153E-06		1.83935E-07
2.71984E-06		1.87593E-07
2.72438E-06		1.93623E-07
2.72892E-06		1.90207E-07
2.73346E-06		1.8404E-07
2.738E-06		1.87174E-07
2.74255E-06		1.9342E-07
2.74709E-06		1.90494E-07
2.75163E-06		1.84155E-07
2.75617E-06		1.86883E-07
2.76071E-06		1.93374E-07
2.76525E-06		1.90919E-07
2.76979E-06		1.8432E-07
2.77433E-06		1.86489E-07
2.77887E-06		1.93131E-07
2.78341E-06		1.91204E-07
2.78795E-06		1.8449E-07
2.79249E-06		1.8619E-07
2.79703E-06		1.92987E-07
2.80157E-06		1.91558E-07
2.80611E-06		1.84703E-07
2.81065E-06		1.85859E-07
2.81519E-06		1.92743E-07
2.81973E-06		1.91838E-07
2.82427E-06		1.84923E-07
2.82881E-06		1.85573E-07
2.83335E-06		1.92533E-07
2.83789E-06		1.92161E-07
2.84243E-06		1.85185E-07
2.84697E-06		1.85275E-07
2.85151E-06		1.92229E-07
2.85605E-06		1.92386E-07
2.86059E-06		1.85436E-07
2.86513E-06		1.8504E-07
2.86967E-06		1.92003E-07
2.87421E-06		1.9269E-07
2.87875E-06		1.85753E-07
2.88329E-06		1.84775E-07
2.88783E-06		1.91646E-07
2.89237E-06		1.92856E-07
2.89691E-06		1.86039E-07
2.90145E-06		1.84583E-07
2.90599E-06		1.91379E-07
2.91053E-06		1.93115E-07
2.91507E-06		1.86385E-07
2.91961E-06		1.84377E-07
2.92415E-06		1.91001E-07
2.92869E-06		1.93245E-07
2.93323E-06		1.86701E-07
2.93777E-06		1.84226E-07
2.94231E-06		1.90695E-07
2.94685E-06		1.93436E-07
2.95139E-06		1.87073E-07
2.95593E-06		1.84078E-07
2.96047E-06		1.90305E-07
2.96501E-06		1.93522E-07
2.96955E-06		1.87417E-07
2.9741E-06		1.83974E-07
2.97864E-06		1.89976E-07
2.98318E-06		1.93656E-07
2.98772E-06		1.87805E-07
2.99226E-06		1.83886E-07
2.9968E-06		1.89567E-07
3.00134E-06		1.93682E-07
3.00588E-06		1.88146E-07
3.01042E-06		1.83838E-07
3.01496E-06		1.89234E-07
3.0195E-06		1.93777E-07
3.02404E-06		1.88563E-07
3.02858E-06		1.83807E-07
3.03312E-06		1.88806E-07
3.03766E-06		1.93725E-07
3.0422E-06		1.88903E-07
3.04674E-06		1.83811E-07
3.05128E-06		1.88469E-07
3.05582E-06		1.9376E-07
3.06036E-06		1.89314E-07
3.0649E-06		1.83842E-07
3.06944E-06		1.88058E-07
3.07398E-06		1.93664E-07
3.07852E-06		1.89654E-07
3.08306E-06		1.83904E-07
3.0876E-06		1.87713E-07
3.09214E-06		1.93635E-07
3.09668E-06		1.9006E-07
3.10122E-06		1.83995E-07
3.10576E-06		1.87321E-07
3.1103E-06		1.93492E-07
3.11484E-06		1.90392E-07
3.11938E-06		1.84107E-07
3.12392E-06		1.86988E-07
3.12846E-06		1.93397E-07
3.133E-06		1.90774E-07
3.13754E-06		1.84256E-07
3.14208E-06		1.86617E-07
3.14662E-06		1.93199E-07
3.15116E-06		1.91081E-07
3.1557E-06		1.84423E-07
3.16024E-06		1.86302E-07
3.16478E-06		1.93063E-07
3.16932E-06		1.91445E-07
3.17386E-06		1.84625E-07
3.1784E-06		1.85963E-07
3.18294E-06		1.92814E-07
3.18748E-06		1.91724E-07
3.19202E-06		1.84834E-07
3.19656E-06		1.85679E-07
3.20111E-06		1.92621E-07
3.20565E-06		1.9206E-07
3.21019E-06		1.8509E-07
3.21473E-06		1.85366E-07
3.21927E-06		1.92318E-07
3.22381E-06		1.9229E-07
3.22835E-06		1.85338E-07
3.23289E-06		1.85124E-07
