
##### time= 3.236646307e-06, label: 
0.122431		106207
0.106823		-130304
0.188096		-171817
0.178906		-59916.3
0.166418		-3678.16
0.00324887		15741.1
0.211345		106381
0.0860189		95694.1
0.029774		162926
0.0799061		128504
0.129943		-110327
0.156777		151616
0.154398		75015.8
0.0344964		-141034
0.0929829		-243899
0.116516		11353.9
0.00871907		161845
0.0687477		-9493.92
0.145758		143418
0.0642507		-28778.8
0.153474		-46221.2
0.204549		-95391.6
0.0197292		-24695.9
0.105207		78149.5
0.197693		1989.66
0.0991776		284541
0.189248		40910.6
0.186265		-253418
0.175975		-79333.6
0.185029		119264
0.102512		146342
0.135078		-223591
0.124718		91968.7
0.0297543		-97456.8
0.144046		17754.6
0.20606		142929
0.081374		166423
0.155529		-64360.6
0.0491792		-109129
0.202857		-65545.2
0.140687		116840
0.0587815		-239047
0.0812151		108581
0.0899765		-227772
0.152058		-128670
0.215878		-134457
0.0795959		109967
0.00832628		78403.4
0.121628		84871.5
0.111778		63176.8
0.031402		3466.53
0.0281524		-47652.1
0.111191		135147
0.179838		45482.7
0.0259936		-56086.2
0.0570752		134546
0.136492		217553
0.138525		70591.7
0.00452874		42025.2
0.146327		114336
0.0148382		-26158.3
0.0110393		37215.8
0.101114		130380
0.216428		15557.9
0.0387074		-203230
0.1724		-150694
0.150498		138456
0.160107		-117351
0.130206		-133308
0.0418271		-49605.3
0.0882947		291408
0.162871		-57240.2
0.222667		194645
0.0135611		-105608
0.0626937		-108391
0.0883857		66145
0.214456		153724
0.133325		36680.4
0.177346		-208013
0.0111985		171332
0.16394		-52068.9
0.0700596		279466
0.0600195		-131187
0.0561498		-62420.9
0.128748		8103.03
0.0755486		16134.4
0.149928		17752
0.190491		105949
0.017964		34869
0.0355148		-339191
0.113023		-109442
0.19796		63962.6
0.0906755		132817
0.050464		127652
0.0602983		332826
0.103191		-165392
0.143422		-139522
0.041314		-23395.1
0.0693599		-224266
0.0882186		163099
0.171328		-51811.3
0.0151507		-257055
0.0679812		-145328
0.192622		-37449.6
0.0267728		-17336.1
0.122961		-83714.2
0.105461		145746
0.0847032		-83378.3
0.192336		123152
0.200149		1947.25
0.223813		31613.8
0.0590119		53894.9
0.0699273		94360.3
0.202682		53577.7
0.150948		233679
0.059928		-92215.1
0.0408189		-50801
0.134508		198243
0.16258		-49232.1
0.155561		-178145
0.215581		88945.3
0.158957		-199880
0.0556446		179282
0.0771549		-95034.8
0.0765646		41495.4
0.0164779		141375
0.0242094		80786.4
0.156037		-82640.9
0.0833482		-87110
0.162884		12417.7
0.0218701		-60463
0.150507		-78515.1
0.0820504		-48083.6
0.0905272		-61134.2
0.21157		24350.8
0.130238		-135171
0.0927059		-88942.6
0.116199		242928
0.103642		90911.1
0.086833		166846
0.161089		2704.94
0.0852746		62315.6
0.132444		76371.2
0.10115		-62731.8
0.154319		-53293.3
0.113549		164330
0.0168576		-151426
0.0907289		-270010
0.117329		72869.7
0.19959		22046.9
0.020848		62252.3
0.189239		186631
0.200483		-6892.71
0.0949804		-297296
0.0668589		-36357.6
0.0161101		163542
0.106321		-163831
0.165149		95033.5
0.15031		85764.7
0.169776		-154104
0.0957147		40156.3
0.148768		63506.9
0.0839902		135474
0.123079		-203482
0.0174207		95842
0.101685		-48435.8
0.135843		217025
0.104888		11999.4
0.198461		-57594.3
0.00917533		-119458
0.120208		-5617.4
0.128486		79098.9
0.198481		18339.2
0.0100783		-155114
0.0631088		-143742
0.193151		-2656.57
0.0497873		279789
0.232014		101791
0.122455		20149.9
0.199923		121263
0.0831568		94363.5
0.162465		-98016.1
0.0907992		-103156
0.0855028		-201634
0.170989		14634.2
0.018878		-91790.7
0.189751		236313
0.0400741		-176538
0.0769141		-49926.3
0.114174		141556
0.0700275		89854.8
0.0173079		41914.1
0.136424		-71057.5
0.160296		-317416
0.0615712		-65224.9
0.158473		271650
0.0530981		-112019
0.184355		51063.5
0.216902		136160
0.0211774		115741
0.0824219		-137133
0.147939		-66337.2
0.179368		12962.6
0.170649		92508.7
0.0537871		-106057
0.0250882		-188793
0.0982164		113954
0.0921624		-207212
0.0361072		169054
0.0568629		121107
0.13481		-185183
0.0215032		160803
0.0992235		148139
0.0792958		-106378
0.0898056		181161
0.142159		-226707
0.094445		135598
0.181288		193032
0.0312478		25129.7
0.123143		-197969
0.185091		-158836
0.0933694		-114877
0.101048		45830.4
0.136007		-281095
0.02564		117667
0.0318203		-118251
0.114526		-33093.9
0.0803136		-15611.1
0.176662		120162
0.0539957		-3421.86
0.204055		18770.8
0.0578243		-61404.2
0.0166598		-236603
0.179381		24862.8
0.173441		-45909.6
0.0992815		-72650.5
0.145239		-20478.8
0.0963331		70224
0.156779		-84895
0.129963		-85784.3
0.140897		-232000
0.208501		-60980.7
0.15228		-64713.6
0.133686		-30383.8
0.0635137		82998.3
0.0776337		181341
0.0695448		-161744
0.0845136		76920
0.153603		-131924
0.209721		99077.8
0.0942023		-151398
0.216271		6836.75
0.204897		-147984
0.220768		9250.87
0.126869		-108259
0.180838		-200715
0.197569		-134660
0.0532904		104496
0.168305		-277055
0.137195		-51686.2
0.0119553		140070
0.140401		-30131.1
0.0838484		-67450.8
0.210496		110779
0.0738722		5519.12
0.131409		-193566
0.208533		-218647
0.19115		-66080.8
0.101985		-16431.7
0.195454		84034.2
0.143074		64705.2
0.015658		-24317.1
0.0855986		-160620
0.080194		54023.6
0.0215416		238189
0.0249441		-197733
0.0287659		-8556.77
0.184198		153517
0.119067		-186485
0.191931		8562.23
0.172224		-84394.8
0.18791		-161568
0.183863		110927
0.0896369		-203035
0.187573		-1679.1
0.042713		41150.6
0.0121221		-34213.6
0.0531592		88525.1
0.0871849		-174514
0.0977212		121882
0.172083		-77819.5
0.0636704		-32396.4
0.19713		248414
0.0271057		-206318
0.066239		126047
0.129191		-113176
0.118531		-157409
0.170385		164522
0.0278395		21980
0.101335		20726.7
0.0535862		142942
0.176167		80268.4
0.105094		-87739.7
0.0924069		-228592
0.126174		-35597.9
0.181073		-108134
0.107693		95315
0.197322		49484.8
0.073179		98131.3
0.0489921		81943.7
0.0922073		123497
0.151807		-130582
0.0323118		161020
0.131813		37403.6
0.0177438		-50525.3
0.0283309		141003
0.0149015		182660
0.0923879		-133606
0.189799		34378.5
0.176735		-178550
0.0133102		129767
0.0518727		-162080
0.168136		-60524.5
0.113581		301867
0.097761		-69617.7
0.195169		-228953
0.141097		-6416.49
0.168785		-130869
0.117702		-125890
0.075022		6030.19
0.0669569		35074.8
0.112762		-200023
0.199034		-99440.4
0.15507		-8884.58
0.113965		-16202.4
0.129517		-245119
0.150999		-56021.1
0.0294478		189426
0.0228862		-98287.1
0.0294909		-85774.9
0.12242		-116362
0.0391998		-46558.8
0.213475		-15749.9
0.217481		-204191
0.0586464		174993
0.0151448		46148.7
0.213384		13972.4
0.200818		1849
0.0869463		-119803
0.138103		168230
0.128875		74127.3
0.211796		261080
0.0970227		-51387.9
0.199636		-131328
0.137635		82735.7
0.0876417		12814.8
0.0418799		-128734
0.0600164		-52753.8
0.101973		159573
0.102239		136505
0.124357		2502.05
0.180348		46087
0.108327		155171
0.066857		-97019.4
0.0837449		-238430
0.227991		18275.5
0.03313		81469.6
0.135223		-218656
0.123846		115966
0.0795652		41421.6
0.0620008		105639
0.082299		125386
0.0329799		-60170.2
0.151904		-211078
0.0858595		160665
0.0602264		-33222.3
0.215244		125517
0.0575459		-51155.3
0.0979346		-28397.7
0.110824		-18867.7
0.0316253		-244539
0.145399		5542.62
0.131744		-111069
0.0601402		-104411
0.207239		-91704.6
0.190801		49150.7
0.211163		-56865.6
0.149793		-121559
0.135119		23214.4
0.104493		-153816
0.16752		-30451.1
0.0953928		-80977.2
0.0616015		-62920.7
0.049477		88773.5
0.0827102		53012.5
0.0631065		168188
0.0397733		-313987
0.231231		36686.8
0.0979483		70450.7
0.00903939		-127750
0.0467792		-41697.4
0.19941		-295973
0.0823238		-8115.4
0.058785		-160729
0.0940417		2730.31
0.193447		89928.3
0.176796		186991
0.014827		-40882.9
0.150742		-65497
0.160071		-8188.15
0.0853441		-108408
0.0217436		107117
0.199091		-7157.47
0.112387		236088
0.114728		-44409.2
0.186221		54897.7
0.0500729		79349.4
0.0727986		25476.6
0.190444		239960
0.0695159		-74423.6
0.181993		-114459
0.0780342		-45521.5
0.0596159		-57769.7
0.114011		-96820.3
0.173035		-108173
0.0184376		-183618
0.0282859		-202835
0.188863		76212
0.1272		175050
0.107288		-162364
0.178718		-31871.8
0.161967		-86666.9
0.04679		97420.4
0.174822		157296
0.0779294		9507.54
0.11389		153159
0.0634167		-175148
0.132534		90570.5
0.106848		-104107
0.0915334		-139774
0.223335		197240
0.0505216		-11134.6
0.174008		-293981
0.183908		6719.79
0.045755		-15707.7
0.181589		-27488.6
0.148013		113197
0.23079		96292.7
0.0441151		-14502.2
0.0793398		-23241.1
0.18899		-148583
0.017343		82175.5
0.0599531		-244077
0.00259671		-130919
0.107825		-178982
0.194522		165583
0.199536		-131951
0.141835		-199575
0.069481		99730.5
0.220567		-156911
0.0967887		9532.1
0.15682		-97375.8
0.196426		119092
0.111991		86376.1
0.184607		-213753
0.144636		-44303.8
0.206006		-114167
0.175848		132797
0.066777		192167
0.00784332		238513
0.0375279		15234.8
0.0974768		-24205.7
0.186029		-222705
0.0301239		218155
0.120602		-22814.1
0.228613		-114283
0.0558064		133978
0.107816		-96114.8
0.118735		44332.4
0.059383		-21451.8
0.218618		144868
0.0459644		136484
0.0661117		-42143.2
0.217321		67296.8
0.211644		-135679
0.165361		-35737.9
0.184625		19533.2
0.0158987		73578.2
0.0630741		-196415
0.0318854		-89637.2
0.0362684		-87920.8
0.053378		57226.8
0.105446		-325010
0.0495879		-78562.8
0.0547896		216146
0.222733		111967
0.0540434		17978.3
0.153367		79909.5
0.0698231		-87468.4
0.223395		-262002
0.0596513		156263
0.00969013		27435.4
0.00350202		6357.44
0.207765		-6090.28
0.18367		140544
0.0689259		54291.9
0.0574426		271191
0.139712		-156805
0.128931		-163941
0.129854		64672.7
0.190588		163656
0.0584645		-43950.5
0.15296		-8272.68
0.127867		63142.7
0.138361		152341
0.210817		172292
0.133127		283431
0.168786		-61334.6
0.138165		-109920
0.0935533		-124891
0.152417		58443.1
0.0132673		-124058
0.125758		-43182.3
0.179764		-12775.7
0.115835		16731
0.161459		-94452.6
0.0735163		-46510.8
0.0808055		101643
0.17857		-221558
0.0242171		-162465
0.0707949		94978.1
0.0805517		201141
0.226995		149806
0.198185		20367.2
0.0964747		87870.9
0.0424325		228961
0.0152513		147253
0.11478		165003
0.22899		-69558.2
0.0811415		112740
0.00969458		-66895
0.196178		115544
0.146431		-185387
0.0575457		72786.4
0.0968327		-47336.3
0.102924		338456
0.0972414		-170031
0.0393365		143300
0.0301291		-48508.3
0.0886876		278563
0.0564415		-86170.1
0.09844		145679
0.0579172		-198794
0.224279		-205590
0.0453762		-228589
0.143038		34758.8
0.190513		-71058.5
0.136591		4650.55
0.158506		-27324.8
0.107348		64753.8
0.157242		-117220
0.0504668		116327
0.177357		12375.6
0.178429		-42115
0.202943		-46909
0.0871346		-270508
0.124982		86599.5
0.025503		-183891
0.226236		-62328.8
0.1174		-115355
0.201027		-41827
0.199106		-96896.4
0.144481		61378.3
0.164361		122403
0.158262		-37260.5
0.124943		-220648
0.188031		14686.4
0.00711757		-120997
0.203824		-233152
0.20337		51624.1
0.078232		267213
0.193045		195114
0.0481006		-258337
0.064828		239487
0.0163638		156109
0.0705984		227163
0.179143		99753.2
0.192249		4263.14
0.0431416		-23658.2
0.138275		-106682
0.226619		93350.8
0.207591		-10813.8
0.0648175		-159114
0.178982		58141.3
0.13549		94648.1
0.0663263		-176612
0.100598		3960.46
0.229903		8576.33
0.116404		-133625
0.205121		44295.5
0.162737		234676
0.0115148		-282942
0.0919864		-43733.6
0.107311		-38537.7
0.0247018		-37212.8
0.193495		-130590
0.147236		-96474.3
0.125779		133283
0.149854		-20082.7
0.00920674		-41475.9
0.0720681		171111
0.0529797		355.731
0.0302656		-70438.5
0.121041		15716.1
0.0208401		232355
0.222935		-209489
0.0726038		53204.2
0.119819		52689.3
0.0154975		210588
0.0615612		11722
0.136704		-64165.5
0.0332443		17515.7
0.211347		-104635
0.145254		102720
0.207401		-18643.4
0.078965		27949.1
0.0825808		-30848.2
0.0164313		-25327.8
0.193742		227290
0.0240611		123056
0.120139		19604.9
0.127076		-279036
0.0251668		36409.2
0.0734202		66261.3
0.0283592		64346.2
0.133521		82818.8
0.141929		-149296
0.0343488		186265
0.0666057		79984.4
0.223579		-119194
0.0214201		-32175.4
0.151349		156247
0.167855		97048.2
0.136623		-108621
0.149407		20677.5
0.084699		-29900.6
0.123446		-42126.2
0.0241677		-80077
0.0623669		-64152.4
0.161907		32220.8
0.0226713		-22850.3
0.223056		-104245
0.155514		-83131
0.17382		76347
0.0371099		261358
0.167476		-219018
0.126118		34862.5
0.0494624		93450.4
0.0597147		-62416.3
0.102364		137788
0.213551		50803.5
0.178117		119199
0.166473		277752
0.0894964		53692.1
0.176457		-104452
0.101137		-32469.6
0.0980624		-120864
0.147056		-139526
0.0750659		93601.6
0.225424		80136.4
0.0950065		51822.9
0.0243252		-68622.7
0.229278		17330.6
0.0224404		8458.82
0.0159159		16940
0.0240018		170538
0.0540731		120890
0.145829		18801.9
0.0407588		-10535.5
0.0335073		-109364
0.148794		17212.5
0.0124294		-119039
0.147855		64408.2
0.0447556		107476
0.10859		302108
0.0465354		124672
0.0327436		-197337
0.215706		-12563
0.137405		38170
0.171831		46138.6
0.0270301		-24734.6
0.0451561		176322
0.225805		-177882
0.191021		-331552
0.126479		-134517
0.120546		-137533
0.0430179		-176122
0.0777877		-95432.8
0.0911128		52252.8
0.0895031		-97368.9
0.0203707		122801
0.180136		-184988
0.189427		-49262.6
0.0919444		279890
0.0615787		122062
0.0815197		-119832
0.221356		-155586
0.107545		282982
0.00741579		52468.7
0.117508		-81545.5
0.0898693		-174281
0.180867		47656.1
0.120736		-277987
0.107717		152248
0.139922		-137117
0.228045		-20671.2
0.154161		195202
0.138008		-127024
0.0150196		-174110
0.13633		107630
0.120876		-296551
0.0504632		214219
0.0214947		65681.1
0.0100569		209356
0.0490834		-4009.73
0.105819		26896.1
0.12307		-251435
0.0773922		-100679
0.107444		-50205.5
0.0271137		5103.24
0.169301		101209
0.134614		-42211.7
0.143164		16710.4
0.21776		-205681
0.115602		-272693
0.0609012		193664
0.108829		-91033.2
0.21585		-92460.4
0.0696841		168096
0.0533068		24079.2
0.1101		261886
0.206084		-147167
0.0408518		-129045
0.156426		-98962.6
0.0322533		-90390.9
0.0224916		-133386
0.0993947		-139269
0.143696		75964.1
0.153219		217830
0.153018		91238.7
0.0875379		149492
0.0351189		-17019.3
0.0845803		143625
0.0789582		138536
0.193032		-6070.29
0.157763		140550
0.0335826		-29827.1
0.11379		38387.5
0.157389		27059.9
0.144952		74955.8
0.0926368		41971.2
0.201702		-224109
0.197699		-57767.3
0.207114		133637
0.209609		8998.72
0.172549		-46689.8
0.0120734		128093
0.172693		110748
0.111407		-17121
0.178078		-139929
0.193991		-264511
0.216815		49575.6
0.114566		54671.2
0.0780596		129413
0.00678902		3904.46
0.0439768		57943.2
0.0293476		198571
0.204783		30526.8
0.142593		162252
0.205597		-124709
0.16404		-45806.6
0.0898766		-25480.2
0.212609		22305.5
0.0850905		63374.6
0.0499531		-58996.1
0.141191		-3484.9
0.154838		-15111.8
0.145857		-65427.1
0.0800115		-30424.5
0.0744912		-28280.8
0.0251089		-225257
0.105468		30339.6
0.104289		-110995
0.186782		168224
0.0921707		4267.67
0.0122365		-3053.01
0.0257915		-3974.49
0.201217		59925.4
0.125507		228480
0.133041		88679.2
0.0747275		123494
0.182508		3316.42
0.116273		-27349.5
0.0365035		-195975
0.147032		115024
0.130633		-12796.4
0.189458		117884
0.208655		5014.6
0.183987		145676
0.136298		73766.3
0.199228		216772
0.220129		78625.9
0.224517		42165.8
0.193419		-320784
0.0815825		132789
0.220029		-92069.3
0.069487		-56887.6
0.0639459		42455.3
0.08618		-73671.7
0.123393		42424
0.105145		192943
0.04674		-210704
0.0912934		71593
0.133177		174960
0.170311		7293.98
0.114469		-38633
0.0698894		145670
0.182881		31183.1
0.107327		218125
0.168		-177134
0.0227247		24740.3
0.162943		-28719.3
0.202144		-38132.8
0.199851		-104656
0.130605		21207.9
0.0662041		24640.3
0.0908618		-239507
0.0932095		40557.5
0.171894		187944
0.140082		203153
0.0709233		-58631.6
0.0861815		279372
0.195048		-179870
0.0140111		-98602.1
0.0447228		-155103
0.204581		80282.4
0.0227257		18907.3
0.0792166		-166190
0.226163		-38245.3
0.177481		334040
0.147713		-117859
0.214562		-101135
0.110175		-73585.8
0.197109		5855.74
0.0225735		-33527.3
0.217174		-43775.6
0.0836197		41913.5
0.194835		-14039.1
0.198098		7665.41
0.177155		54808.3
0.0580657		138873
0.124012		139771
0.103243		-142365
0.0288012		-136851
0.0258877		190872
0.0872014		-89404.2
0.166566		130260
0.127156		-154148
0.167141		-225921
0.0154383		-146842
0.109173		-3507.15
0.0905347		-158821
0.165999		65920.6
0.175014		132013
0.0487785		-84991.4
0.219114		284714
0.185127		88994.4
0.0299857		-229350
0.181906		-115589
0.139732		-231870
0.189294		173549
0.119927		130091
0.0646327		147850
0.130702		10901.5
0.10234		-41059.9
0.0222618		-177661
0.104703		-62731.8
0.0714746		73381.3
0.0755568		159598
0.144688		83064.4
0.10021		89683.1
0.167335		44549.3
0.208796		157906
0.122164		-242424
0.161779		-15079
0.169077		-200944
0.0904083		-39117.5
0.0413789		-35330.9
0.0381028		221398
0.199823		93956
0.105493		-143483
0.142512		60127.9
0.0630784		114258
0.0823385		-73340.7
0.083153		-55875.2
0.103243		126976
0.156637		267632
0.178844		-135343
0.196357		245487
0.198222		-44368.9
0.138343		-71612.3
0.181523		-222806
0.223972		-208454
0.0523414		-330270
0.0441781		20465.2
0.10694		-164714
0.130278		199304
0.135144		81500
0.0412285		-13846.6
0.151111		131432
0.210731		-163202
0.219882		-119888
0.00862852		-20904.8
0.0824121		87798.1
0.142273		-32504.1
0.038436		76084.5
0.141517		173396
0.130121		-124683
0.106047		49965
0.00785173		-93538.2
0.142197		-7964.47
0.0955752		40011.7
0.199413		-216421
0.17314		-110305
0.118532		108692
0.201982		131070
0.0543845		-204671
0.0165473		64519.8
0.199986		23631.7
0.0860504		-78041.1
0.113143		192464
0.21132		56116.1
0.132611		54662.9
0.205806		148636
0.140184		-240971
0.180867		78006.4
0.0256825		-341249
0.0431917		60713.7
0.215553		-134494
0.0778725		-164455
0.045656		-141261
0.146683		296514
0.145347		-142371
0.0182585		-17912.5
0.0973164		38923.5
0.125575		101740
0.155626		37196.7
0.0514116		11778.6
0.212052		72312.4
0.0151306		-2449.18
0.204851		-45195.4
0.197442		38525.3
0.195195		-10474
0.0135739		65445.1
0.133828		-9542.02
0.0983231		146068
0.158702		-167912
0.0813794		164002
0.130146		-149550
0.0215759		155323
0.0661969		48589
0.15582		57139
0.0894113		208147
0.0171977		43395.8
0.0140378		-114387
0.117776		-33442
0.157365		24702.7
0.0986868		-22521
0.139148		174082
0.0290694		190103
0.073198		-68140.7
0.175167		128668
0.227145		180128
0.223781		-117493
0.0759685		149559
0.136982		-60984.6
0.146984		17969.9
0.0665265		78279.9
0.203703		62469
0.037743		5090
0.0454384		-56627.4
0.218447		-104924
0.171623		-103534
0.0177423		98931.3
0.055107		51564.7
0.224235		-283826
0.0763259		67811.3
0.192531		-54347.9
0.226677		-27910.5
0.0868181		-83527.2
0.173453		-140080
0.0992126		-132930
0.170693		209226
0.0394946		-204005
0.20765		-134566
0.0753086		-62845.8
0.07804		-130429
0.0274917		-162835
0.128258		40608.1
0.0110803		-23057.4
0.108657		94426.7
0.182362		127508
0.0823671		-135899
0.0816815		-240487
0.0253398		67598.6
0.0473083		-84277.5
0.05357		-70872.1
0.184218		-59758.5
0.17758		-10916.3
0.210904		-268756
0.104057		-4787.79
0.0430261		-70747
0.150634		-205102
0.175465		153604
0.179166		227538
0.191006		145149
0.0244197		-244279
0.15886		-101722
0.0479819		58699.8
0.0368773		30166.7
0.223469		60271.6
0.12417		5885.12
0.220578		89278
0.0378597		42445.2
0.021751		-66752.9
0.228301		167220
0.0427212		-71378.4
0.110648		-40124.7
0.183917		-279799
0.0692996		49124.8
0.208557		211032
0.0445888		-178471
0.132177		212294
0.107209		65865.4
0.161575		845.504
0.159184		-107033
0.125721		-136633
0.0833393		271299
0.0869063		-158347
0.0698757		270078
0.0855889		177356
0.0614591		-200248
0.165845		135614
0.10507		-9971.61
0.104299		57374.3
0.133359		107294
0.221447		233762
0.0810566		-107269
0.0984365		204703
0.205824		89532.4
0.144078		-240111
0.0664469		54027.7
0.0227623		110413
0.085433		-22965.3
0.119951		51167.1
0.169454		-282205
0.126344		-152285
0.0148022		74520.8
0.0222469		-218278
0.111069		-243370
0.112852		-82194.4
0.21386		137421
0.156754		-97448.9
0.130765		-178946
0.177757		-121536
0.120597		111800
0.227197		25869.6
0.0662695		-231679
0.0889488		4961.75
0.0114891		136184
0.111549		-42303.7
0.106879		-24992.3
0.218717		-258081
0.0324093		64177.9
0.211403		-19034
0.108403		-99834.7
0.064399		-58855
0.217456		-476.017
0.0634599		-7625.36
0.188127		26576
0.218788		98437.6
0.147707		-159764
0.191074		-64654.7
0.142101		265095
0.085183		-37376.2
0.0543685		-75313
0.0300288		-54480
0.143714		-48827.6
0.193385		97631
0.090154		-16593.8
0.212618		-257656
0.209098		220469
0.050665		152885
0.15908		161906
0.143795		-312790
0.00801769		-138406
0.0902621		196334
0.101131		-75854.1
0.065186		10975.3
0.13427		-77285.2
0.0479259		-229730
0.0994698		94952
0.198673		-93073.2
0.13779		21346.5
0.110792		186639
0.0719557		310120
0.143696		29022.2
0.137967		150509
0.0379765		-110685
0.186166		-56479.3
0.114742		-210140
0.0416514		74272.3
0.181844		59807.4
0.199647		-84028.3
0.119987		208898
0.114691		-314888
0.0787485		317980
0.20769		133124
0.159322		-80377.8
0.200058		-193320
0.202948		-114559
0.0508667		-252708
0.15528		23859.6
0.156199		-20768.5
0.0263957		-107684
0.180039		198402
0.0488394		-26087.8
0.0792526		-19614.5
0.0200576		54530
0.203337		-110905
0.129873		103203
0.0175277		-110647
0.0319739		-146955
0.157042		-119454
0.217804		-106371
0.223713		20496.5
0.121014		170556
0.0794731		-167916
0.0574285		64866.6
0.131314		31269.7
0.0218921		-201943
0.0212801		74833
0.164221		34793.1
0.0163605		149475
0.149343		78634.7
0.172329		-128173
0.227386		45440.2
0.132129		-77169.6
0.114741		-98394.7
0.0987365		-57112.6
0.165765		34317.5
0.175146		4027.69
0.115212		394299
0.216108		84285.1
0.0146758		4181.41
0.172788		250355
0.161046		76996.5
0.05699		176907
0.176833		47779.2
0.0176916		124044
0.026142		149212
0.156655		-126912
0.105508		-104598
0.162781		220111
0.226408		-8558.34
0.15771		18466.4
0.113129		84719.6
0.103314		-15793.4
0.110469		135539
0.13925		206282
0.0609922		-118131
0.142414		192523
0.0836561		75227.3
0.0729217		-67328.2
0.00460138		231492
0.074574		-205056
0.15482		14985
0.205361		-71739.9
0.033184		-78636.4
0.0127251		96013.9
0.207006		-157060
0.0898957		-174189
0.0608175		95357.7
0.111441		-76041.7
0.179403		99209.1
0.138875		97831.9
0.0735004		194274
0.142252		28045.8
0.0374431		-140580
0.0577218		-111600
0.0837326		-96059.3
0.100525		-294410
0.187265		8288.08
0.0853467		-221938
0.0337987		189992
0.102396		226241
0.0273356		-122348
0.0308887		40950.4
0.0967701		-60410.5
0.213295		64850.7
0.103152		100425
0.016788		93893.5
0.123357		175806
0.224424		20479.3
0.218859		-153469
0.172548		-151232
0.0799201		-68917.5
0.0947891		-69596.9
0.118444		71595.9
0.177463		-34885.3
0.148666		292415
0.137081		-20458.7
0.221125		95629.2
0.0509058		105740
0.0586957		-131498
0.0664593		-180563
0.209088		-45945.9
0.068156		-246248
0.0939253		-175189
0.0865012		-152174
0.12401		196674
0.0119609		117690
0.144719		176964
0.158853		199519
0.200382		872.118
0.0888023		159303
0.054069		183577
0.046594		-163333
0.0301149		124932
0.20011		-115727
0.199725		53877.5
0.160902		358253
0.152121		-36745.9
0.0841434		59612.4
0.0271593		47445.4
0.0683161		-122929
0.18428		163730
0.209952		-121487
0.0612552		-42461
0.0111313		-40254.5
0.138498		38592
0.115599		-62689.1
0.0743431		-224929
0.119101		-15901.6
0.0875997		-24633.6
0.177851		109716
0.0294968		24939.6
0.0848562		122216
0.0198014		89803.1
0.0272082		120733
0.155523		62689.3
0.105169		150920
0.148994		-121784
0.152219		-213863
0.0204483		317898
0.00600472		-129928
0.208068		-42777.8
0.196445		-66350.6
0.18375		-94324.8
0.187074		-25560.8
0.194992		268463
0.217428		-207506
0.148652		-69757.6
0.212043		234999
0.18863		-14659.5
0.128091		223087
0.211108		-285458
0.190013		-274792
0.17449		-28705.6
0.0113542		-46627.8
0.0554149		183137
0.156162		46879.2
0.00976911		62563.7
0.0503468		263501
0.0592604		-140702
0.0975173		22957.5
0.15702		-74177.2
0.0436567		246642
0.0266148		-18557.8
0.0184879		31615.1
0.202763		-12204.9
0.147336		49464.4
0.0987916		-30234.6
0.150875		-157952
0.164378		-118221
0.232753		209303
0.0249741		162518
0.182756		-23314
0.0394256		155096
0.0540834		31536.5
0.108571		-49141.5
0.202534		67156.3
0.156129		-192143
0.0710088		-84684.5
0.208847		-179223
0.133367		23064.3
0.0184569		131362
0.129993		-265718
0.190443		39451.7
0.199233		-8204.79
0.226286		134515
0.207369		-290682
0.0214738		130288
0.149184		39675.9
0.191048		102931
0.19037		-98127.8
0.0107521		257262
0.0389172		1583.01
0.106323		-233963
0.0395191		-197819
0.0416037		-96183.1
0.0740546		153323
0.163173		-87729.4
0.188783		170795
0.0739474		-53183.2
0.0992481		-143908
0.149799		285321
0.206752		181672
0.114492		111319
0.0890779		91622.5
0.110889		-58966.6
0.0986085		-42553
0.0638425		16084
0.0445468		31751.7
0.173241		16674.9
0.145508		-52000.1
0.151467		-83091
0.0750696		74176.1
0.0700974		129445
0.107416		130642
0.0067411		-35415.4
0.137134		167465
0.0156019		-155406
0.0580441		-66153.4
0.210683		-105626
0.0599762		260913
0.169851		-117113
0.145776		14608.5
0.0320202		276779
0.102512		-143395
0.215592		122548
0.0949644		-129385
0.0229824		193854
0.137337		28909.6
0.229215		-109139
0.0267854		-30052.4
0.221088		24212.3
0.132464		135049
0.179676		-81606.4
0.0914329		50553.8
0.0289835		122041
0.030323		37933.2
0.167677		-11429.2
0.0637212		-139792
0.16167		36574.3
0.0923558		58868.1
0.172819		-11664.4
0.0533876		63336.7
0.0853272		-75001.3
0.229149		311.063
0.0127304		12583.3
0.125108		-30515.6
0.032509		41264.5
0.0139824		55573.2
0.0510703		84904.5
0.140233		-151933
0.0115797		-112392
0.207987		11460.2
0.0147129		142949
0.113675		170822
0.092421		-174829
0.056864		284540
0.17786		155924
0.0699917		-93261
0.0963639		-176967
0.110189		195143
0.0811078		82604.1
0.155278		74436
0.0475123		-146562
0.0143542		277858
0.0178842		80404
0.15185		282274
0.19183		60617.2
0.181711		245803
0.161702		-79333.3
0.102625		-83881.7
0.124722		-90685
0.0102454		-91771.7
0.128864		42045.1
0.00441683		-114638
0.20924		49654
0.143694		87479.1
0.159438		140891
0.221096		-25768.2
0.210332		-168909
0.220057		-125268
0.0409631		-191701
0.108039		292035
0.132657		-121668
0.209505		-104196
0.164305		27444.3
0.190081		114569
0.0218422		-57252.7
0.131156		83994.4
0.131172		-115631
0.219008		74709.2
0.0510756		-8244.41
0.150361		-3181.22
0.144586		204095
0.169657		90818.3
0.0375371		-152262
0.163671		-145605
0.128428		39405.1
0.131566		-114596
0.194678		-114314
0.190625		-40445.7
0.0986354		50282.8
0.0717034		-339474
0.226794		71289.7
0.204192		65983
0.0643055		240852
0.195764		-49263.5
0.171739		41601.5
0.217865		166880
0.0159563		167416
0.0241585		43710.2
0.0659493		170044
0.174544		18950.5
0.0362597		-67935.2
0.199507		-158752
0.123318		32143.5
0.117981		97509.3
0.200472		190417
0.124728		-232114
0.0812432		261049
0.124894		159159
0.199155		-53425
0.217007		-48476.9
0.17247		17338.9
0.143589		13090
0.193947		-81938.2
0.0453425		-20008.6
0.141611		-63517.7
0.0471756		-224405
0.20311		119003
0.157382		154844
0.162266		-144438
0.0476689		2173.85
0.230584		157171
0.13509		-88590.2
0.159075		118412
0.149217		-84771.1
0.132015		-74736.8
0.0424375		-211960
0.222469		61220.6
0.0394228		46083.2
0.105607		-65871.2
0.0690217		-112128
0.169076		-147114
0.133276		195724
0.0641285		-52033.2
0.176721		-70991.2
0.182787		144854
0.0566069		-210201
0.128597		207521
0.103386		-221152
0.101426		97900.3
0.0803825		-89239.6
0.195549		90657.1
0.0564678		-191966
0.113464		103183
0.0546892		164505
0.128266		-56524.1
0.0605077		112169
0.156635		77579.7
0.0609287		-150625
0.0133192		39276.7
0.0587141		-169850
0.0532817		-104473
0.0821024		62971.9
0.168409		59101.9
0.0371274		100337
0.200119		-146486
0.0184316		74541.4
0.104515		-99998.3
0.0133505		-54522.2
0.0492645		-22806.8
0.183924		-117808
0.162961		-73041.8
0.0721342		-54863.2
0.213623		-179827
0.113578		-257050
0.217638		126085
0.159308		-80062.9
0.167922		-13647.5
0.0949243		28949.6
0.0685569		65357.4
0.164356		-125107
0.143741		5091.99
0.0946703		110392
0.070808		-171145
0.155123		141375
0.158861		-68884.6
0.13247		259830
0.225823		-18032.9
0.13179		89312.3
0.0206357		-272830
0.0793249		121514
0.0632389		-121270
0.210119		-148757
0.089486		83346.1
0.0287744		96279.7
0.0962684		-31336.1
0.0351184		42327.3
0.204345		-40667.4
0.10181		63756.4
0.180713		113451
0.0699612		196517
0.0231291		10067.4
0.0288356		-160088
0.213527		161791
0.21437		99611.7
0.0199892		129709
0.0801054		253689
0.180028		-57935.6
0.0281114		-200903
0.0498847		206010
0.0564346		61551.7
0.0633066		-149967
0.0436804		174397
0.136968		-76887.2
0.114662		51620.3
0.143401		209365
0.0909171		82833.8
0.090611		54155.8
0.0269607		-30443.9
0.189265		-2614.63
0.0580665		179317
0.187182		160463
0.110513		123914
0.0209392		78631.3
0.0740514		28320.4
0.0594724		123371
0.150244		158060
0.0880011		-51783.9
0.0453659		33456.1
0.170215		-12790.8
0.169274		-8457.82
0.166983		19704.6
0.210218		40103.2
0.00637804		-115189
0.113672		223664
0.10792		25165.8
0.120552		118454
0.143892		-127240
0.141933		169918
0.0591747		-78478.5
0.0163453		-244864
0.17619		-52183.7
0.0134623		-91930.1
0.174236		-17286.5
0.176014		130404
0.0780136		181122
0.217165		152040
0.152353		-1858.5
0.159523		207337
0.0517748		-84477.7
0.227118		80496.8
0.0599189		16717.2
0.133171		11059.3
0.0281433		20370.9
0.0910847		54344.6
0.0918527		-164297
0.0482707		-53746
0.0393631		-12168.7
0.196934		93569.6
0.0469697		67751.3
0.0269891		-61407.1
0.222552		113260
0.174209		19444.5
0.230396		-54941.1
0.100969		-238804
0.0642352		244990
0.213959		9475.11
0.158135		71621.4
0.0512878		-108463
0.146276		149295
0.102979		-85308.2
0.121262		-14234.7
0.050287		-282153
0.17812		5728.61
0.119906		-334926
0.0527245		290061
0.0893686		-63236.4
0.139448		57257.4
0.202024		7419.3
0.195889		-246490
0.185761		174391
0.0768497		220878
0.0930235		-146376
0.0454134		100603
0.0547897		-163736
0.108701		67995
0.225635		-35904.9
0.166505		-150036
0.117616		-22990.5
0.0106511		-87115.8
0.0821109		167237
0.00817231		216306
0.0413953		19913.8
0.121945		-137710
0.0174319		86139.1
0.158856		-49153.1
0.129425		285216
0.171419		122049
0.0378266		-9731.15
0.169744		-166518
0.134286		180932
0.183484		150562
0.0844357		-30378.2
0.175462		-166275
0.0571742		82183.8
0.149325		-9344.12
0.216342		61647.5
0.21897		99390.4
0.0645104		39623.6
0.127556		-13744
0.212174		-99567.8
0.120131		-56389
0.0379871		-33278.6
0.0151086		88044.3
0.0281357		-239970
0.147139		124165
0.106568		60420.7
0.0438208		108003
0.182568		-253594
0.193947		142332
0.0825465		86602.8
0.0445158		66486.5
0.123119		367826
0.154167		298660
0.214874		-192186
0.145911		-170142
0.0979799		-85446.7
0.0252837		64369.9
0.109251		-202322
0.048986		33038.9
0.0488654		-51500.9
0.167086		109205
0.139862		65462
0.0416951		130160
0.0508007		-94682.1
0.0530768		-183227
0.0762506		-390234
0.0684738		-5921.72
0.0722908		15779
0.020791		23347.9
0.213352		-88186.6
0.0200547		197774
0.201658		-154504
0.0479862		15418.7
0.229376		5833.11
0.126857		-5231.16
0.0577813		-149913
0.210723		169223
0.0243087		179437
0.0845751		-24530.6
0.170795		-267027
0.028139		-122387
0.189769		47380.6
0.225733		138028
0.204131		-3564.9
0.158281		71611.3
0.0171261		11090.1
0.116185		28890.5
0.0953862		-127360
0.188909		12607.3
0.202965		17262.4
0.0358632		-177714
0.0540323		-66089.7
0.0392133		70992.6
0.128466		209434
0.0278321		21159.9
0.0494844		-169239
0.134114		-87257
0.191121		-77639.8
0.112096		87509.6
0.0190552		227584
0.0487304		52955.5
0.107125		57429.1
0.0237257		-198940
0.0427069		38307.8
0.114981		-15840
0.176322		78621.7
0.205934		275485
0.167575		76162.4
0.210684		-111812
0.0233599		-183935
0.129987		90987.4
0.164456		198170
0.203077		-126272
0.0931337		113358
0.171942		102964
0.227354		236695
0.118685		-155809
0.048864		240738
0.155408		252741
0.197168		-17419.2
0.212496		70071.2
0.019482		305515
0.180351		-164369
0.14079		-99970.1
0.0563064		131864
0.189883		-74343.5
0.124901		-226515
0.1915		59715
0.133307		166195
0.0352524		163154
0.143271		-69810.2
0.148487		67338.6
0.0571673		-168307
0.0637274		-89560.7
0.0276251		-96272.6
0.114005		29910.1
0.227422		112955
0.172647		260498
0.0962217		-187642
0.0654383		29442
0.0340596		-246983
0.18521		-90165.6
0.151275		-26537.6
0.200287		-123609
0.0153881		-392576
0.154567		-160918
0.0251779		-95244.6
0.197216		6240.27
0.00554252		63857.4
0.197131		-120153
0.193921		80649.3
0.210489		203931
0.0112452		-65821.4
0.180669		-152687
0.118652		-150941
0.184523		-98690.1
0.0897133		-35279.9
0.220875		-22536.2
0.2115		-9060.09
0.188104		-12343.1
0.150036		-182810
0.0461797		21412.9
0.115569		-18220.6
0.0702218		-140288
0.117742		-204507
0.215775		72080.6
0.212687		-139611
0.152695		180591
0.103796		-3968.44
0.108105		61372.6
0.00936619		-163064
0.195704		-197281
0.126637		32234.4
0.152982		-118152
0.0450494		269266
0.0671306		-63936.3
0.0931065		-166467
0.0526681		-159961
0.165172		-43815.1
0.0200101		24107.8
0.148406		-26075.1
0.155227		-183840
0.0114156		-41675.9
0.184558		79939.5
0.0225546		64419.9
0.106493		-112906
0.00888108		-164866
0.0587431		68002.1
0.0201301		-225500
0.0440215		107544
0.0396169		203935
0.204396		-45360.2
0.00997611		-2386
0.071279		-146401
0.167068		222216
0.0296519		4272.82
0.0659107		-83602.3
0.158463		57065.5
0.181887		-179778
0.178312		98699.7
0.0852836		-70181
0.0644276		51657
0.0927956		-154554
0.0773393		151421
0.11171		-76554.8
0.217251		21102.1
0.057384		-196837
0.0581577		26810.5
0.0361258		53378.3
0.0698094		-132814
0.0739311		-77333.5
0.130374		-37131
0.0345014		-143077
0.0207402		50505.6
0.0100828		-131683
0.0503748		-58829.3
0.0237471		61183.1
0.0542591		127332
0.192285		-21019.4
0.122288		-48425.7
0.220384		-16291.5
0.190717		302441
0.207662		-30979.9
0.20563		-169962
0.195901		-188223
0.212515		139219
0.120051		86599.7
0.0850838		-162004
0.0577581		230846
0.207257		339242
0.092428		111774
0.173037		-7595.66
0.0209676		-26423.9
0.117385		154928
0.182299		212550
0.0311589		-18695.1
0.220862		168016
0.0969962		215320
0.00630849		-100635
0.221477		-111453
0.0444962		-133948
0.151593		70898.7
0.139921		-33310.4
0.13471		118828
0.19323		16422.6
0.18087		173838
0.0884966		191406
0.108535		-132118
0.0470966		142681
0.212577		38451.2
0.155227		17960.6
0.0237697		-228152
0.0761306		-185740
0.149638		46972.8
0.0709194		170214
0.0173923		-33142
0.164643		79567
0.199758		45136.3
0.20344		-87005.4
0.116224		146684
0.187887		-90483.6
0.148719		-159816
0.00710503		136268
0.139162		-76484.8
0.0675136		5161.2
0.134879		-274688
0.132214		38025.4
0.0876428		-179579
0.0561148		17991.5
0.186774		109237
0.188162		18700.5
0.0649002		-224724
0.21655		-13867.3
0.20894		-131785
0.139136		-142694
0.045336		15237.7
0.210674		-63795.2
0.158144		-114724
0.119679		-99445.3
0.127864		-155719
0.0153565		-78089.6
0.0318872		-116340
0.105079		27540.2
0.0644861		67714.8
0.164067		246765
0.096261		-100673
0.0176214		-92083.2
0.0368891		-196860
0.129456		122214
0.122851		-112166
0.111875		11762.2
0.213021		235224
0.119628		-93151.9
0.185652		136439
0.0995926		215345
0.143533		-108968
0.105485		-150838
0.158121		-165201
0.0833849		79741.7
0.122318		-51866.8
0.0203292		-64554.8
0.112278		91408.7
0.212657		9104.95
0.163903		-97690.7
0.0681269		35509
0.0725038		37890.9
0.0553976		156978
0.127924		-73527.9
0.0163677		-1201.81
0.0904288		-9993.23
0.148937		-165285
0.0722728		-177144
0.0322077		56777.7
0.143623		-1256.97
0.153177		112620
0.161389		68838
0.0896521		-226721
0.0236867		206153
0.130528		108220
0.204733		-104898
0.0274972		24836.2
0.188543		-37909.1
0.0969665		14043.1
0.0226325		3466.38
0.0171931		-295849
0.0492765		112261
0.148972		17463.2
0.140412		155703
0.0315401		-8938.03
0.152932		-143879
0.179215		-117923
0.06314		60570.6
0.110685		-173354
0.21136		67568.8
0.127124		-199173
0.13099		128076
0.115173		-123576
0.0160385		-18984.8
0.136693		-41946.1
0.0364382		-132778
0.118709		-25446
0.100162		-214805
0.0962959		181044
0.0985997		-5530.47
0.122218		59719.4
0.213915		-109976
0.0434463		19244
0.0785666		-21656.3
0.0623281		8243.9
0.221301		-107293
0.164917		26644.6
0.00558387		-106830
0.231503		-61828
0.147168		21084.5
0.0456258		-29305.8
0.020587		278363
0.177371		96185.2
0.0125876		-90152.2
0.212475		12864.8
0.0352476		170336
0.151418		196585
0.159621		132422
0.213391		9340.21
0.149236		-45625.2
0.183433		-147496
0.0491433		-25356.3
0.0473022		-164070
0.200001		195677
0.1818		61014.1
0.0509163		170284
0.0462443		37274.5
0.150986		-109585
0.107407		151205
0.184995		-15420.3
0.12546		32318.3
0.0457045		164652
0.134857		-86788.1
0.0676816		103731
0.207726		224560
0.0872772		-177651
0.0779821		66955.1
0.0918876		-18751.9
0.180394		297297
0.0937057		91975.3
0.155583		-69654.2
0.0901147		119979
0.0914887		81117.9
0.0673113		-234296
0.0075956		-22358.6
0.171363		-261420
0.103583		23181.8
0.191433		104832
0.0258564		50306.5
0.0326308		-25802.3
0.185935		125746
0.127556		-67320.7
0.0777836		334419
0.0182249		-132645
0.0614001		61207
0.180066		180582
0.188426		70758.9
0.0916649		-109125
0.193831		24039.5
0.210334		172583
0.00758646		24145.8
0.151425		163761
0.0589804		165186
0.221972		-281537
0.12872		-312397
0.21459		-3498.99
0.10504		-87374.6
0.115874		-312563

