
##### time= 0.000000000e+00, label: 
0.00550258		67894.7
0.229816		274971
0.121321		173461
0.0291285		48631.2
0.189416		46023.6
0.218881		80289.3
0.0276527		-71063.2
0.0219705		-71796.5
0.100385		88611.3
0.0862515		43763.8
0.138924		18434.3
0.192075		21567.8
0.130489		23370.1
0.222656		12824.2
0.208591		-149208
0.141066		61288.5
0.183681		111044
0.106598		-309782
0.0662722		-36235.7
0.0878428		-48053.2
0.0590794		-247436
0.227493		52916.4
0.0549127		-296357
0.177776		135878
0.177091		165886
0.00338005		101794
0.204937		-7430.11
0.0834391		-190295
0.00192035		-82060.5
0.0532172		-283239
0.198991		-28947.5
0.0426613		-19788.1
0.15852		-83231.7
0.0624271		-147586
0.187455		105908
0.102544		-117986
0.10292		316594
0.0299785		-188331
0.190031		-190598
0.216551		88625.7
0.148715		-271542
0.216948		4613.42
0.167898		99576.3
0.223547		-181219
0.0809858		-27736.1
0.12446		474931
0.145056		-229656
0.162218		-225771
0.125143		253809
0.231314		-201646
0.0348302		-289968
0.0166114		54711.9
0.201286		-164866
0.208036		-94083.8
0.104525		-134798
0.017719		-2519.16
0.0385807		-46808.6
0.202922		38963.2
0.224332		-241714
0.208541		-153335
0.0229599		99345.1
0.153973		95168
0.18782		-118622
0.173888		94174.2
0.101808		-47339.8
0.171247		36610.9
0.170924		-78292.9
0.0430689		-77443.7
0.196966		-30170.6
0.0724207		204228
0.204386		1671.71
0.111546		170517
0.0154056		-232967
0.157023		5421.72
0.21641		111055
0.170801		312956
0.116106		-114901
0.115226		-177360
0.176806		-283171
0.163949		26266.2
0.197369		-99437.3
0.0641846		208778
0.159461		255466
0.169672		-66851
0.00231287		-196029
0.0557841		27953.6
0.108982		59735.4
0.0532584		16949.5
0.0445164		-111577
0.0751898		-52977.2
0.17157		-264914
0.180335		139030
0.0903836		131394
0.0912526		34439.9
0.175231		-119411
0.218915		-129164
0.0162411		365438
0.0565843		9371.91
0.00400401		-130187
0.12368		273618
0.0752797		340828
0.172617		-84983.8
0.208103		3148.31
0.130692		141268
0.227763		305367
0.0874384		149257
0.108139		-446324
0.0846267		-481612
0.146244		-338207
0.107721		49988
0.221203		169241
0.0236726		83374.3
0.136181		-8363.92
0.102077		221759
0.00433965		-202879
0.0894935		-191904
0.189538		-26068.3
0.229499		7985.17
0.156847		-60750.3
0.0646395		38989
0.128057		402434
0.000809585		175825
0.0948786		-263113
0.151389		98458.8
0.205902		-11883.2
0.0287265		119433
0.195545		24009.9
0.220084		100497
0.114454		-36452.8
0.0508941		87344.5
0.114185		160409
0.00613217		-257800
0.192444		287972
0.100976		-94457.8
0.0415113		-330998
0.214171		422922
0.129466		42057.6
0.0738308		44222.7
0.0154684		135152
0.0478958		-500254
0.0808725		41335.1
0.106894		-24424.6
0.225162		-352676
0.147907		378986
0.221731		-141483
0.149531		60599.9
0.0581175		-139991
0.2248		-6139.92
0.180054		-24736.9
0.155766		-42231.4
0.21782		277419
0.117898		-46632.7
0.00939046		119702
0.172245		-320933
0.233845		350175
0.219682		95543.6
0.195592		99614
0.134112		382516
0.00795964		-186051
0.229961		59695.4
0.187993		53061
0.0998088		-8824.67
0.000648556		-33082.3
0.208666		-201543
0.17423		-146229
0.18164		-117828
0.0451869		35183.4
0.00888005		-64617
0.108615		11672.2
0.0332122		57241.6
0.0664827		-39347.7
0.0757764		-43005.9
0.11947		-266018
0.198277		-259008
0.199879		169278
0.215922		-262342
0.128816		45007.1
0.0812587		242144
0.196659		-120285
0.0918942		140047
0.217598		82378.8
0.124284		-80136.2
0.144302		279101
0.103444		84078.4
0.0986882		-794.837
0.145197		180415
0.231458		122704
0.00689195		-201522
0.185666		172425
0.201583		222820
0.0262397		-230935
0.23236		-102374
0.108336		75679.2
0.068851		-683180
0.161932		-111101
0.00681067		226072
0.0819603		-77340.1
0.163612		318758
0.051545		59512.5
0.0584836		12288.3
0.0903126		-72528.3
0.13295		-431924
0.185388		207604
0.152775		-108882
0.177499		-32033.7
0.162922		3876.36
0.055063		-57948.5
0.0886042		173793
0.230732		-268899
0.0135838		-52547.5
0.168549		6260.31
0.10413		152636
0.22773		-34607.3
0.148576		-221277
0.143748		194086
0.154197		-208009
0.0967995		-300196
0.133558		-71179.8
0.178922		358851
0.196882		-159874
0.126199		-305100
0.0814588		-243604
0.0725034		-25712.3
0.0773214		-131458
0.227883		226533
0.00184834		-130681
0.198069		93940.3
0.0467604		357461
0.12502		3704.3
0.0809791		36709.1
0.208727		-43933.7
0.0718527		-122791
0.144448		-238995
0.0577441		-172495
0.122776		178567
0.0387049		-105368
0.186414		168239
0.184685		11131.7
0.200409		141309
0.0700776		-237228
0.15268		378864
0.112639		106994
0.143433		112164
0.0476931		72900.5
0.169234		7059.04
0.0488735		-47570.1
0.0672195		-273389
0.0608967		-280078
0.0645256		-61775.8
0.0654869		397753
0.0280457		-149428
0.121103		393651
0.00260563		-167393
0.104316		18372.3
0.159664		-11664.6
0.0383921		603480
0.0186146		-151066
0.166107		82150.1
0.0746107		582396
0.073026		-245870
0.0395614		-49576.8
0.112706		-69202.6
0.234966		-256970
0.138903		-21046.2
0.205508		9975.15
0.0854984		136616
0.198685		12844.6
0.0814561		-161529
0.220236		-110695
0.0392693		-40455.3
0.0771595		-144348
0.0530476		-256999
0.0852539		-144148
0.170868		24013.7
0.0504365		58003.8
0.0581317		-127696
0.0601682		-106713
0.00181985		-267501
0.0147519		-143070
0.068436		310171
0.138903		106593
0.197714		-108422
0.164383		-205907
0.0266841		-163678
0.030335		-45823.2
0.107586		48853
0.0191255		24075.4
0.0680747		-111598
0.0754574		-288258
0.0902183		142682
0.0602308		155440
0.134628		-65912.4
0.199371		-9224.43
0.209856		-195235
0.138047		292173
0.135181		-109735
0.109701		-179847
0.060447		-108527
0.156029		49059.9
0.232221		-286236
0.162078		-203251
0.0448755		-90016.5
0.174099		77152
0.0296715		22009.4
0.0316843		-77879.2
0.106341		41663.1
0.0515398		379925
0.162128		-163580
0.116453		-30199.7
0.149393		-63086.4
0.132456		53891.9
0.150304		-278590
0.215107		-36370.6
0.0466759		-36450.1
0.0189295		-154414
0.00104328		-73262.4
0.0743206		-32627.1
0.153248		337483
0.145381		74268.9
0.186953		-175866
0.194966		-30115
0.0318188		-322482
0.199583		62995.3
0.198288		-3665.79
0.0868567		176204
0.187048		-304710
0.0771526		160379
0.136339		-87861.8
0.00251126		71497.7
0.0661501		-315979
0.172676		-259043
0.0761357		193155
0.116525		-489163
0.0522171		91826.3
0.074868		-299163
0.123038		99333.3
0.205546		183154
0.0437972		-113319
0.221239		-44830.2
0.114214		-88158.3
0.0601696		-392449
0.12387		-187106
0.163988		201569
0.142825		-134813
0.0163664		84433.7
0.219384		-53238
0.0217851		178217
0.070833		-99296.8
0.0843571		-398089
0.111242		53461.1
0.193877		-85617.7
0.213319		5752.19
0.159416		-82463.4
0.0295995		-355054
0.190461		69267.2
0.178278		-204737
0.14233		113216
0.11103		-247967
0.155439		-164810
0.0158677		-348007
0.151131		270311
0.233994		-58612.7
0.0618375		-77497.1
0.0502699		203418
0.173516		-74751.4
0.0319299		-67228.4
0.00246447		8444.1
0.008445		-157513
0.185367		1771.01
0.155646		57750.1
0.145071		290677
0.0920852		419607
0.0328242		-64972.7
0.119948		-86780.7
0.197021		78665.9
0.11118		-53282.1
0.00100356		257555
0.189625		114807
0.0325119		-331849
0.00689881		246634
0.100868		3395.8
0.0269173		-89722.9
0.210096		34674.7
0.0824079		118999
0.0278666		94781.1
0.141486		10896.9
0.0663379		-210556
0.182909		111304
0.106805		183120
0.0684801		-92115.1
0.151077		-195327
0.178885		-136661
0.0932063		30197.1
0.0179147		275243
0.119035		74924.8
0.0174093		-214056
0.0872173		-84175
0.136434		252724
0.11018		-155017
0.0263031		71257.5
0.0657747		90137.3
0.0248624		68721
0.0389627		-51277.1
0.129624		136613
0.0904617		260768
0.14746		-70808.6
0.0895499		23676
0.0793914		-382433
0.00686008		205503
0.0924803		67752.9
0.165798		-281699
0.0197877		-7372.78
0.0752842		69007
0.0118906		217350
0.230871		36508.1
0.0354297		6941.51
0.139172		216976
0.123226		29361.2
0.220306		289902
0.199469		301547
0.0275095		176842
0.0180927		93221.6
0.0528542		-125166
0.167637		243329
0.20102		-230541
0.20322		14872.3
0.181755		21705.7
0.123555		-28354.8
0.118793		-124244
0.0393765		-131217
0.174369		169132
0.0830579		109364
0.0653528		181847
0.2304		62128.4
0.126054		-223086
0.123607		-113557
0.0743538		-152783
0.211977		-151211
0.21078		-318347
0.233388		56952.7
0.199002		78274.2
0.162743		-221548
0.0850022		103159
0.0199303		-258658
0.00633634		236482
0.116164		-70608
0.0143856		-593632
0.154657		-208901
0.0224531		99050.3
0.1274		-94149.2
0.161996		174316
0.17912		81688.5
0.156726		-101043
0.0619911		-154487
0.187435		60020.3
0.0378352		-124160
0.185814		-140837
0.0199753		-52552.9
0.0933756		-287307
0.190966		28050.5
0.2031		558134
0.00322351		40890.6
0.127293		114818
0.0191787		-69577.9
0.224978		-229284
0.0608211		-43876.6
0.10633		-10089.2
0.00703635		367611
0.233506		68850.9
0.156965		-368485
0.0202037		-105597
0.220211		34554.8
0.0176354		2496
0.0705388		-159744
0.194902		76748.1
0.215544		250601
0.039479		242960
0.216701		-38831.2
0.210642		163542
0.0250525		-87789.4
0.0725087		-236912
0.0907706		145505
0.0239503		-265637
0.169015		1815.07
0.0523489		137534
0.227519		-221440
0.0977218		-146701
0.203739		-6934.51
0.0985461		93444.5
0.14845		-190043
0.211412		-218709
0.23344		-37443.3
0.146076		61056.7
0.0727671		141493
0.123355		-189741
0.175844		-39272.5
0.0671201		45091.4
0.0281556		171764
0.180769		-112337
0.110135		97073.7
0.106857		151873
0.106448		-404922
0.230631		15011.7
0.0006615		-90407.9
0.150612		60526.6
0.0279115		-154953
0.0573551		-75489.1
0.0155513		-107486
0.0998523		-305173
0.0359216		119737
0.110726		-131899
0.218811		-193641
0.122743		120403
0.1444		-171443
0.0984913		-30999.2
0.231571		-57554.6
0.0919211		316368
0.226782		-240541
0.115033		5665.41
0.211823		-327140
0.229927		80089.2
0.232806		121287
0.0930688		138521
0.156266		-22856.4
0.160183		-215137
0.22221		151745
0.183777		-158231
0.105988		90521.7
0.104616		3951.09
0.00449111		175512
0.0349515		120437
0.183277		111451
0.0753441		124268
0.098905		23283.2
0.0847411		19117.7
0.0793079		-125320
0.0628514		248969
0.157419		213577
0.153755		68583.9
0.217249		-151698
0.0217609		-167494
0.223127		82999.2
0.121402		124490
0.0608905		-195117
0.0987968		-143316
0.151499		-145450
0.218219		212889
0.00668729		15707.4
0.215966		-235268
0.20551		96894.8
0.146827		66886.2
0.0577627		-209196
0.16844		-149749
0.213333		266181
0.190396		251900
0.20454		142340
0.23443		-239769
0.0799734		259522
0.041303		323255
0.217812		-155440
0.194002		-462959
0.083954		183414
0.0503453		344143
0.00872872		-101674
0.150016		159142
0.218604		199991
0.185518		77205.5
0.0449163		144971
0.171699		-125229
0.0651123		121516
0.0701373		173266
0.166537		-232057
0.0545899		319341
0.23271		117328
0.00299975		88215.9
0.1153		51095.4
0.0182441		-48946.8
0.0714609		240903
0.0202844		203694
0.000129885		-109179
0.146578		-223258
0.0872085		38580.9
0.0198153		-24289.5
0.0419211		232739
0.207792		317089
0.0391261		300684
0.174982		-154020
0.0480568		-158845
0.183162		-328875
0.205428		-409696
0.0641403		-166291
0.00385243		-158060
0.0220274		-359917
0.220451		275197
0.00446597		-104103
0.174719		79794.2
0.230522		-37470.4
0.19333		-224040
0.0399108		-148947
0.0708236		-298731
0.150002		429151
0.191958		200959
0.199959		-82924.5
0.0988173		-270953
0.188919		-134851
0.152473		81449.8
0.0481192		-495.113
0.12533		-68264.4
0.141621		73007.3
0.169406		-150439
0.221271		161538
0.0513565		-295799
0.123482		-67267.5
0.215567		-39808.4
0.161232		113489
0.0128448		-72853.7
0.0483969		199753
0.0261444		210818
0.123556		-34157.7
0.128619		-158317
0.111952		134731
0.213593		-120630
0.0752097		-207204
0.196431		-38055.9
0.178712		-52340
0.165762		-249431
0.230541		29734.5
0.0377018		-191647
0.215098		-70800.8
0.178345		-135158
0.198255		-131508
0.216637		356459
0.198005		16397.3
0.165861		44211.8
0.155774		-74735
0.0362544		-38353
0.179126		376152
0.143716		-369423
0.0632237		-55818.4
0.134158		-266241
0.163284		-120069
0.0304241		-53671.2
0.22977		237624
0.0598786		-337372
0.177836		16241.2
0.0958982		-1263.26
0.0860543		-165470
0.132626		-36573.5
0.0345609		132363
0.0538399		29439.8
0.0800033		24004.7
0.0479404		-24901.1
0.053156		-25199.2
0.0053276		-175124
0.15023		-68584.4
0.185472		-215297
0.0258132		310076
0.0382934		25294.4
0.16907		136637
0.107791		239866
0.229749		111081
0.0245501		158449
0.0238248		-88886.5
0.199278		39449.6
0.0211046		8550.91
0.075723		-276990
0.149578		-148786
0.182964		223402
0.0611091		400179
0.024815		390067
0.187448		-88625.7
0.226525		60115.5
0.227035		-267486
0.226045		227344
0.158458		-178730
0.0279392		-111361
0.211166		-124643
0.0736454		315686
0.059718		-216084
0.0459405		-129228
0.102193		-36136.2
0.0475431		4537.39
0.095758		296161
0.230396		150030
0.121781		199400
0.123859		-157263
0.218808		-69031.2
0.203719		-184885
0.147252		164184
0.203437		-201492
0.0593264		216823
0.0641922		-46294.7
0.108523		-540857
0.0218871		71724.3
0.0366519		193782
0.109129		123488
0.0333771		480843
0.114648		61620.7
0.197643		-181378
0.173235		-84533.8
0.0930563		-94677.8
6.60896E-06		96582.4
0.0508433		69103.1
0.0205083		125639
0.189835		-127587
0.0585584		212652
0.0329078		-102667
0.00653714		72135.3
0.0812696		200155
0.000851443		295684
0.116691		55675.1
0.026503		-279292
0.158838		-117359
0.129883		-66745.4
0.0510047		166450
0.141481		-270990
0.0160952		21687.6
0.098413		-83626.2
0.0975812		105305
0.0913242		689904
0.228736		142672
0.148385		-35876.1
0.218408		20670.7
0.0526631		89123
0.208595		160926
0.108911		131816
0.0732007		-113566
0.154103		-279679
0.119735		-277006
0.17953		-32351.5
0.0906842		-209417
0.11845		850.414
0.228898		36230.4
0.192862		185879
0.161856		46150.2
0.133413		-46132.1
0.174823		28353.2
0.176126		-91775.7
0.183655		82685.1
0.0276907		43825.6
0.00217382		-336183
0.0411667		-117444
0.121114		255142
0.196479		-277415
0.00322548		-266486
0.228253		-137961
0.159696		290755
0.104041		41453.3
0.222255		106299
0.211023		-62939.8
0.023352		-53144.2
0.123853		297161
0.0685034		221652
0.22144		419737
0.0131565		47418.5
0.125033		184793
0.0908599		16801.3
0.0630175		-309.448
0.218658		65778.8
0.0763689		79021.4
0.0594238		6527.04
0.0157259		-123678
0.228334		-188020
0.00591065		2858.26
0.193231		228624
0.073006		-44546.5
0.125229		79039.9
0.100586		-92254.3
0.162816		223278
0.195		-9168.43
0.137927		-338398
0.10517		-236572
0.150791		-150981
0.14307		15861
0.198476		132531
0.0900128		-129614
0.00711281		191609
0.176985		391410
0.033728		-299374
0.222094		-485122
0.0863923		-256824
0.00803715		115020
0.145236		-336208
0.226898		-100147
0.0804697		-274856
0.196543		-16062.3
0.232491		-109128
0.0492969		-75034.7
0.227338		-241581
0.15612		-341553
0.0431722		14526.9
0.219196		2726.11
0.127927		-270811
0.0176147		-128484
0.162405		-9124.06
0.228424		117275
0.0231966		3611.97
0.201242		-109919
0.0811012		-18841.8
0.12294		-250689
0.166395		100787
0.2139		-41720
0.109609		245066
0.166968		-151064
0.210868		-63565.6
0.105999		-103689
0.117028		104249
0.134249		-148414
0.18357		-309294
0.163293		-181192
0.0098834		61602.2
0.0177841		126984
0.17827		48782.9
0.173254		-81752.9
0.0911754		84366.1
0.0187345		155899
0.153356		-15236.2
0.200842		240209
0.142023		-152161
0.12492		329032
0.187968		347234
0.124108		57790.5
0.079107		14040.8
0.0159695		-58245.8
0.0935766		220466
0.0829662		129113
0.135985		-103655
0.0805909		-132778
0.0115608		-107887
0.116754		-153806
0.000159499		-235730
0.159		-154153
0.089304		-21545.3
0.232451		-141378
0.0556735		96006.2
0.0199381		343146
0.0179273		186527
0.192258		16466.5
0.0323427		-60472.6
0.0694781		25362.5
0.203201		6768.85
0.0174025		82746.2
0.103227		-71569.7
0.186915		97734.1
0.143948		-151786
0.23181		275804
0.115766		282865
0.0278248		99516.8
0.0462553		-209002
0.112085		-47518.3
0.100353		428172
0.162179		-249083
0.0530091		328023
0.0362978		-397880
0.164989		-5890.72
0.169311		367599
0.143516		-170479
0.0381422		148306
0.0980419		487516
0.179634		48350.3
0.168439		-205684
0.200317		-81895.1
0.226613		-74180.1
0.0610393		177981
0.0234945		102568
0.120246		-195833
0.194102		-29930.6
0.147962		-308323
0.20664		125371
0.123316		21151.7
0.0550045		25231.1
0.23318		135884
0.0717289		275532
0.0408657		39474.4
0.16356		18578
0.00984045		162026
0.176833		-29805.3
0.0401341		-47566.4
0.225124		-209499
0.0951389		-13706
0.161678		-295906
0.0274954		-26208.7
0.181404		168424
0.168713		361087
0.0775835		184787
0.0968288		-199899
0.201026		186006
0.160526		-86302.9
0.0864653		9156.33
0.00110657		-94551.5
0.033001		18526
0.0480569		-143169
0.0786375		48226.4
0.104298		286381
0.0479972		-290469
0.164359		228155
0.0788206		180744
0.0590789		-284699
0.0745751		182724
0.0677455		-116915
0.167412		441585
0.162622		200828
0.0647637		-118696
0.202144		-299503
0.119462		361075
0.139485		-272086
0.0608412		-269779
0.0211132		-133956
0.0274855		319470
0.124671		-6939.27
0.15929		-143617
0.0159665		-34585.9
0.206357		-63603.8
0.211636		-203547
0.086726		-274048
0.0893817		18588.5
0.18819		-16765.7
0.20684		109663
0.229033		120059
0.0836084		-5536.22
0.0373175		308252
0.19416		231968
0.156264		-500090
0.0131985		-33833.3
0.0995458		111619
0.101672		-185948
0.142193		65147.6
0.127286		136739
0.179293		46840.7
0.229384		-893.935
0.00178365		54469.5
0.135615		154574
0.0036203		145610
0.214068		20267.3
0.194796		-49993.3
0.0354484		29612.9
0.109877		170797
0.212766		129244
0.213251		143284
0.0927798		-108780
0.190541		243999
0.210722		-9037.93
0.0358603		51729.7
0.00777626		162866
0.208544		93694.6
0.0449511		100472
0.194737		-192224
0.0799069		-26015.4
0.160237		-219936
0.145388		-101751
0.166483		64237.3
0.0431576		-135816
0.0965752		13745.7
0.018759		-195500
0.0798534		-74551.7
0.223961		-173940
0.205926		-346235
0.202735		175686
0.0640186		-23714.8
0.00394429		198394
0.137065		-313740
0.0856329		213716
0.232635		-480087
0.102808		-148837
0.00579218		-110496
0.228552		-465650
0.00137307		132031
0.084066		272421
0.10517		-329981
0.018538		89151.7
0.211002		43015.7
0.18529		28793.8
0.115221		734.913
0.0712441		80867.3
0.11644		-3986.08
0.122078		272145
0.2273		-338329
0.0852812		-71367.1
0.102972		-307707
0.203784		-17539
0.177521		44627.8
0.024344		-10056.4
0.0127644		216704
0.0813614		-22501.1
0.0680538		-422772
0.0212217		-109236
0.0967252		-58148
0.182749		145900
0.10155		34063.3
0.0830234		10712.5
0.1721		-78856.7
0.132463		-55522
0.202701		102643
0.174001		-110310
0.155505		17868.7
0.100404		266581
0.00435316		114983
0.101537		-144336
0.2007		-8985.51
0.0239359		-170157
0.09124		-247111
0.137556		-58622
0.0108945		425321
0.23479		-104066
0.0774995		51373.8
0.143415		-198058
0.0868447		-30947.3
0.0914581		-185097
0.12794		86814.9
0.10884		461290
0.204826		-65101.5
0.0173464		221343
0.231017		64927.9
0.180806		-63163.8
0.0779438		-193406
0.125834		-46469.2
0.092412		-44341.6
0.0441995		-37415.9
0.139666		81311.9
0.169995		58473.3
0.0794751		38737.9
0.142467		-114932
0.0675802		-272142
0.23074		-19419
0.0895687		155022
0.0265667		591720
0.0146913		171081
0.175998		11253.4
0.046076		-251380
0.0253724		-134774
0.135377		248755
0.0802261		-70228.1
0.108334		9607.88
0.0104459		7247.4
0.141354		-378290
0.118386		344084
0.164498		40950
0.00709873		-285025
0.22541		49626.2
0.203345		103042
0.0176554		-145069
0.0873024		-105952
0.0686947		-70356.3
0.21438		113260
0.134692		-110238
0.0054557		-264389
0.00174759		-106118
0.226724		-30661.8
0.21567		-113243
0.0839339		435753
0.0444592		-26870.3
0.0320572		158910
0.163311		188645
0.226738		241655
0.192792		50663.3
0.16254		213911
0.0410124		53842.7
0.069695		85885.7
0.0796048		14792.6
0.0849068		218589
0.174089		-41512.9
0.192118		101472
0.154748		-270986
0.113776		88253.8
0.205189		-91884.7
0.176707		-8649.94
0.0828195		-248667
0.0475982		-183366
0.216746		93738.1
0.203588		194408
0.227278		192421
0.191848		-117348
0.121512		156136
0.167991		-139383
0.0283799		91827.4
0.0913865		242483
0.223877		30744.3
0.233424		-196293
0.225309		49907.3
0.202915		27046.8
0.0646015		257413
0.134711		57148.9
0.208933		107960
0.0706656		-76227.2
0.218961		36823.6
0.0467582		-33867.2
0.0553348		163854
0.154337		-59391.7
0.179491		-242405
0.00763471		-23947.6
0.0558873		-258311
0.190843		154862
0.203079		382936
0.194855		57055
0.0853733		-95127.7
0.160651		218398
0.120613		2170.47
0.133543		-100049
0.20324		248908
0.165352		-105432
0.0524238		113362
0.171895		68876
0.18373		-25407.2
0.100198		1899.29
0.191268		-386269
0.0626671		-79569.4
0.0653799		98246.1
0.0209241		-235726
0.166969		31168.1
0.00237951		65994.4
0.0349152		391382
0.160533		113534
0.0198936		343862
0.11542		-142090
0.215804		-90176.3
0.177863		-15084.8
0.201179		-307742
0.0523397		102401
0.170337		151170
0.0809638		-260674
0.0524228		-182924
0.0458551		178755
0.0849259		-115402
0.15667		-50151.5
0.228367		-84230.9
0.0299638		-81461.1
0.149035		30597.1
0.203771		28277
0.115892		-18058.9
0.141955		-116762
0.00453841		-38316.1
0.150909		-219794
0.15617		-9545.43
0.0960988		-207307
0.0526126		-117437
0.224084		-49081.4
0.233487		-98530.2
0.0663355		109600
0.117259		274899
0.215916		331265
0.213911		-7815.32
0.0406017		71575.8
0.113003		-124283
0.189916		-94543.7
0.230511		371168
0.162631		-5091.91
0.07788		-143078
0.195798		-429153
0.0513681		109488
0.00281883		164650
0.231264		-47709
0.0314402		152830
0.0536721		-40791
0.180476		263891
0.221053		329594
0.0666836		35547.2
0.157523		156483
0.203194		288266
0.0809297		15947.5
0.206319		-318172
0.0154514		158956
0.0310784		208344
0.113262		1939.9
0.0950978		-131618
0.103884		-82655.4
0.146866		-169279
0.0686097		61960.5
0.00192152		-90678.3
0.114188		-256823
0.0981148		-2549.1
0.115105		-52506.8
0.233429		141710
0.0262405		-71328.1
0.0935586		147746
0.0281607		-236855
0.0228039		375858
0.0451187		209063
0.188215		-42168.2
0.102775		255026
0.034323		-27249.8
0.0122938		57106.1
0.224577		139312
0.118804		-136778
0.22104		3919
0.000563467		176142
0.153338		436403
0.170261		-18464.2
0.139806		297818
0.159636		239988
0.0178655		386980
0.186305		-37880
0.090715		162912
0.215355		211759
0.0923355		260293
0.0325822		237679
0.174875		82280.2
0.133189		-1472.15
0.174976		-80779.8
0.121138		272923
0.186184		103130
0.227461		-266536
0.217898		-6412.92
0.0978848		234051
0.116991		208440
0.0919868		-182108
0.106409		207592
0.174854		329949
0.18984		-164671
0.0949001		-79840.7
0.231984		-145800
0.0188536		105133
0.032168		235955
0.0392667		89345.1
0.166112		40608.1
0.0171004		-149026
0.100156		135569
0.111507		-48870.7
0.035405		-46690.1
0.103085		-25379.6
0.221747		-250230
0.178872		81654.6
0.229881		147256
0.209946		79411.4
0.179021		-54381.3
0.0434626		-107924
0.208067		296659
0.0673724		-28795
0.0858004		-13958
0.160703		-268439
0.118774		-157464
0.136088		362477
0.231049		-86310
0.13915		79572.6
0.146672		-155572
0.186389		-141063
0.0112584		157544
0.165814		-41239.1
0.0998607		-485205
0.00685726		-453928
0.210289		-264711
0.00572329		223281
0.0459859		-115500
0.133804		14755.1
0.190412		245104
0.0884586		-199996
0.130933		-2533.94
0.175585		-106936
0.159618		55089.9
0.174492		-25920.8
0.188572		48367.7
0.000338936		221590
0.161194		127529
0.186084		104655
0.211789		56794.3
0.0988612		-495188
0.163449		133165
0.0392464		-303137
0.0548918		145255
0.226268		-12592.6
0.195969		102298
0.111947		123555
0.0444993		-274050
0.138488		5451.5
0.0387389		-37314.5
0.194457		160156
0.178133		265034
0.0381976		-51884.1
0.166917		94886.5
0.146902		-126430
0.0179467		177636
0.0800615		-311056
0.146234		-264906
0.160573		164657
0.035094		-148410
0.131698		528.706
0.0407686		-268001
0.20048		39391.4
0.159992		-249957
0.0304309		21391.2
0.140333		204256
0.00442518		-179816
0.0395197		141669
0.0202387		36636.1
0.133966		251882
0.171882		18007.6
0.173467		28147.4
0.21767		38139.2
0.0327063		205459
0.104545		-74471.4
0.0453989		-45663.2
0.141911		-145554
0.21064		103228
0.214483		89948.1
0.161919		-25024.7
0.111045		-105564
0.0963605		-269668
0.156522		22245.2
0.0978376		219410
0.00166906		-190672
0.110718		-10745.9
0.0859011		-164609
0.182859		40956.8
0.230458		-21101.5
0.135126		126496
0.146316		120669
0.184115		-95111.3
0.106693		-361238
0.190001		17171.5
0.0374385		-369312
0.0904687		-65648.3
0.226625		93273.9
0.182536		-26207.5
0.14932		69444
0.171819		-370171
0.0376047		91941.8
0.233482		303036
0.0812781		-101997
0.21278		104770
0.001489		-115972
0.199392		-118305
0.200024		37826.7
0.0966849		-25456.6
0.0279892		-253892
0.121562		-68980.5
0.156079		-126811
0.137991		-125396
0.0733855		75518.9
0.218168		-11615.3
0.224227		-88284
0.029661		5304.25
0.0445657		-81146.8
0.0197193		404147
0.0561266		-173433
0.0817444		58767.9
0.218971		-101278
0.00415589		-126201
0.00766424		-332967
0.226692		6273.26
0.228276		-286001
0.208792		20241.5
0.220062		-162527
0.0148035		-485103
0.106928		-72062.8
0.114816		-169310
0.00408202		284968
0.00764897		-84311.8
0.105841		-15916.3
0.178581		121703
0.15466		-184114
0.201144		-310089
0.177013		146601
0.0795037		-32198.7
0.11232		484730
0.20628		44234.4
0.152913		98489.4
0.0612342		155233
0.203911		91932.2
0.167255		46555.1
0.174756		242538
0.158406		-345423
0.178438		223393
0.12451		-357192
0.177909		-132838
0.154601		-159021
0.181787		8203.03
0.0132316		9593.75
0.0430129		-463849
0.0135351		-218048
0.126632		-381198
0.00525929		-227551
0.189589		-124769
0.198382		-71600.5
0.0893588		265475
0.0542115		-43872.4
0.0423734		-235438
0.0872714		98677
0.195776		73576
0.134564		119872
0.138705		-147695
0.0329353		236320
0.0663537		55577.9
0.0794648		313026
0.166063		169687
0.0926474		64876
0.164664		16870.5
0.00861867		63819.1
0.189267		29299.2
0.0647966		-182955
0.207364		-94013.2
0.115526		-34468.1
0.198916		82662.7
0.163769		45099.5
0.203478		208363
0.195987		-274950
0.0270128		159292
0.151448		-114091
0.177036		220492
0.0786297		-354689
0.15776		-190027
0.190258		-202716
0.169556		-183599
0.208806		-136869
0.119657		342805
0.029327		205794
0.180192		16416.8
0.105993		211103
0.0404372		142557
0.0509726		-4462.15
0.0291333		-186398
0.0191337		-317268
0.140761		-179604
0.181383		-6795.76
0.0601715		190672
0.0683011		-385510
0.118896		-278550
0.0238357		237066
0.0799645		-152534
0.0515883		116571
0.109237		-158689
0.131616		203119
0.118756		21809.6
0.226685		107046
0.173563		-274557
0.0284526		-138511
0.1103		52160.8
0.168162		-20612.7
0.121839		-157686
0.0889961		83546.4
0.20355		240693
0.128938		216515
0.22948		-357226
0.13177		-301752
0.02328		-159826
0.0592029		-102322
0.100022		-236410
0.0493405		-73018
0.123398		-325624
0.00404266		252746
0.0257822		437849
0.217253		-91051.3
0.0771879		385225
0.0586777		-253614
0.207934		93508.8
0.213555		204908
0.121633		150670
0.0100142		-63693.4
0.179704		-22838.3
0.225487		-185505
0.18758		309182
0.0799838		76076.4
0.0105826		76177.7
0.118064		-9828.86
0.173856		-252711
0.101613		-37715.1
0.140325		-216394
0.0758396		35566.8
0.0344226		-335084
0.0339595		-219652
0.080391		-112491
0.00963967		-269091
0.0981545		198919
0.0722248		-159759
0.0651518		-62348.5
0.224965		-93999.3
0.00868927		-21408.5
0.160721		-14185.2
0.214525		-197633
0.194078		57658.6
0.0971445		-250750
0.0987868		34813.7
0.139999		-368636
0.040383		-526258
0.0334502		208969
0.00632632		-377147
0.195071		-82881.5
0.228355		115878
0.210775		-114625
0.0057569		-70000.1
0.206416		-6580.8
0.0129543		-195357
0.00798754		-63618.8
0.206504		109640
0.0663078		-54094.7
0.191785		-115949
0.225153		-94878.8
0.163528		-76520
0.0349469		194227
0.138182		23852.2
0.19739		87446.1
0.0752878		-121505
0.210722		355216
0.0777245		216342
0.183017		315167
0.194807		273049
0.128799		20488.9
0.115885		1411.66
0.172353		86581.4
0.179907		-102636
0.0313305		-175147
0.20137		104233
0.0566262		-530286
0.12363		-428850
0.0630907		95377.2
0.151714		150669
0.182566		-88538.7
0.179549		-325515
0.209613		-16093
0.0105937		-122847
0.0810967		166722
0.0777514		-17319.7
0.145265		14543.3
0.121836		16681.7
0.0702383		-41914.1
0.204883		-144154
0.163942		132244
0.140954		-158433
0.0700954		-276534
0.000705179		51682.7
0.136573		87797.8
0.00123496		-153611
0.19309		-75336.9
0.231241		-114199
0.0192445		51392.4
0.126809		120474
0.221525		-161392
0.0661782		-302228
0.143975		-284321
0.223417		107574
0.00268718		-52187.1
0.15085		-40496
0.0109451		-91575.8
0.191995		-542196
0.0766599		51491.3
0.115121		-190430
0.227349		-60300.5
0.218891		143527
0.156212		123553
0.170907		44153.2
0.184895		76482.5
0.0651847		151093
0.00700582		82581.9
0.188088		190773
0.167127		-28616.6
0.138439		-519298
0.0996049		345168
0.193794		110700
0.0676651		16859.2
0.146001		-96532.2
0.234069		-195326
0.205212		-32932.9
0.206549		121509
0.0187765		155801
0.166127		162298
0.130715		56937.3
0.193172		120751
0.0185784		-86543.4
0.0995557		27061.2
0.08843		-28785.4
0.136148		32169.2
0.232679		-410495
0.0680232		-75191.5
0.021859		60324.5
0.190365		158995
0.221582		-60537.1
0.0748195		34757.3
0.0547465		-74553.2
0.166779		98764.8
0.222116		-141493
0.070229		143856
0.159307		313680
0.19246		-47424.4
0.0231561		19702.7
0.202631		-191044
0.0143999		107883
0.00337631		197142
0.10209		-120559
0.151297		117111
0.175633		300149
0.0617558		-92986.6
0.0324064		-50844.4
0.124009		106593
0.0340067		-56010.3
0.0359556		24820.2
0.167265		115415
0.0456049		-64518.6
0.193756		-291917
0.00885351		62758.6
0.224994		102717
0.234955		-201595
0.119799		-146260
0.0301431		271135
0.10192		-35503
0.148982		-76952
0.212066		165334
0.0297056		123469
0.0585736		11317.8
0.191282		187307
0.155849		-151647
0.0220688		257263
0.141065		-363821
0.135365		-40511.4
0.10174		375545
0.161145		380501
0.0355873		65826
0.133501		-225056
0.169893		-76705.9
0.189939		214994
0.00523715		105256
0.0174879		-96559.4
0.124099		-153127
0.0644654		146575
0.205604		-255147
0.211514		140184
0.0341012		14706.7
0.0558925		-74034.1
0.159012		230897
0.219765		369581
0.0120508		98728.9
0.0681786		-127165
0.0163548		112203
0.0177964		11027.8
0.207456		63638.7
0.148036		-146468
0.114106		-184592
0.172525		-248724
0.0816232		-60079
0.191661		156887
0.0563257		-28769.2
0.167905		302406
0.0729506		83634
0.189292		-123364
0.192856		99917.7
0.229186		148471
0.118645		-95252.5
0.203691		46311.3
0.125257		324019
0.123954		-275476
0.056586		196527
0.15768		-342618
0.0993872		-111017
0.00623075		-20261.5
0.137292		-147057
0.0630609		-112077
0.109792		21567.9
0.114709		63636.6
0.146723		-36881.5
0.0668265		235606
0.0150988		115071
0.124195		-215802
0.198104		49932.4
0.130103		-280718
0.0483586		-7759.28
0.233792		-141057
0.200612		277423
0.157855		-227622
0.0471452		-29800.7
0.0824308		-5032.36
0.171133		-240774
0.19543		41489
0.181351		97133.2
0.0898782		-49547.2
0.221302		234223
0.00585531		2722.43
0.175751		-26707.9
0.00102742		26892.4
0.0651789		-159515
0.0422183		-177112
0.190639		98683.6
0.15396		-89291
0.181029		11107.5
0.0951557		-266214
0.100478		-260276
0.197329		-112726
0.107869		201328
0.110534		129312
0.114749		69610.1
0.0129657		88523.8
0.0189257		-77036.6
0.13401		260976
0.144543		-46357.5
0.0665973		-234560
0.135401		114888
0.0404126		123587
0.109248		-92297.2
0.00959667		-72070.6
0.110128		73592.7
0.181344		99324.9
0.00500194		-242927
0.135794		-228916
0.193237		-33003
0.0743949		14195.7
0.0748539		-98615.1
0.185691		121161
0.207255		-1222.43
0.0120145		80315.5
0.0661707		65105.3
0.224352		-36288.1
0.183331		-33455.1
0.057182		151292
0.0951794		155111
0.123471		55795.2
0.163966		56797.8
0.100571		362226
0.16184		-320925
0.0883129		-121278
0.160955		425832
0.227288		197598
0.0923347		-1876.64
0.0185851		95192.6
0.173262		-220179
0.142134		60299.9
0.145703		41487.3
0.230631		-111425
0.139455		20394.4
0.0231418		175528
0.13374		-204950
0.0817713		-57574
0.190275		235345
0.176294		-1936.27
0.0884758		311041
0.163845		-169222
0.210007		15584.7
0.147802		-231907
0.180694		102151
0.0210385		147182
0.195999		55440.7
0.234375		-38524
0.116439		185589
0.0538043		-164390
0.117162		-34447.3
0.0439319		-32252.2
0.11138		336330
0.183932		203883
0.210519		-348893
0.225979		-108274
0.158306		-204344
0.0729035		98635.7
0.158367		98265.8
0.205931		95430.2
0.0518851		3559.12
0.0560701		101479
0.114009		-129502
0.149309		342718
0.215799		-245516
0.0194406		-112497
0.149499		-1631.65
0.15202		-55472.9
0.211819		-39904.1
0.205367		324115
0.19411		125067
0.112501		-252466
0.218759		19329.8
0.190617		-11014.2
0.232379		-231229
0.137035		54421.9
0.00401457		141060
0.133657		-227333
0.165056		458227
0.203052		-138922
0.102993		-45847.8
0.0525294		216566
0.0723763		318174
0.172221		-130430
0.00299606		542624
0.113752		29195.4
0.145214		102674
0.0447953		380494
0.0320972		233972
0.0333233		152842
0.0641482		-166711
0.128736		9175.22
0.100225		-90417.2
0.123048		-141120
0.102337		-4862.71
0.14945		21894.9
0.147434		-19999.4
0.0658076		-18449.5
0.0564331		-272438
0.224207		-37838.7
0.144009		-278462
0.145453		4510.89
0.179141		176893
0.0334074		-705.364
0.042518		-175665
0.200103		-93455.3
0.139581		-30642.7
0.199051		213627
0.185822		-60309.2
0.0508387		-77134.1
0.186586		-153747
0.0959108		151319
0.0596436		-85985.3
0.220878		-87957.2
0.135821		-31299.1
0.0425184		491458
0.198663		-94408.8
0.21618		-187610
0.110011		113649
0.0405558		-183544
0.0915334		98141.7
0.203925		-97586.9
0.175139		194587
0.0800873		98200.1
0.0631256		62449.7
0.121064		-190602
0.22788		72716.5
0.224273		-5600.98
0.141538		-44135.7
0.184495		-18568.7
0.0678477		294813
0.205106		-177161
0.00977213		239845
0.126358		-56296.5
0.110325		209378
0.126953		234821
0.086666		68296.6
0.176141		-35673.5
0.0620368		63473.3
0.174908		397688
0.168363		303709
0.0568643		-22248.4
0.163716		-248764
0.186594		169219
0.0339289		295343
0.0438826		340660
0.0919681		-246641
0.206571		55394.4
0.104138		68193.2
0.0160517		24138.7
0.0627503		28463.5
0.157745		35391.6
0.0230528		79555.7
0.0277913		87749.6
0.0948785		295752
0.193126		38435.6
0.0302325		-68520.4
0.0113047		-21468.8
0.134636		95016.4
0.0851878		-142775
0.107125		130553
0.0628979		28728.7
0.141215		-76338.6
0.207128		405273
0.21234		69864.3
0.182672		-143354
0.0134551		243466
0.164858		22997.6
0.136761		267094
0.145976		-207367
0.223242		-26111.3
0.124182		20695.6
0.223482		-6504.45
0.057197		-139720
0.0439684		329933
0.135502		378680
0.18959		-614343
0.231307		-4627.98
0.108877		-26780.3
0.0353314		-135290
0.0562031		-113998
0.13347		262425
0.086408		262074
0.102761		48091.4
0.164524		74181.4
0.00102938		-213349
0.101701		-430771
0.168412		47285
0.15034		-12755.7
0.181826		39814.2
0.048531		-114357
0.198606		-36031.7
0.10003		223879
0.000467129		149320
0.0994719		94087.4
0.0788945		-198124
0.0217303		464362
0.00294134		341812
0.148222		-14219.8
0.123241		108976
0.142481		-356841
0.0573566		103572
0.104565		-121754
0.012552		133838
0.12407		61671.5
0.050961		44555.7
0.0886663		209658
0.123697		82041.4
0.0873974		31158.7
0.194019		-52681.3
0.125054		308057
0.178334		13715.3
0.0383268		-142263
0.199734		167110
0.23286		400319
0.213451		433131
0.0582981		45160.9
0.0260535		-30361.6
0.220763		167526
0.0894182		418503
0.228585		-123699
0.00328371		434947
0.224375		-259654
0.22274		52942
0.140676		93700.3
0.165216		-306120
0.196805		-87842
0.0965532		256412
0.0851592		126582
0.131873		350782
0.193663		-193473
0.0292329		296021
0.0565663		539707
0.0415056		11224.6
0.0978101		-20955.6
0.0326614		-101082
0.183922		-7618.87
0.0056832		61404.2
0.216419		229729
0.178971		-161509
0.00463073		-111506
0.200325		-111128
0.223273		-343672
0.232888		-349786
0.150634		-38331.3
0.0150826		255185
0.00595027		-70547.2
0.0361135		-45788.8
0.031096		203824
0.158314		137672
0.153911		-275500
0.156803		-27057.6
0.144852		123000
0.00828892		-196829
0.0755852		32567.8
0.0816217		-213469
0.104435		95627.5
0.149896		-347240
0.074502		-188252
0.223215		22052.6
0.0513494		56536.8
0.177		53829.7
0.208225		-26083.3
0.0517124		250179
0.211235		207810
0.197281		7962.84
0.0247874		-91876.8
0.157435		-188073
0.200831		200579
0.22819		-372823
0.0115331		151208
0.177565		-75175.5
0.168788		-50826.5
0.159306		-29106.7
0.169494		-33982.2
0.117495		-60916.8
0.0869888		86325.2
0.191926		14966.6
0.0926153		-1619.13
0.00681351		-87437.8
0.104461		9578.48
0.112522		-84442.9
0.151501		-220681
0.146459		2933.44
0.208106		469389
0.141998		122332
0.0565045		-262103
0.106375		28896.5
0.0660112		-370986
0.201309		161910
0.0379439		194076
0.204134		-169831
0.129968		226088
0.210134		-24281.3
0.147001		43806.4
0.0768498		341498
0.117941		103984
0.22028		-76088
0.0965813		-6785.56
0.152919		42137.7
0.093145		-468.1
0.147215		-146160
0.189511		-182652
0.192325		-206468
0.189286		-151452
0.0924183		92022.4
0.175299		-5978.08
0.0660652		278030
0.101024		115502
0.0684061		41260.5
0.0150608		-147856
0.142344		424790
0.177752		74909.9
0.115908		-215607
0.0761063		-335984
0.127032		50642.1
0.0166511		-168496
0.00621943		77948.6
0.00541542		-141565
0.112594		175556
0.102695		7777.58
0.0851759		164567
0.0815492		-92991.5
0.0594276		34585.1
0.0539338		183183
0.12377		-71005
0.0520877		215572
0.233121		24528.9
0.231206		-82354.2
0.121439		-29238.4
0.0715607		145251
0.232797		127909
0.00521414		41696.7
0.210162		-26820.3
0.128221		249757
0.234229		-118259
0.0500448		-126453
0.151542		-181631
0.0658534		132767
0.00752951		-263366
0.128168		-237030
0.0830576		-122448
0.0294609		-96252.3
0.110372		-265053
0.0487569		212124
0.234807		-112773
0.0261927		350457
0.218351		-186638
0.156758		-54403.9
0.189919		68289.3
0.117119		151156
0.0043035		-189056
0.0278681		101823
0.128552		149677
0.167721		-198512
0.0412071		227674
0.219345		232712
0.150692		122836
0.196196		45312.2
0.139636		402291
0.108647		-52458.4
0.056241		62825.8
0.0564666		2318.91
0.115259		109877
0.0891088		-57633.5
0.056731		443604
0.0545838		60100.8
0.00802215		-272285
0.105072		125370
0.0763493		42834.9
0.175213		-338238
0.0405147		-22755.9
0.0284966		-140414
0.0923529		-1792.46
0.182329		150412
0.0215888		-153372
0.0931794		44302.5
0.171345		-205470
0.0877628		-159839
0.0330923		150174
0.194722		220236
0.0325027		-131293
0.0231362		-110355
0.0721408		-137087
0.10186		-234777
0.00621097		363379
0.0298939		273281
0.102434		-132629
0.00581984		-193028
0.155723		-604609
0.145402		6301.01
0.101343		237227
0.0259052		-18067.7
0.146778		67377.4
0.128133		-268803
0.164111		187926
0.0324461		-255886
0.123745		-161959
0.0890869		119629
0.150007		194379
0.179357		39042.8
0.123222		-150959
0.118098		-138404
0.0882987		-275227
0.0485038		149176
0.137618		-40751.6
0.149603		75729.1
0.0498675		14413.9
0.136091		-136199
0.0474702		-51738.1
0.105953		-287412
0.149577		129160
0.226554		-97345.3
0.174225		87616.6
0.209479		-23709
0.125783		-79960.1
0.225314		-40567.2
0.132599		-121713
0.0192115		-28837.7
0.147931		-269011
0.142289		35877.4
0.0179195		-207060
0.138101		-23890.7
0.127588		67833.8
0.00122259		-167808
0.0632121		-93100.8
0.23432		12437.3
0.0661328		32048.8
0.113606		-39084.6
0.107622		-165870
0.0747607		197171
0.226334		-319356
0.0157756		-138210
0.122229		-127747
0.137595		122141
0.183062		-64975.8
0.0416768		-107512
0.112969		-177354
0.0289931		4084.27
0.168352		150875
0.097108		64058.1
0.164581		-21340.3
0.0879354		-146700
0.0999462		-415749
0.119933		248530
0.0849473		121202
0.0821132		98781.8
0.0268815		-38969
0.00229736		71254.3
0.0238862		139054
0.191535		-90659.5
0.195639		-41946.5
0.166798		175905
0.0533402		105178
0.212738		-95258.2
0.0298294		225411
0.0541579		-37000.2
0.0482408		-28925
0.0705143		-139590
0.00705994		264573
0.172896		225494
0.210836		185579
0.204055		-297443
0.145512		238354
0.192722		15395
0.0645447		96358.3
0.0178107		70512.2
0.152842		-203326
0.227032		-406110
0.083698		-210293
0.217916		-77473.3
0.0245879		78245.3
0.00483098		-166765
0.0457696		-33858.1
0.0281096		-74.3783
0.158453		-55498.8
0.230322		-311865
0.100605		85189.2
0.074108		-57515.4
0.0591524		794.344
0.196503		-77104
0.199708		-79879.7
0.0345807		60761.8
0.142116		67732.8
0.0882403		-249806
0.0611553		-64670.6
0.13393		24231.5
0.0621556		62086.5
0.052132		-141844
0.191126		-37381.2
0.204234		-93706.7
0.207301		-266507
0.171763		65982.8
0.0461175		24268.6
0.0838512		174388
0.193659		-27118.3
0.141704		-100656
0.0396392		166674
0.118192		-157387
0.129349		-325653
0.0135473		285699
0.222135		216893
0.213799		61423.4
0.181442		258331
0.00837597		31629.4
0.0962377		45578
0.0974271		234871
0.172216		234398
0.0922893		88894.8
0.0659532		-19208.1
0.141927		-273109
0.170155		-95343.3
0.107768		74994.6
0.232206		199048
0.00389593		487174
0.232608		-42188.6
0.10448		323042
0.222414		-32152
0.169534		149939
0.0891454		133460
0.0891003		-140917
0.165826		36188.5
0.0260928		-108942
0.0426639		17009.9
0.215876		-124336
0.203275		155150
0.057893		-27191.2
0.0305121		137503
0.124407		-154063
0.0936153		382384
0.231964		35981
0.212474		161665
0.225749		194121
0.156197		-150548
0.157209		103602
0.117476		92003.2
0.214304		-96056.9
0.198329		-367058
0.00714176		180501
0.0738704		99866.9
0.184165		247031
0.229183		226194
0.116142		298639
0.0393739		-195329
0.130211		225167
0.0414175		-176844
0.00726893		-288366
0.22666		324188
0.100582		114432
0.101868		-143081
0.0725727		-89230.7
0.0677876		-66030.4
0.185786		-78022.8
0.140287		-20339.4
0.194838		-302715
0.219878		173773
0.00721371		65285.1
0.0842909		-32753.9
0.0541442		-78805.9
0.148176		102088
0.212456		171218
0.0457271		-290626
0.00242962		-146531
0.173115		-140801
0.223244		-103033
0.0645022		337691
0.104854		341351
0.00879132		-231384
0.226493		-162005
0.161704		222527
0.0954981		-92232
0.166552		-597373
0.0377326		-108797
0.206823		-135431
0.0785043		63271.8
0.0492246		-96591.6
0.0558135		-141061
0.0186028		3655.25
0.162157		118481
0.116802		109997
0.0640197		-149681
0.199313		-141889
0.098293		51455
0.0425511		108086
0.151476		158329
0.229717		300668
0.171562		-244652
0.0516171		367453
0.156767		301107
0.0473963		-63490.8
0.232532		-9441.15
0.0574139		253503
0.029473		171295
0.203394		-25267.5
0.100921		-120284
0.22033		145259
0.0466903		38896.1
0.0949286		65208.2
0.147237		47087.2
0.079738		-101213
0.12021		-72260.4
0.055291		107700
0.0843007		265500
0.162243		-266265
0.0267199		-124.073
0.191907		41756.2
0.213156		208091
0.0156331		241980
0.152292		-45501.4
0.0355105		14344
0.0606507		172994
0.0518268		-15437.6
0.0183501		-107032
0.106241		-196892
0.0681125		-195464
0.0142101		141864
0.00482442		118378
0.095032		-188992
0.188505		-251563
0.175669		9661.17
0.190297		187209
0.223348		30208.7
0.148701		-138710
0.0210558		301084
0.0241631		272667
0.0152193		240592
0.159763		-51200.6
0.111471		146292
0.224728		134783
0.076333		83177.1
0.190939		317673
0.0069187		212943
0.0366007		-216418
0.0400195		375884
0.0197533		98512
0.214638		-343488
0.174916		289750
0.21609		-94719.4
0.072693		63399.9
0.1915		-309435
0.0277239		126631
0.206761		-253166
0.132767		-180423
0.145557		-200573
0.152231		-319774
0.026927		161289
0.0497887		576289
0.0487373		-224084
0.139997		31218.7
0.0880132		40762.7
0.169024		152046
0.0115932		-37224.9
0.148828		26255.3
0.0464702		136329
0.195094		-27918
0.0550495		-53505.4
0.172311		-119180
0.208991		-324627
0.0495464		-88474.3
0.120102		153985
0.181997		-50256.9
0.166907		-82914.7
0.158267		-129932
0.152214		-174837
0.176356		-107800
0.20024		-113449
0.0385844		15498.5
0.135882		-256471
0.0507426		131519
0.132076		36895.9
0.131816		248615
0.181425		240279
0.20471		-356559
0.16146		135151
0.134215		424885
0.0528983		-295080
0.228303		126462
0.111356		41840.1
0.112072		75587.9
0.200694		180070
0.120413		-173190
0.0976411		247482
0.160033		21905
0.0889485		-37275.7
0.156437		-45569.2
0.230109		-365825
0.0224642		-44403
0.0137436		206596
0.102026		-66842.1
0.0535364		341235
0.11682		-257294
0.198261		-79467.4
0.0820659		28287.4
0.17404		-17663.6
0.0281482		166698
0.181319		196310
0.151673		-94886.1
0.14133		-38721.9
0.180576		-181333
0.0970008		-186447
0.221684		-266959
0.212128		-145516
0.0797544		-148763
0.211707		136596
0.0980651		-281691
0.0142073		-150517
0.226592		-79776
0.020459		-196384
0.0632864		-160156
0.157456		216755
0.171836		-73695.4
0.0180061		-112537
0.0863032		-19675.7
0.230763		393573
0.17332		109405
0.0977068		-504759
0.0875278		153828
0.149376		78735.7
0.142729		-36116.9
0.185092		-487690
0.185264		396024
0.128931		197532
0.106599		-198462
0.0863927		184150
0.00339379		39898.5
0.0302877		-151625
0.151335		-154644
0.190185		175992
0.0363164		-57244.6
0.180594		20532.4
0.221594		226339
0.215808		-275994
0.078116		149352
0.112758		137774
0.224391		177128
0.00559293		-345269
0.082653		413883
0.13216		496041
0.226658		57039.3
0.190816		-72298.3
0.200633		95656.5
0.122569		-51332.2
0.215304		-53031.7
0.0534978		19012.6
0.0406501		-110584
0.212252		-310504
0.068439		-13692.5
0.178318		297960
0.0151881		-438591
0.0837228		54774.9
0.120559		64705.5
0.171113		131062
0.201037		48495.3
0.0792611		39453.1
0.220499		-64666.9
0.0397592		-217333
0.173592		-289245
0.115357		75033.8
0.197042		-68261
0.0425388		79849.3
0.22141		-46265.9
0.152476		-371661
0.212945		-119212
0.0730764		148776
0.0733372		-213942
0.0407342		-25904.4
0.180683		-303459
0.0944173		-192420
0.032193		-180659
0.176203		-65632.6
0.111824		-392953
0.201184		253400
0.0301208		-122725
0.067964		46295.8
0.153975		130084
0.224761		-4126.41
0.221256		-247889
0.0509969		140544
0.184415		1915.11
0.00689141		122006
0.226704		-70268
0.209804		42257.7
0.0351162		-165353
0.232208		-11563.1
0.233928		-201636
0.184067		-63821.3
0.0824826		55660.7
0.202426		215831
0.192258		8367.7
0.00956013		247512
0.0224231		130850
0.036721		-230778
0.173473		-226466
0.0516792		-42839.1
0.199841		-289779
0.13051		-75688.5
0.0705377		-117239
0.0774673		55816.8
0.232102		262471
0.0851506		-100389
0.140612		77433.3
0.0520332		-205527
0.191483		-22607.4
0.120013		-49052.3
0.190875		24191.4
0.224582		597517
0.0637106		214737
0.0774372		-66710.6
0.113857		-149912
0.157215		57915.5
0.213505		-74863.7
0.222783		395828
0.216989		-231922
0.195676		-10128.4
0.130034		192797
0.107728		186389
0.0667978		134171
0.0769464		-63371.1
0.111284		376607
0.0210544		-47377.6
0.0321233		107546
0.125628		100929
0.0528233		104545
0.0778381		86685.1
0.156788		-62013.9
0.0751876		-112408
0.124952		-7735.15
0.0288481		-238245
0.0139257		-209667
0.18627		164626
0.200659		-82814.3
0.0984962		-151315
0.0261531		81378.6
0.108412		37280.5
0.214296		4695.46
0.148592		-151569
0.0466219		-25475.7
0.0990622		54957.1
0.229348		-148230
0.102763		-361707
0.127727		239789
0.216751		-79041.6
0.0956298		-290452
0.146337		-21521
0.23228		23790.1
0.128286		-212708
0.192944		-179311
0.204892		25951.8
0.0609197		-455445
0.0222171		503550
0.0691597		157750
0.190058		-4475.2
0.109388		58454.8
0.170393		282629
0.229279		-118739
0.172597		65922
0.093041		-23766.2
0.171706		97705.5
0.229099		-168715
0.0823474		289180
0.148363		38268.1
0.23181		23884.8
0.125522		107415
0.201791		290279
0.154665		8478.85
0.132601		-166402
0.131061		-59909.1
0.135476		170912
0.206798		-176434
0.0931778		-32043.9
0.229531		-16255.9
0.0554301		-91151.8
0.0112578		264848
0.199278		92859.9
0.0136542		57157.9
0.164851		-35175.3
0.0829546		-96361.3
0.00734674		15707.6
0.0570106		152170
0.0959892		192854
0.191544		-287493
0.19416		-328909
0.13091		111288
0.0952841		161790
0.0840307		-54819.4
0.00295177		19217.9
0.164857		95941.3
0.0441965		79344.2
0.00279645		182532
0.0724796		-168792
0.0244148		-20736.5
0.227696		-240641
0.117131		205278
0.117528		-366902
0.180218		54831.4
0.204219		57458.2
0.0848937		-242163
0.132557		51866.9
0.0626972		-427254
0.0204227		120236
0.118208		14199.8
0.0857158		-40974.9
0.118654		-155122
0.175001		274546
0.03804		9580.77
0.0537264		-603475
0.221387		154161
0.0863784		167969
0.163757		-151547
0.0774888		-116576
0.157505		40355.3
0.0730187		84433.3
0.186053		-225566
0.0262292		-159623
0.0716341		-7839.97
0.153876		64392.6
0.122244		-154750
0.231551		-170186
0.0650864		227017
0.0820733		-215020
0.0492853		-210436
0.144887		-81595.1
0.129137		12540.4
0.0819414		-35777.6
0.175281		-75657.4
0.0495655		253555
0.178419		60785.6
0.173839		-70075
0.0117846		202649
0.0998846		-75312.5
0.077529		86301.7
0.119096		-73108.7
0.0212173		-328978
0.0397766		-141636
0.0238771		259234
0.201277		460849
0.132393		-59527.6
0.0540456		-251972
0.0243901		-38177.2
0.15788		-265219
0.225429		-73880.8
0.212873		408234
0.124979		-59163.7
0.147578		33674.8
0.14006		-270014
0.045588		-189838
0.157204		294896
0.0306057		311413
0.198904		-37414.9
0.117928		-72960.9
0.00581914		-167688
0.0145088		-32539.6
0.0976207		159934
0.0163893		109195
0.185697		-176393
0.161966		303478
0.0899011		182094
0.178497		246560
0.22005		276912
0.0168091		-61069.8
0.0168773		119316
0.061425		3828.85
0.226529		7043.16
0.223799		30846.5
0.120775		156673
0.160792		376300
0.140076		-92983.1
0.111716		-50011.2
0.0714717		-8843.71
0.0798253		52309.4
0.21427		55772.3
0.112807		-73950.2
0.0778473		-227782
0.205677		-233739
0.194467		1805.4
0.134765		276276
0.220975		-78980.3
0.058593		165346
0.086255		140742
0.123761		-56305.1
0.034254		208057
0.0855942		197262
0.00589803		-132387
0.089368		108243
0.112575		61060.9
0.0518423		85388.1
0.19452		53087.4
0.0259388		143380
0.0577525		-245627
0.144086		-14846.7
0.14324		-59737
0.0674505		-217769
0.0888147		-466739
0.155003		107934
0.217938		-89265.8
0.0961564		139916
0.114552		114932
0.0176418		-258121
0.187164		63489.9
0.154562		-179964
0.0397017		-95447.7
0.0513368		154063
0.00927354		-52218.9
0.158403		37316
0.122119		292687
0.229062		149841
0.0349505		-268284
0.149344		152455
0.154083		-183233
0.0303715		27417.5
0.16218		-136944
0.119992		-201835
0.195657		-170326
0.0450198		215150
0.209793		113477
0.125775		-281349
0.0699167		-64661.9
0.184177		-50434.7
0.0879769		18476.1
0.110295		-260341
0.230144		185718
0.0403125		-129865
0.122317		264993
0.0210118		183884
0.089786		-140572
0.00866243		355922
0.0674285		268966
0.0490204		-5723.68
0.0163622		344268
0.230789		17914.2
0.134135		52276.5
0.0393911		118146
0.209264		-53988.7
0.0237237		-151477
0.179036		2068.92
0.147844		-77888.2
0.226936		-79935.4
0.103647		-35408.3
0.00258014		-45487.3
0.208027		-215937
0.155281		329299
0.182069		-144015
0.025101		-90136.2
0.00313096		221868
0.156268		65365.9
0.0575454		-104673
0.00466058		98090.7
0.188229		-92033.5
0.113717		-84440.2
0.0835285		276196
0.0367914		-35654.3
0.181002		212949
0.0640014		72236.7
0.191919		-123900
0.158782		-174757
0.108454		51894.9
0.131253		116805
0.169652		76009.7
0.0929527		-191986
0.119273		-28606.1
0.154142		99463.2
0.0622211		-249597
0.202883		-160092
0.152862		121170
0.0364125		-181126
0.152066		211338
0.199915		72722.4
0.197404		-90055.1
0.160034		-248294
0.0340599		107255
0.00185387		-15900.8
0.157998		-5061.27
0.20059		-391843
0.129258		15888.1
0.164786		236730
0.203065		-34341.5
0.0150526		87774.6
0.170259		77436.8
0.172583		-11833.8
0.0982481		-288489
0.096395		-256550
0.127098		261332
0.0345151		250572
0.127783		-392171
0.087181		-152520
0.0642055		138648
0.0303883		89049.5
0.202559		-216368
0.160382		-110865
0.0687948		-255233
0.040035		19199.1
0.0659403		13421.1
0.228334		-298559
0.00736055		273006
0.126901		-34571.5
0.148763		-386929
0.165478		-187099
0.137816		-221092
0.0966647		-20387.3
0.158236		93262.6
0.0168918		34158.4
0.193596		219624
0.115747		193824
0.2083		-127471
0.0482824		67652.6
0.170163		-52347
0.171656		-334658
0.0129697		460166
0.0225842		207108
0.0574166		40636.5
0.163118		79109.5
0.00894787		-170228
0.147214		625510
0.20603		-621683
0.102657		270997
0.172063		-93801.9
0.198613		338545
0.0418157		130013
0.14699		-142840
0.0614783		50030.7
0.187278		85582.6
0.106766		-196999
0.189791		-360357
0.0566858		327850
0.123806		-39509.1
0.0412297		-392564
0.100663		-71709
0.223425		76179.5
0.0594765		-314589
0.0408134		-117775
0.0693777		-170523
0.205556		266892
0.064119		-115554
0.120793		-89291.1
0.027414		118503
0.0445405		115423
0.0484319		-155918
0.16595		-124399
0.132016		-36092.8
0.0870286		-379438
0.0490152		33182.2
0.0210612		-86800
0.089111		-238558
0.174402		63212.2
0.0686501		177990
0.196974		53710.2
0.0811721		-144786
0.150433		-109145
0.225		112455
0.0748727		139308
0.136489		223164
0.140502		-31455.7
0.131239		-384494
0.0871429		154594
0.120572		321008
0.154197		-459354
0.0473191		-152737
0.0463807		107664
0.108962		-166380
0.116182		-325324
0.0449494		93882.8
0.0891756		-266065
0.0579018		-11479
0.096022		-301452
0.197306		165355
0.155437		-62014.6
0.0243812		-24295.7
0.227837		-462101
0.0965938		55096
0.0390312		140705
0.0584663		208003
0.101602		-170397
0.133684		-435839
0.00317303		-195875
0.102303		67511.6
0.0200034		31837.8
0.151074		-128199
0.0756245		141084
0.0581829		7844.91
0.159017		-5940.62
0.0428609		-5566.48
0.212407		20242.5
0.0675522		477019
0.166241		423500
0.162404		-204172
0.154613		-394934
0.0504412		145166
0.0556664		152119
0.121507		24306
0.0776929		128801
0.0970052		-277359
0.132241		-279215
0.0464677		-202607
0.160535		39872.8
0.0460464		-81175.2
0.210295		307088
0.166659		193306
0.0068149		376145
0.116694		175757
0.177123		5363.39
0.086354		-44554
0.0486181		197309
0.15065		-446298
0.073892		-11079.5
0.157651		-113019
0.164265		276042
0.0599574		137555
0.0951562		-251053
0.193362		-236312
0.0589079		-70003.2
0.162838		-9189.81
0.00336954		-178280
0.157301		-239984
0.000745425		-74343.5
0.151096		446253
0.15757		50522.7
0.0389402		-362957
0.206212		-6309.07
0.12095		20259.5
0.101338		50310
0.144645		46888.3
0.110188		-119419
0.154358		-80888.2
0.126288		-4045.88
0.027336		38780.1
0.0220373		7175.28
0.204993		46219.6
0.203798		36367.4
0.196077		15368.9
0.00431738		-133572
0.0923387		214106
0.102255		212415
0.0214599		7069.24
0.187174		292460
0.0803783		264931
0.00787935		308255
0.0683881		263646
0.184127		61103.7
0.0070163		-3655.07
0.124571		-170990
0.0772441		-252330
0.0494372		72951
0.0599576		49343.2
0.170783		202726
0.0765757		-27325.8
0.177985		64393.2
0.0323568		107398
0.20655		-133530
0.0524158		113700
0.000267226		385847
0.0218922		189760
0.110322		281171
0.0309088		128658
0.209758		-320443
0.181823		22407.9
0.176339		65803.4
0.156202		196796
0.167985		-288700
0.0648922		-115081
0.131369		41764.6
0.14082		354053
0.0987726		-449540
0.189643		-102557
0.122488		-188202
0.112749		81830.2
0.21661		246107
0.218807		-21045.9
0.171302		315443
0.130058		-175101
0.216206		160568
0.168265		-153859
0.0151058		187939
0.21176		113942
0.112574		53039
0.0897615		210498
0.162887		94070.7
0.225242		-32377.3
0.173046		113232
0.0993574		390962
0.00837679		-297812
0.0119818		-326622
0.135025		42724.5
0.213096		68523.7
0.147024		32503.7
0.159191		119723
0.075033		-259071
0.0181185		86690.2
0.0994717		501031
0.0146567		238444
0.226749		-74402.7
0.221333		-17848.5
0.22819		-279877
0.209376		164503
0.000378104		323216
0.0943945		-106275
0.23269		383013
0.215857		-181342
0.0944649		-201491
0.0789535		-82835.8
0.0897906		137908
0.0302245		-137044
0.0881685		200016
0.0850959		-1170.41
0.137578		398424
0.0458765		92588.6
0.0278763		-115084
0.224718		-279988
0.0256238		71538.1
0.161933		-107835
0.208673		2949.31
0.0832243		-42432.7
0.0278924		-178559
0.0963048		-301606
0.00881928		-85150.6
0.0652964		-2255.34
0.194757		338376
0.0855622		-397481
0.121283		-101862
0.0547795		210805
0.215219		44604
0.0849558		260204
0.00749311		-244235
0.110802		-82485.9
0.00752337		-84529.4
0.0511564		40519
0.0726597		-256555
0.206121		-71766.7
0.176176		154872
0.184259		-16241.5
0.122143		15260.6
0.221213		44547.5
0.181784		50596.1
0.2152		-46810.7
0.122499		-199848
0.1047		-59367.2
0.0539762		-35987.4
0.152747		145104
0.23057		571047
0.224145		261264
0.222903		-295277
0.0205257		189711
0.213082		104795
0.138684		48993.7
0.111733		-408285
0.110505		396995
0.0870079		-15038.4
0.0979058		212404
0.102367		-106282
0.00634581		15171.8
0.164323		-139997
0.0744447		-47319.1
0.00609347		-140244
0.156523		-80510.7
0.141489		-181951
0.208776		-69365.2
0.0294905		-204326
0.196458		-163642
0.147413		385445
0.102488		20196.9
0.134041		2150.32
0.0669324		-179944
0.0993764		-21276.6
0.0294729		310984
0.0856537		29393.3
0.0313634		86484.3
0.102188		259159
0.121034		-99067.2
0.17077		232271
0.185104		-39341.5
0.132849		-92588.6
0.063366		-155494
0.0960868		-322998
0.232475		71680.4
0.167838		-309708
0.163663		255721
0.115672		214975
0.117118		-107415
0.0601595		-135879
0.174798		-157405
0.0914997		-5259.55
0.125529		97887.7
0.076625		25888.1
0.0603743		-13986.8
0.223583		323099
0.1372		152858
0.0368574		-57142.4
0.0729305		-309729
0.0596887		76868.7
0.00403805		159738
0.196379		123894
0.0566178		74624.7
0.175375		411885
0.12101		174791
0.166439		21194.4
0.153482		-140517
0.159784		120408
0.115327		-74116.1
0.196711		35089.4
0.201799		-143912
0.116693		-328949
0.127556		173443
0.133807		11234.1
0.220504		-171509
0.18708		158142
0.0346849		140456
0.156727		137942
0.124248		232626
0.0650993		-175523
0.202525		-130878
0.214504		-221393
0.030916		73595.8
0.0923818		-125671
0.192875		-74315.9
0.100976		363824
0.10613		282389
0.223437		-214819
0.165325		119589
0.167859		61739.9
0.12353		-408468
0.0951868		-233076
0.0776291		-259062
0.214487		194584
0.00428744		-5810.87
0.196524		182781
0.0658645		27801.9
0.0277264		-491283
0.0212281		302584
0.0130877		-86289.5
0.120117		178615
0.212973		46505.1
0.0663853		188575
0.116084		-216084
0.224796		-187511
0.147162		139167
0.109865		81841.3
0.0492262		494236
0.209029		-281612
0.0590428		161604
0.143291		-143306
0.192921		-305753
0.135779		36364.9
0.143967		235608
0.0446092		-177570
0.126626		-100847
0.205001		-237067
0.231746		144711
0.0675094		171337
0.151777		-499369
0.0848103		158063
0.081099		-118456
0.182278		-150858
0.172413		-22024.4
0.119745		71958.9
0.0878401		22927.3
0.0948538		-10633.8
0.0130378		-99222.1
0.218782		7745.52
0.044942		151551
0.126525		24260.6
0.152099		-245250
0.0251029		-182154
0.138478		-13088.8
0.120337		38543.2
0.143617		-62186.4
0.0580929		-165522
0.0207779		144008
0.195009		69363.2
0.101932		69516.4
0.0882419		39095.1
0.094735		12685.4
0.0406809		102680
0.213723		283619
0.146946		-6975.44
0.0270375		-281345
0.0180516		-213110
0.142184		174254
0.129998		16252.9
0.113738		311924
0.134392		22088.5
0.179144		-62136
0.105308		154633
0.219628		58589.5
0.213088		-279499
0.0514552		457990
0.157271		55076.7
0.0418259		86083.5
0.105095		56602.2
0.209255		-48480.6
0.137179		24554.4
0.128073		-276898
0.11941		-155613
0.142107		-58123.8
0.204474		43173.6
0.222671		46260.3
0.10479		84487.8
0.192253		380802
0.21449		296692
0.0690408		4579.76
0.218778		-96146.6
0.18058		25578.5
0.00867275		-201407
0.0104088		5450.48
0.094597		-76688.1
0.119798		154266
0.193593		143418
0.060461		-123615
0.202095		-207470
0.0626151		185040
0.0599507		-97686
0.217056		-150626
0.167368		62059.2
0.0415929		23494.3
0.0740945		-189973
0.0833506		198002
0.145855		416733
0.0576478		-4481.33
0.0824568		325649
0.190525		-149193
0.192957		296044
0.0597923		-106069
0.173204		174377
0.0276211		132859
0.0858494		169536
0.162426		-85934.8
0.0978875		-411523
0.0580538		-20109.5
0.186055		290833
0.076667		-195690
0.182082		-226933
0.202407		-186705
0.214882		219275
0.0310401		-53173.6
0.142208		-35679.5
0.222407		-20633
0.137392		106774
0.214452		-86517.1
0.171166		37484.4
0.165573		213597
0.112893		122365
0.162511		241041
0.0228381		-54286.4
0.151571		90504.4
0.0770395		124475
0.213859		-182145
0.186325		-199596
0.0871309		-29583.1
0.130054		-43850.3
0.0631486		-39062.4
0.217096		-107023
0.0577213		-96426.5
0.119083		-214635
0.163522		-106902
0.148294		6178.1
0.17535		-124058
0.0862646		82186.9
0.0478794		-63968.5
0.150106		-149073
0.130203		-93714.8
0.209223		-279186
0.145798		-145443
0.10452		-153019
0.227999		-10324.2
0.0685675		-288857
0.0748171		142332
0.0907611		-130540
0.20653		51646.2
0.0308706		-80267.2
0.188159		243253
0.116128		-22654.5
0.0554143		-178169
0.231608		18053
0.0974779		-182457
0.0264262		245593
0.217793		-148222
0.22735		-235426
0.159671		-149806
0.0223733		-26832.1
0.0666412		-131719
0.103311		-137935
0.0307272		-254059
0.0661808		23069.5
0.0826388		-255612
0.143488		80043.5
0.072411		-235415
0.148022		116789
0.185816		233727
0.153048		322433
0.0473931		118868
0.141246		208894
0.20766		162530
0.0317523		-291489
0.115395		79903.8
0.162506		218232
0.020578		-7200.92
0.131952		-119939
0.176212		296893
0.174869		131104
0.0844548		75130.5
0.19868		-217148
0.12979		-150635
0.197891		463721
0.0581592		753400
0.157487		77730.4
0.0185401		-55725.8
0.135417		182585
0.232314		-86270
0.0073659		-19161.7
0.150211		-66314.6
0.137678		-104990
0.0909464		-137963
0.179058		-6733.99
0.0638928		147362
0.129038		224202
0.168601		234792
0.212604		-84983.2
0.221953		381072
0.199212		188343
0.21277		52019.3
0.224679		180028
0.00164149		130275
0.0576538		-33527.9
0.105015		149848
0.0895841		197072
0.0707123		-92106.4
0.0547588		13784.7
0.0607128		-294767
0.0648502		416296
0.120638		326816
0.0791822		-107842
0.0503776		-156658
0.0379232		160440
0.118492		-76923.5
0.224064		-310792
0.0984748		15706.6
0.227609		66972.1
0.138784		150139
0.0151017		327581
0.202476		-251467
0.138834		173705
0.214499		120915
0.0572609		78590.7
0.182152		-35233.3
0.0567793		-390250
0.195372		98226.2
0.155095		14544.5
0.0651177		124568
0.190948		-121124
0.228122		27598.2
0.0282655		-22201.8
0.194871		-290727
0.202354		6306.75
0.104024		204886
0.0619742		-161598
0.0201298		161493
0.228622		-188235
0.140204		59796.6
0.153669		-195371
0.0502987		-718.941
0.132351		30507.5
0.150522		-250846
0.0509119		-238212
0.175871		-234660
0.0587186		134793
0.0852152		-161032
0.00604222		48137.3
0.0671248		125197
0.0078494		119869
0.0796447		97805.2
0.220422		-270012
0.130821		57292.8
0.106352		61420.4
0.222378		-455782
0.0079069		88131.1
0.118399		-117091
0.110882		-137453
0.225211		291875
0.0490717		103409
0.167839		-66760
0.12388		39301
0.0486022		-323090
0.120941		-160769
0.217505		-149377
0.157306		294671
0.0679591		-349823
0.0851849		31085.6
0.0483544		38845.3
0.207558		15939.4
0.0713399		-25523.1
0.000951465		-204684
0.0599014		-6382.78
0.167814		27296.1
0.0459049		221496
0.138237		-64915
0.168058		14415.4
0.169204		-93707.2
0.0579148		-121905
0.185184		-341065
0.139794		90521
0.202509		-217786
0.0237056		199941
0.0231196		-59188
0.0942275		323950
0.0793457		-308752
0.15669		62218.5
0.0311517		-58804.9
0.115297		-39530.3
0.169832		-278118
0.169119		-31966.6
0.202767		-236412
0.221497		2403.45
0.0296612		-92224.1
0.175815		-12376.9
0.162173		-81832.1
0.152631		528.369
0.0073098		163758
0.0965286		-194706
0.163825		-137555
0.092591		-9100.23
0.110803		-31584.8
0.221726		-11427.4
0.0542519		-55161
0.0112051		-28840.8
0.0804081		-469075
0.0359963		-7465.11
0.1093		94350.2
0.105139		-59146.2
0.158715		-334834
0.195013		-78441.6
0.0860953		-101362
0.175049		-107525
0.00573559		102441
0.0322118		93.2122
0.0446395		-125932
0.201628		-174532
0.0863421		-118320
0.189363		-12675.8
0.195702		-266807
0.0213473		-508411
0.232354		371913
0.123762		203853
0.183874		262577
0.00487109		-77292.8
0.200833		356384
0.0655801		146555
0.147639		256080
0.145393		37346.1
0.107147		97737.8
0.00907298		42459.8
0.0264331		149269
0.135749		-9303.18
0.173412		-182477
0.13167		-94264.7
0.233784		-57499.9
0.0660861		96309.7
0.0805372		93181.3
0.212687		62067.3
0.129796		-264.653
0.0910462		193137
0.0127263		78126.4
0.203874		-36365.7
0.034503		-280045
0.14603		-49451.5
0.0943172		-56186.5
0.00653454		75092.1
0.191655		410057
0.0170176		226929
0.148213		144547
0.0860288		37408.3
0.1025		-337887
0.0823547		169183
0.194891		42392.5
0.128458		-35644.6
0.153939		77060.9
0.046786		118060
0.192416		149042
0.155265		-229124
0.0702273		-260859
0.0583679		109434
0.130447		210328
0.0455581		-164049
0.128152		6667.35
0.0361857		-14398.9
0.118394		-213147
0.0722683		-44349.1
0.208871		1052.81
0.130461		-133892
0.178566		-136554
0.0377303		90614.4
0.222445		45072.8
0.185724		-28002.6
0.069184		44586.7
0.195543		264709
0.124731		-101735
0.0631541		-93175.9
0.115082		139262
0.0547676		54242.3
0.107186		83452.8
0.222592		132450
0.0483318		104151
0.0921133		189193
0.00227167		-114352
0.108405		-212704
0.0661874		-289642
0.0673499		6516.6
0.138523		123201
0.0448096		48131.9
0.0669386		24849.4
0.0114491		-377603
0.0840615		67833.1
0.170436		-102421
0.0895204		-148092
0.181571		31872.5
0.0510466		34910.3
0.212303		-55313.8
0.130644		195901
0.063535		-183686
0.0859852		54914.2
0.00612059		-85055.6
0.079648		-76788.1
0.20905		-57996.9
0.0900262		-14248.7
0.221355		-59270.4
0.0057748		-315063
0.106317		181895
0.0489453		-65987.7
0.0892702		24569.2
0.159264		-181647
0.0676417		-153801
0.0466094		-52728.3
0.0749122		-36949
0.0506017		330352
0.226986		-27311.9
0.122636		187285
0.0378571		263831
0.0443997		-22035.4
0.227134		206813
0.216887		-30017.2
0.050606		-91610.9
0.196968		-377878
0.0979991		-247324
0.0659604		-103608
0.172169		109871
0.124713		-150784
0.100246		41902.6
0.132916		69449.1
0.186446		127491
0.104917		-176098
0.163161		-24552.8
0.158191		-117803
0.0169514		48359
0.110732		1508.89
0.039074		54752.9
0.0922173		159005
0.110911		-31601.7
0.0787894		-232822
0.208512		-77200.4
0.0821213		330008
0.19937		-29495.7
0.0165833		144008
0.0503349		-197496
0.14907		-140444
0.228443		44615.1
0.178661		-129724
0.115333		298989
0.186354		31104.9
0.18506		-429593
0.0653858		182080
0.185193		252946
0.174598		268054
0.011072		86249.9
0.104455		25990.9
0.163932		-137565
0.0144414		-155442
0.149953		18938.8
0.132175		-76678.6
0.0988812		-58680.2
0.0999266		368862
0.174187		365602
0.149237		24444.5
0.232653		-22334.5
0.145025		68001.1
0.0678602		-81427.3
0.0730888		60290
0.00905986		19886.1
0.15676		-125377
0.187094		88003.2
0.169494		-6113.19
0.183362		105503
0.232741		21751.3
0.080507		-10919.2
0.01946		-99525.7
0.164235		-153081
0.160629		-88702.8
0.0275012		-178887
0.165767		-249805
0.0933179		-178782
0.0510431		5349.45
0.133414		-161189
0.0708855		-55389.1
0.067183		107658
0.0832415		-26771.2
0.117824		129434
0.18125		-38728.7
0.153412		-126100
0.106321		-12389.8
0.0517214		-276180
0.0981675		235853
0.0417382		-183585
0.0284521		-16223.5
0.200717		167584
0.0194632		-110309
0.205145		128612
0.172466		-92393.6
0.106542		-119947
0.176962		-126596
0.0569319		105323
0.193657		-24153.1
0.11717		196459
0.066396		-180202
0.0498843		45289.9
0.233355		-421073
0.163045		78012.3
0.00606279		-308546
0.109846		-169205
0.0277268		-161678
0.0791565		218768
0.0347073		-100035
0.133773		40071.7
0.0539813		169150
0.218721		224356
0.2024		36245.8
0.052143		-44636.7
0.159139		-74980.1
0.120118		341823
0.143762		-97563.4
0.0653246		-155691
0.00743809		-198266
0.0989142		70857.8
0.141157		186484
0.167987		81065.2
0.0761337		329344
0.108315		1504.87
0.218607		-170223
0.174133		-146035
0.088754		-562719
0.124009		-387314
0.192496		-419050
0.172445		-72462.8
0.194252		-330988
0.0144371		-284534
0.0703416		60583.1
0.0506141		242437
0.10507		-66503.9
0.151137		199417
0.152142		358719
0.040528		269690
0.00235446		-298415
0.20737		92746.8
0.122845		-2014.3
0.0180707		-165117
0.165198		-205557
0.0135352		117146
0.104212		-162655
0.182921		54349.3
0.171411		311575
0.175516		-103058
0.0276633		242731
0.00948566		-165352
0.0154669		-101716
0.22549		58142.1
0.137119		165709
0.207865		95583.1
0.0214557		114296
0.043084		-32043.3
0.158468		-89571.1
0.183881		117463
0.195338		201730
0.16966		-95430.9
0.194542		-57304.8
0.119143		-163564
0.0556187		375903
0.199935		90149.2
0.196686		-140727
0.0083823		-10843.6
0.0312442		186452
0.0560082		-72058.4
0.172182		82576.5
0.00144636		-46143.9
0.0350242		-120212
0.171343		-224496
0.0283596		-49895.5
0.183209		25976.1
0.188081		96832.6
0.00382881		-117141
0.231283		-121553
0.208185		-66778.9
0.113057		55533.7
0.230465		-153833
0.159006		94257.7
0.199899		-39556.9
0.0713216		383555
0.00755606		304048
0.137141		154702
0.0545711		131362
0.0742128		17836.4
0.20188		148706
0.083748		-17217.9
0.192135		157899
0.0730964		20367.2
0.0670657		272616
0.18881		47798
0.0141816		-108428
0.130584		150074
0.108969		-69357.8
0.200085		-64315.5
0.229922		-152975
0.0445985		-246808
0.124175		252205
0.0539888		-55507.3
0.00461236		-172258
0.144619		102887
0.0581438		-195730
0.113978		-64817.1
0.139933		136439
0.067242		-62397.3
0.0706004		-71095.8
0.0545459		70286.4
0.131365		-241908
0.000396498		-83467.8
0.087842		110976
0.123724		161390
0.224958		171476
0.195631		-482615
0.20538		115711
0.220867		-264174
0.0243997		191438
0.14448		-288182
0.222369		-374827
0.0179474		219339
0.106968		-13759
0.21747		-96419.2
0.110882		152651
0.202513		-15822.9
0.158561		-242756
0.210429		-183194
0.0815675		-75113
0.00539214		327869
0.113319		318425
0.0385624		98736
0.0546208		-254653
0.00570882		-136804
0.165615		22380.6
0.179606		-20557.5
0.0934458		-278037
0.145136		-196492
0.0510297		45762.8
0.214758		396104
0.216989		369886
0.148904		166930
0.00303424		259649
0.123784		-54313.9
0.114029		-275299
0.011593		152463
0.0134668		170876
0.110826		-26633.8
0.133822		142189
0.0867926		-302674
0.191595		203337
0.138795		180451
0.172181		131507
0.0586189		152464
0.0814499		111336
0.0748216		253776
0.199556		295001
0.0973403		105478
0.144312		-157432
0.21538		-300688
0.129296		23380.6
0.147388		18395.9
0.131015		7389.92
0.0882141		-552716
0.0964882		54826.4
0.0460927		37317.8
0.0580456		-109984
0.0293538		141069
0.0804871		89219.3
0.0403324		-70489.8
0.00929966		305019
0.186745		-24517.1
0.217702		-626320
0.149158		30582
0.147958		-427478
0.154614		-235797
0.0536747		21898.7
0.220901		-206736
0.111233		426794
0.0952737		-119539
0.206298		-161303
0.22092		-81034.1
0.162132		-135418
0.0873012		124277
0.0161715		391692
0.108559		147709
0.00507456		-103118
0.0161702		-110495
0.0976735		258510
0.143813		-42383.6
0.0824073		-24432
0.21076		200619
0.224984		24278.9
0.201253		155081
0.222661		5583.98
0.0507418		71325.6
0.178156		42023
0.044896		-387790
0.0277497		147720
0.061492		-30533.7
0.0533471		58161.1
0.158754		148226
0.128301		-279307
0.211402		-447928
0.208884		71881.5
0.159248		148487
0.187869		34345.5
0.0374399		49884.7
0.139821		-277241
0.113133		-280146
0.0476505		34605.5
0.170757		100412
0.0456824		-80893.2
0.0121426		-125142
0.172881		-22669.6
0.0467044		-289281
0.118974		76565.8
0.187578		-58216.9
0.105106		-173684
0.124791		20939.2
0.065561		131829
0.0294419		-200755
0.107012		150497
0.129825		-55719.1
0.0105368		-123740
0.129818		-32266
0.143555		-117429
0.0422697		-150881
0.0777011		127676
0.112568		86119.8
0.109208		-202611
0.112126		-366551
0.0197601		177378
0.0820461		-372948
0.187547		156096
0.234215		-447640
0.155709		198870
0.130191		192673
0.179959		37238.1
0.00444374		-230810
0.00687633		213858
0.0951581		-146726
0.21352		193397
0.0752371		515236
0.0429113		-52270
0.0276415		173496
0.0343124		-23990
0.0988748		-252662
0.152686		-48912.4
0.19293		114714
0.0727321		535306
0.122187		-23509.2
0.020062		-131215
0.180913		47557.8
0.231493		206191
0.209762		-253747
0.227866		168726
0.0275158		-230346
0.108205		-280016
0.0992136		-1657.62
0.00984059		6456.67
0.0422303		-104791
0.106697		-245615
0.0319031		-22811.9
0.136954		157805
0.124579		286754
0.211481		-196677
0.155579		103188
0.209785		268969
0.0832877		-368131
0.0215101		-149153
0.0180918		211636
0.160447		477633
0.0477055		-323989
0.0592598		-31594.7
0.00676252		-427018
0.0171354		162637
0.114478		-105588
0.00417759		-137750
0.034079		215597
0.167694		135306
0.0736144		364242
0.108338		-171359
0.108811		92559.8
0.0736826		-54967.2
0.183284		132555
0.17118		-610038
0.234903		-206097
0.0707355		50325
0.173373		28617.6
0.0529732		-204983
0.132784		141209
0.0734231		-148475
0.170797		179570
0.16534		-420584
0.180545		173344
0.121868		359780
0.224831		82726.1
0.0846549		310246
0.102225		174540
0.0873712		-222446
0.0172534		73719
0.105794		-98158.9
0.0820263		-438812
0.0471686		-90847.5
0.0913643		110776
0.148494		161667
0.139735		240621
0.0708418		-153940
0.0870488		224200
0.122313		205243
0.162936		211895
0.155142		89838.5
0.200773		-67315.3
0.19295		113693
0.219659		15189.3
0.124812		312332
0.0363039		142503
0.0184146		-44830.9
0.162619		439119
0.111889		3907.99
0.105703		-247424
0.0520965		-119614
0.148577		222980
0.132991		139317
0.225003		-246886
0.179335		-231402
0.192511		85675.2
0.0443184		57857.6
0.00184403		183745
0.145061		-178528
0.126661		-232168
0.158175		214548
0.134388		-154752
0.0857889		155859
0.00955199		45409
0.0183925		-445547
0.00321608		-269473
0.122239		-261235
0.0180559		233447
0.225451		329378
0.211861		-53960.8
0.109604		-278639
0.226113		137292
0.184587		-213810
0.112834		-42562.9
0.000861025		-13187.4
0.0232555		30929.3
0.119053		-326990
0.211003		-686748
0.0224505		-155374
0.00723485		-146063
0.0653943		132683
0.219226		150232
0.212823		-46564.2
0.02681		-214761
0.0480436		99949.3
0.0311286		190079
0.233639		276191
0.112052		154882
0.199381		175680
0.158587		12435.3
0.187531		-203469
0.199775		80201
0.207505		-64055.8
0.0698092		99747.8
0.221361		32542.2
0.175251		-488.814
0.143575		180868
0.0608894		-247026
0.00750026		-25783.8
0.103249		-249965
0.193556		-270621
0.0391445		-116750
0.140333		344196
0.0730026		-39548.1
0.210879		130038
0.120472		156210
0.11761		37814.3
0.152366		65220.4
0.0481555		-265045
0.194621		70272.5
0.0896409		4744.81
0.0873985		-15464.6
0.161791		-74907.4
0.218719		-60407.2
0.193916		17246.9
0.0107797		242062
0.00133915		69128.2
0.144726		-260431
0.100236		-126495
0.149053		-261783
0.0347503		178423
0.0987319		90107.3
0.201711		175709
0.076234		316634
0.0917592		-19651.8
0.142398		236521
0.179307		-573563
0.00427156		-106936
0.159064		-277896
0.105118		204229
0.0687042		68055.6
0.0502016		268505

