
##### time= 3.236646307e-06, label: 
0		-0.035254		-0
0		-0.0329037		-0
0		-0.0305535		-0
0		-0.0282032		-0
0		-0.0258529		-0
0		-0.0235027		-0
0		-0.0211524		-0
0		-0.0188021		-0
0		-0.0164519		-0
0		-0.0141016		-0
0		-0.0117513		-0
0		-0.00940107		-0
0		-0.0070508		-0
0		-0.00470053		-0
0		-0.00235027		-0
0		0		-0
0		0.00235027		-0
0		0.00470053		-0
0		0.0070508		-0
0		0.00940107		-0
0		0.0117513		-0
0		0.0141016		-0
0		0.0164519		-0
0		0.0188021		-0
0		0.0211524		-0
0		0.0235027		-0
0		0.0258529		-0
0		0.0282032		-0
0		0.0305535		-0
0		0.0329037		-0
0		0.035254		-0
0.00235027		-0.035254		-0
0.00235027		-0.0329037		-0
0.00235027		-0.0305535		-0
0.00235027		-0.0282032		-0
0.00235027		-0.0258529		-0
0.00235027		-0.0235027		-0
0.00235027		-0.0211524		-0
0.00235027		-0.0188021		-0
0.00235027		-0.0164519		-0
0.00235027		-0.0141016		-0
0.00235027		-0.0117513		-0
0.00235027		-0.00940107		1.06203E+11
0.00235027		-0.0070508		1.17583E+11
0.00235027		-0.00470053		3.57916E+10
0.00235027		-0.00235027		1.67075E+11
0.00235027		0		5.61948E+09
0.00235027		0.00235027		4.92754E+09
0.00235027		0.00470053		1.24159E+10
0.00235027		0.0070508		1.15072E+11
0.00235027		0.00940107		-0
0.00235027		0.0117513		-0
0.00235027		0.0141016		-0
0.00235027		0.0164519		-0
0.00235027		0.0188021		-0
0.00235027		0.0211524		-0
0.00235027		0.0235027		-0
0.00235027		0.0258529		-0
0.00235027		0.0282032		-0
0.00235027		0.0305535		-0
0.00235027		0.0329037		-0
0.00235027		0.035254		-0
0.00470053		-0.035254		-0
0.00470053		-0.0329037		-0
0.00470053		-0.0305535		-0
0.00470053		-0.0282032		-0
0.00470053		-0.0258529		-0
0.00470053		-0.0235027		-0
0.00470053		-0.0211524		-0
0.00470053		-0.0188021		-0
0.00470053		-0.0164519		-0
0.00470053		-0.0141016		-0
0.00470053		-0.0117513		-0
0.00470053		-0.00940107		1.24406E+10
0.00470053		-0.0070508		1.37737E+10
0.00470053		-0.00470053		1.73742E+11
0.00470053		-0.00235027		4.94066E+11
0.00470053		0		4.06989E+11
0.00470053		0.00235027		1.35073E+11
0.00470053		0.00470053		6.68678E+10
0.00470053		0.0070508		1.6015E+11
0.00470053		0.00940107		9.06957E+10
0.00470053		0.0117513		2.05766E+10
0.00470053		0.0141016		-0
0.00470053		0.0164519		-0
0.00470053		0.0188021		-0
0.00470053		0.0211524		-0
0.00470053		0.0235027		-0
0.00470053		0.0258529		-0
0.00470053		0.0282032		-0
0.00470053		0.0305535		-0
0.00470053		0.0329037		-0
0.00470053		0.035254		-0
0.0070508		-0.035254		-0
0.0070508		-0.0329037		-0
0.0070508		-0.0305535		-0
0.0070508		-0.0282032		-0
0.0070508		-0.0258529		-0
0.0070508		-0.0235027		-0
0.0070508		-0.0211524		-0
0.0070508		-0.0188021		-0
0.0070508		-0.0164519		-0
0.0070508		-0.0141016		-0
0.0070508		-0.0117513		-0
0.0070508		-0.00940107		-0
0.0070508		-0.0070508		9.82493E+10
0.0070508		-0.00470053		4.54636E+11
0.0070508		-0.00235027		4.62195E+11
0.0070508		0		6.85032E+11
0.0070508		0.00235027		7.07318E+11
0.0070508		0.00470053		2.44188E+11
0.0070508		0.0070508		3.71521E+11
0.0070508		0.00940107		1.65105E+11
0.0070508		0.0117513		2.56537E+10
0.0070508		0.0141016		-0
0.0070508		0.0164519		-0
0.0070508		0.0188021		-0
0.0070508		0.0211524		-0
0.0070508		0.0235027		-0
0.0070508		0.0258529		-0
0.0070508		0.0282032		-0
0.0070508		0.0305535		-0
0.0070508		0.0329037		-0
0.0070508		0.035254		-0
0.00940107		-0.035254		-0
0.00940107		-0.0329037		-0
0.00940107		-0.0305535		-0
0.00940107		-0.0282032		-0
0.00940107		-0.0258529		-0
0.00940107		-0.0235027		-0
0.00940107		-0.0211524		-0
0.00940107		-0.0188021		-0
0.00940107		-0.0164519		-0
0.00940107		-0.0141016		-0
0.00940107		-0.0117513		-0
0.00940107		-0.00940107		1.08334E+10
0.00940107		-0.0070508		2.2325E+11
0.00940107		-0.00470053		7.22821E+11
0.00940107		-0.00235027		5.40676E+11
0.00940107		0		9.29441E+11
0.00940107		0.00235027		8.94435E+11
0.00940107		0.00470053		4.56187E+11
0.00940107		0.0070508		4.5005E+11
0.00940107		0.00940107		1.51237E+11
0.00940107		0.0117513		-0
0.00940107		0.0141016		-0
0.00940107		0.0164519		-0
0.00940107		0.0188021		-0
0.00940107		0.0211524		-0
0.00940107		0.0235027		-0
0.00940107		0.0258529		-0
0.00940107		0.0282032		-0
0.00940107		0.0305535		-0
0.00940107		0.0329037		-0
0.00940107		0.035254		-0
0.0117513		-0.035254		-0
0.0117513		-0.0329037		-0
0.0117513		-0.0305535		-0
0.0117513		-0.0282032		-0
0.0117513		-0.0258529		-0
0.0117513		-0.0235027		-0
0.0117513		-0.0211524		-0
0.0117513		-0.0188021		-0
0.0117513		-0.0164519		-0
0.0117513		-0.0141016		-0
0.0117513		-0.0117513		-0
0.0117513		-0.00940107		4.4259E+09
0.0117513		-0.0070508		1.60502E+11
0.0117513		-0.00470053		5.32155E+11
0.0117513		-0.00235027		6.07741E+11
0.0117513		0		1.04006E+12
0.0117513		0.00235027		9.14021E+11
0.0117513		0.00470053		1.36194E+12
0.0117513		0.0070508		3.99524E+11
0.0117513		0.00940107		6.41851E+09
0.0117513		0.0117513		-0
0.0117513		0.0141016		-0
0.0117513		0.0164519		-0
0.0117513		0.0188021		-0
0.0117513		0.0211524		-0
0.0117513		0.0235027		-0
0.0117513		0.0258529		-0
0.0117513		0.0282032		-0
0.0117513		0.0305535		-0
0.0117513		0.0329037		-0
0.0117513		0.035254		-0
0.0141016		-0.035254		-0
0.0141016		-0.0329037		-0
0.0141016		-0.0305535		-0
0.0141016		-0.0282032		-0
0.0141016		-0.0258529		-0
0.0141016		-0.0235027		-0
0.0141016		-0.0211524		-0
0.0141016		-0.0188021		-0
0.0141016		-0.0164519		-0
0.0141016		-0.0141016		-0
0.0141016		-0.0117513		-0
0.0141016		-0.00940107		1.43506E+11
0.0141016		-0.0070508		2.99513E+11
0.0141016		-0.00470053		5.5998E+11
0.0141016		-0.00235027		9.74184E+11
0.0141016		0		5.87077E+11
0.0141016		0.00235027		7.05561E+11
0.0141016		0.00470053		1.42544E+12
0.0141016		0.0070508		6.18713E+11
0.0141016		0.00940107		2.04486E+11
0.0141016		0.0117513		-0
0.0141016		0.0141016		-0
0.0141016		0.0164519		-0
0.0141016		0.0188021		-0
0.0141016		0.0211524		-0
0.0141016		0.0235027		-0
0.0141016		0.0258529		-0
0.0141016		0.0282032		-0
0.0141016		0.0305535		-0
0.0141016		0.0329037		-0
0.0141016		0.035254		-0
0.0164519		-0.035254		-0
0.0164519		-0.0329037		-0
0.0164519		-0.0305535		-0
0.0164519		-0.0282032		-0
0.0164519		-0.0258529		-0
0.0164519		-0.0235027		-0
0.0164519		-0.0211524		-0
0.0164519		-0.0188021		-0
0.0164519		-0.0164519		-0
0.0164519		-0.0141016		-0
0.0164519		-0.0117513		-0
0.0164519		-0.00940107		6.24226E+10
0.0164519		-0.0070508		4.5196E+11
0.0164519		-0.00470053		1.03746E+12
0.0164519		-0.00235027		1.25924E+12
0.0164519		0		1.41269E+12
0.0164519		0.00235027		8.08075E+11
0.0164519		0.00470053		1.38165E+12
0.0164519		0.0070508		8.00567E+11
0.0164519		0.00940107		3.98128E+11
0.0164519		0.0117513		8.26099E+10
0.0164519		0.0141016		-0
0.0164519		0.0164519		-0
0.0164519		0.0188021		-0
0.0164519		0.0211524		-0
0.0164519		0.0235027		-0
0.0164519		0.0258529		-0
0.0164519		0.0282032		-0
0.0164519		0.0305535		-0
0.0164519		0.0329037		-0
0.0164519		0.035254		-0
0.0188021		-0.035254		-0
0.0188021		-0.0329037		-0
0.0188021		-0.0305535		-0
0.0188021		-0.0282032		-0
0.0188021		-0.0258529		-0
0.0188021		-0.0235027		-0
0.0188021		-0.0211524		-0
0.0188021		-0.0188021		-0
0.0188021		-0.0164519		-0
0.0188021		-0.0141016		-0
0.0188021		-0.0117513		-0
0.0188021		-0.00940107		5.63262E+09
0.0188021		-0.0070508		2.9266E+11
0.0188021		-0.00470053		7.11529E+11
0.0188021		-0.00235027		9.56311E+11
0.0188021		0		1.00077E+12
0.0188021		0.00235027		1.00544E+12
0.0188021		0.00470053		7.504E+11
0.0188021		0.0070508		2.62326E+11
0.0188021		0.00940107		8.05224E+10
0.0188021		0.0117513		3.84033E+10
0.0188021		0.0141016		-0
0.0188021		0.0164519		-0
0.0188021		0.0188021		-0
0.0188021		0.0211524		-0
0.0188021		0.0235027		-0
0.0188021		0.0258529		-0
0.0188021		0.0282032		-0
0.0188021		0.0305535		-0
0.0188021		0.0329037		-0
0.0188021		0.035254		-0
0.0211524		-0.035254		-0
0.0211524		-0.0329037		-0
0.0211524		-0.0305535		-0
0.0211524		-0.0282032		-0
0.0211524		-0.0258529		-0
0.0211524		-0.0235027		-0
0.0211524		-0.0211524		-0
0.0211524		-0.0188021		-0
0.0211524		-0.0164519		-0
0.0211524		-0.0141016		-0
0.0211524		-0.0117513		-0
0.0211524		-0.00940107		5.22005E+10
0.0211524		-0.0070508		8.39687E+11
0.0211524		-0.00470053		8.91437E+11
0.0211524		-0.00235027		1.41743E+12
0.0211524		0		1.18281E+12
0.0211524		0.00235027		1.10478E+12
0.0211524		0.00470053		1.10014E+12
0.0211524		0.0070508		3.23152E+11
0.0211524		0.00940107		2.05203E+11
0.0211524		0.0117513		-0
0.0211524		0.0141016		-0
0.0211524		0.0164519		-0
0.0211524		0.0188021		-0
0.0211524		0.0211524		-0
0.0211524		0.0235027		-0
0.0211524		0.0258529		-0
0.0211524		0.0282032		-0
0.0211524		0.0305535		-0
0.0211524		0.0329037		-0
0.0211524		0.035254		-0
0.0235027		-0.035254		-0
0.0235027		-0.0329037		-0
0.0235027		-0.0305535		-0
0.0235027		-0.0282032		-0
0.0235027		-0.0258529		-0
0.0235027		-0.0235027		-0
0.0235027		-0.0211524		-0
0.0235027		-0.0188021		-0
0.0235027		-0.0164519		-0
0.0235027		-0.0141016		-0
0.0235027		-0.0117513		-0
0.0235027		-0.00940107		1.50857E+11
0.0235027		-0.0070508		7.37483E+11
0.0235027		-0.00470053		1.3626E+12
0.0235027		-0.00235027		8.96729E+11
0.0235027		0		1.40839E+12
0.0235027		0.00235027		8.02625E+11
0.0235027		0.00470053		5.18114E+11
0.0235027		0.0070508		2.44299E+11
0.0235027		0.00940107		2.31055E+11
0.0235027		0.0117513		-0
0.0235027		0.0141016		-0
0.0235027		0.0164519		-0
0.0235027		0.0188021		-0
0.0235027		0.0211524		-0
0.0235027		0.0235027		-0
0.0235027		0.0258529		-0
0.0235027		0.0282032		-0
0.0235027		0.0305535		-0
0.0235027		0.0329037		-0
0.0235027		0.035254		-0
0.0258529		-0.035254		-0
0.0258529		-0.0329037		-0
0.0258529		-0.0305535		-0
0.0258529		-0.0282032		-0
0.0258529		-0.0258529		-0
0.0258529		-0.0235027		-0
0.0258529		-0.0211524		-0
0.0258529		-0.0188021		-0
0.0258529		-0.0164519		-0
0.0258529		-0.0141016		-0
0.0258529		-0.0117513		4.66966E+10
0.0258529		-0.00940107		1.24682E+11
0.0258529		-0.0070508		5.06219E+11
0.0258529		-0.00470053		1.38448E+12
0.0258529		-0.00235027		8.88066E+11
0.0258529		0		1.3811E+12
0.0258529		0.00235027		1.03883E+12
0.0258529		0.00470053		3.11719E+11
0.0258529		0.0070508		3.0962E+11
0.0258529		0.00940107		8.19704E+10
0.0258529		0.0117513		-0
0.0258529		0.0141016		-0
0.0258529		0.0164519		-0
0.0258529		0.0188021		-0
0.0258529		0.0211524		-0
0.0258529		0.0235027		-0
0.0258529		0.0258529		-0
0.0258529		0.0282032		-0
0.0258529		0.0305535		-0
0.0258529		0.0329037		-0
0.0258529		0.035254		-0
0.0282032		-0.035254		-0
0.0282032		-0.0329037		-0
0.0282032		-0.0305535		-0
0.0282032		-0.0282032		-0
0.0282032		-0.0258529		-0
0.0282032		-0.0235027		-0
0.0282032		-0.0211524		-0
0.0282032		-0.0188021		-0
0.0282032		-0.0164519		-0
0.0282032		-0.0141016		-0
0.0282032		-0.0117513		3.00304E+10
0.0282032		-0.00940107		6.78178E+10
0.0282032		-0.0070508		4.12037E+11
0.0282032		-0.00470053		5.61502E+11
0.0282032		-0.00235027		1.17881E+12
0.0282032		0		1.30532E+12
0.0282032		0.00235027		1.27117E+12
0.0282032		0.00470053		7.4181E+11
0.0282032		0.0070508		8.03141E+11
0.0282032		0.00940107		8.84222E+10
0.0282032		0.0117513		-0
0.0282032		0.0141016		-0
0.0282032		0.0164519		-0
0.0282032		0.0188021		-0
0.0282032		0.0211524		-0
0.0282032		0.0235027		-0
0.0282032		0.0258529		-0
0.0282032		0.0282032		-0
0.0282032		0.0305535		-0
0.0282032		0.0329037		-0
0.0282032		0.035254		-0
0.0305535		-0.035254		-0
0.0305535		-0.0329037		-0
0.0305535		-0.0305535		-0
0.0305535		-0.0282032		-0
0.0305535		-0.0258529		-0
0.0305535		-0.0235027		-0
0.0305535		-0.0211524		-0
0.0305535		-0.0188021		-0
0.0305535		-0.0164519		-0
0.0305535		-0.0141016		-0
0.0305535		-0.0117513		-0
0.0305535		-0.00940107		-0
0.0305535		-0.0070508		1.53043E+11
0.0305535		-0.00470053		4.33634E+11
0.0305535		-0.00235027		7.50657E+11
0.0305535		0		9.84264E+11
0.0305535		0.00235027		1.14173E+12
0.0305535		0.00470053		7.87165E+11
0.0305535		0.0070508		4.66837E+11
0.0305535		0.00940107		9.26563E+10
0.0305535		0.0117513		-0
0.0305535		0.0141016		-0
0.0305535		0.0164519		-0
0.0305535		0.0188021		-0
0.0305535		0.0211524		-0
0.0305535		0.0235027		-0
0.0305535		0.0258529		-0
0.0305535		0.0282032		-0
0.0305535		0.0305535		-0
0.0305535		0.0329037		-0
0.0305535		0.035254		-0
0.0329037		-0.035254		-0
0.0329037		-0.0329037		-0
0.0329037		-0.0305535		-0
0.0329037		-0.0282032		-0
0.0329037		-0.0258529		-0
0.0329037		-0.0235027		-0
0.0329037		-0.0211524		-0
0.0329037		-0.0188021		-0
0.0329037		-0.0164519		-0
0.0329037		-0.0141016		-0
0.0329037		-0.0117513		-0
0.0329037		-0.00940107		-0
0.0329037		-0.0070508		3.37266E+11
0.0329037		-0.00470053		7.79374E+11
0.0329037		-0.00235027		7.8465E+11
0.0329037		0		2.83198E+11
0.0329037		0.00235027		5.69874E+11
0.0329037		0.00470053		1.09692E+12
0.0329037		0.0070508		5.59571E+11
0.0329037		0.00940107		3.46183E+10
0.0329037		0.0117513		-0
0.0329037		0.0141016		-0
0.0329037		0.0164519		-0
0.0329037		0.0188021		-0
0.0329037		0.0211524		-0
0.0329037		0.0235027		-0
0.0329037		0.0258529		-0
0.0329037		0.0282032		-0
0.0329037		0.0305535		-0
0.0329037		0.0329037		-0
0.0329037		0.035254		-0
0.035254		-0.035254		-0
0.035254		-0.0329037		-0
0.035254		-0.0305535		-0
0.035254		-0.0282032		-0
0.035254		-0.0258529		-0
0.035254		-0.0235027		-0
0.035254		-0.0211524		-0
0.035254		-0.0188021		-0
0.035254		-0.0164519		-0
0.035254		-0.0141016		-0
0.035254		-0.0117513		5.7783E+09
0.035254		-0.00940107		1.53961E+10
0.035254		-0.0070508		3.45373E+11
0.035254		-0.00470053		8.12853E+11
0.035254		-0.00235027		4.6247E+11
0.035254		0		3.41796E+11
0.035254		0.00235027		6.44724E+11
0.035254		0.00470053		1.76051E+11
0.035254		0.0070508		4.29898E+11
0.035254		0.00940107		2.21215E+11
0.035254		0.0117513		-0
0.035254		0.0141016		-0
0.035254		0.0164519		-0
0.035254		0.0188021		-0
0.035254		0.0211524		-0
0.035254		0.0235027		-0
0.035254		0.0258529		-0
0.035254		0.0282032		-0
0.035254		0.0305535		-0
0.035254		0.0329037		-0
0.035254		0.035254		-0
0.0376043		-0.035254		-0
0.0376043		-0.0329037		-0
0.0376043		-0.0305535		-0
0.0376043		-0.0282032		-0
0.0376043		-0.0258529		-0
0.0376043		-0.0235027		-0
0.0376043		-0.0211524		-0
0.0376043		-0.0188021		-0
0.0376043		-0.0164519		-0
0.0376043		-0.0141016		-0
0.0376043		-0.0117513		1.72087E+11
0.0376043		-0.00940107		7.14202E+10
0.0376043		-0.0070508		6.43168E+11
0.0376043		-0.00470053		5.59579E+11
0.0376043		-0.00235027		6.8817E+11
0.0376043		0		5.71098E+11
0.0376043		0.00235027		5.92953E+11
0.0376043		0.00470053		3.41314E+11
0.0376043		0.0070508		6.51291E+11
0.0376043		0.00940107		1.76207E+11
0.0376043		0.0117513		-0
0.0376043		0.0141016		-0
0.0376043		0.0164519		-0
0.0376043		0.0188021		-0
0.0376043		0.0211524		-0
0.0376043		0.0235027		-0
0.0376043		0.0258529		-0
0.0376043		0.0282032		-0
0.0376043		0.0305535		-0
0.0376043		0.0329037		-0
0.0376043		0.035254		-0
0.0399545		-0.035254		-0
0.0399545		-0.0329037		-0
0.0399545		-0.0305535		-0
0.0399545		-0.0282032		-0
0.0399545		-0.0258529		-0
0.0399545		-0.0235027		-0
0.0399545		-0.0211524		-0
0.0399545		-0.0188021		-0
0.0399545		-0.0164519		-0
0.0399545		-0.0141016		-0
0.0399545		-0.0117513		-0
0.0399545		-0.00940107		-0
0.0399545		-0.0070508		8.63333E+10
0.0399545		-0.00470053		3.92184E+11
0.0399545		-0.00235027		5.76703E+11
0.0399545		0		6.22181E+11
0.0399545		0.00235027		8.28271E+11
0.0399545		0.00470053		8.95326E+11
0.0399545		0.0070508		5.38454E+11
0.0399545		0.00940107		1.3106E+11
0.0399545		0.0117513		-0
0.0399545		0.0141016		-0
0.0399545		0.0164519		-0
0.0399545		0.0188021		-0
0.0399545		0.0211524		-0
0.0399545		0.0235027		-0
0.0399545		0.0258529		-0
0.0399545		0.0282032		-0
0.0399545		0.0305535		-0
0.0399545		0.0329037		-0
0.0399545		0.035254		-0
0.0423048		-0.035254		-0
0.0423048		-0.0329037		-0
0.0423048		-0.0305535		-0
0.0423048		-0.0282032		-0
0.0423048		-0.0258529		-0
0.0423048		-0.0235027		-0
0.0423048		-0.0211524		-0
0.0423048		-0.0188021		-0
0.0423048		-0.0164519		-0
0.0423048		-0.0141016		-0
0.0423048		-0.0117513		-0
0.0423048		-0.00940107		4.83137E+09
0.0423048		-0.0070508		2.2826E+11
0.0423048		-0.00470053		7.59581E+11
0.0423048		-0.00235027		1.00098E+12
0.0423048		0		4.13617E+11
0.0423048		0.00235027		8.09757E+11
0.0423048		0.00470053		6.22638E+11
0.0423048		0.0070508		3.74352E+11
0.0423048		0.00940107		1.89915E+11
0.0423048		0.0117513		-0
0.0423048		0.0141016		-0
0.0423048		0.0164519		-0
0.0423048		0.0188021		-0
0.0423048		0.0211524		-0
0.0423048		0.0235027		-0
0.0423048		0.0258529		-0
0.0423048		0.0282032		-0
0.0423048		0.0305535		-0
0.0423048		0.0329037		-0
0.0423048		0.035254		-0
0.0446551		-0.035254		-0
0.0446551		-0.0329037		-0
0.0446551		-0.0305535		-0
0.0446551		-0.0282032		-0
0.0446551		-0.0258529		-0
0.0446551		-0.0235027		-0
0.0446551		-0.0211524		-0
0.0446551		-0.0188021		-0
0.0446551		-0.0164519		-0
0.0446551		-0.0141016		-0
0.0446551		-0.0117513		3.58156E+10
0.0446551		-0.00940107		1.17313E+11
0.0446551		-0.0070508		4.68538E+11
0.0446551		-0.00470053		8.93877E+11
0.0446551		-0.00235027		6.92747E+11
0.0446551		0		5.35459E+11
0.0446551		0.00235027		1.34194E+12
0.0446551		0.00470053		9.65393E+11
0.0446551		0.0070508		1.86227E+11
0.0446551		0.00940107		4.66753E+11
0.0446551		0.0117513		3.72356E+09
0.0446551		0.0141016		-0
0.0446551		0.0164519		-0
0.0446551		0.0188021		-0
0.0446551		0.0211524		-0
0.0446551		0.0235027		-0
0.0446551		0.0258529		-0
0.0446551		0.0282032		-0
0.0446551		0.0305535		-0
0.0446551		0.0329037		-0
0.0446551		0.035254		-0
0.0470053		-0.035254		-0
0.0470053		-0.0329037		-0
0.0470053		-0.0305535		-0
0.0470053		-0.0282032		-0
0.0470053		-0.0258529		-0
0.0470053		-0.0235027		-0
0.0470053		-0.0211524		-0
0.0470053		-0.0188021		-0
0.0470053		-0.0164519		-0
0.0470053		-0.0141016		-0
0.0470053		-0.0117513		1.10156E+11
0.0470053		-0.00940107		3.94463E+11
0.0470053		-0.0070508		3.27697E+11
0.0470053		-0.00470053		1.16907E+12
0.0470053		-0.00235027		6.30587E+11
0.0470053		0		5.01416E+11
0.0470053		0.00235027		6.48018E+11
0.0470053		0.00470053		7.33968E+11
0.0470053		0.0070508		2.8669E+11
0.0470053		0.00940107		4.31559E+11
0.0470053		0.0117513		7.77632E+09
0.0470053		0.0141016		-0
0.0470053		0.0164519		-0
0.0470053		0.0188021		-0
0.0470053		0.0211524		-0
0.0470053		0.0235027		-0
0.0470053		0.0258529		-0
0.0470053		0.0282032		-0
0.0470053		0.0305535		-0
0.0470053		0.0329037		-0
0.0470053		0.035254		-0
0.0493556		-0.035254		-0
0.0493556		-0.0329037		-0
0.0493556		-0.0305535		-0
0.0493556		-0.0282032		-0
0.0493556		-0.0258529		-0
0.0493556		-0.0235027		-0
0.0493556		-0.0211524		-0
0.0493556		-0.0188021		-0
0.0493556		-0.0164519		-0
0.0493556		-0.0141016		-0
0.0493556		-0.0117513		1.04227E+10
0.0493556		-0.00940107		3.03396E+11
0.0493556		-0.0070508		6.8389E+11
0.0493556		-0.00470053		1.36651E+12
0.0493556		-0.00235027		1.32011E+12
0.0493556		0		8.94719E+11
0.0493556		0.00235027		5.11751E+11
0.0493556		0.00470053		1.08805E+12
0.0493556		0.0070508		2.96114E+11
0.0493556		0.00940107		1.74954E+11
0.0493556		0.0117513		-0
0.0493556		0.0141016		-0
0.0493556		0.0164519		-0
0.0493556		0.0188021		-0
0.0493556		0.0211524		-0
0.0493556		0.0235027		-0
0.0493556		0.0258529		-0
0.0493556		0.0282032		-0
0.0493556		0.0305535		-0
0.0493556		0.0329037		-0
0.0493556		0.035254		-0
0.0517059		-0.035254		-0
0.0517059		-0.0329037		-0
0.0517059		-0.0305535		-0
0.0517059		-0.0282032		-0
0.0517059		-0.0258529		-0
0.0517059		-0.0235027		-0
0.0517059		-0.0211524		-0
0.0517059		-0.0188021		-0
0.0517059		-0.0164519		-0
0.0517059		-0.0141016		-0
0.0517059		-0.0117513		-0
0.0517059		-0.00940107		9.13505E+10
0.0517059		-0.0070508		4.22768E+11
0.0517059		-0.00470053		5.80482E+11
0.0517059		-0.00235027		7.05043E+11
0.0517059		0		6.41713E+11
0.0517059		0.00235027		5.8961E+11
0.0517059		0.00470053		6.4486E+11
0.0517059		0.0070508		6.3205E+11
0.0517059		0.00940107		2.51964E+11
0.0517059		0.0117513		-0
0.0517059		0.0141016		-0
0.0517059		0.0164519		-0
0.0517059		0.0188021		-0
0.0517059		0.0211524		-0
0.0517059		0.0235027		-0
0.0517059		0.0258529		-0
0.0517059		0.0282032		-0
0.0517059		0.0305535		-0
0.0517059		0.0329037		-0
0.0517059		0.035254		-0
0.0540561		-0.035254		-0
0.0540561		-0.0329037		-0
0.0540561		-0.0305535		-0
0.0540561		-0.0282032		-0
0.0540561		-0.0258529		-0
0.0540561		-0.0235027		-0
0.0540561		-0.0211524		-0
0.0540561		-0.0188021		-0
0.0540561		-0.0164519		-0
0.0540561		-0.0141016		-0
0.0540561		-0.0117513		5.23443E+09
0.0540561		-0.00940107		2.24634E+11
0.0540561		-0.0070508		2.45044E+11
0.0540561		-0.00470053		8.37983E+11
0.0540561		-0.00235027		6.44673E+11
0.0540561		0		1.30556E+12
0.0540561		0.00235027		1.15864E+12
0.0540561		0.00470053		5.12795E+11
0.0540561		0.0070508		5.31613E+11
0.0540561		0.00940107		9.02643E+10
0.0540561		0.0117513		4.90991E+10
0.0540561		0.0141016		-0
0.0540561		0.0164519		-0
0.0540561		0.0188021		-0
0.0540561		0.0211524		-0
0.0540561		0.0235027		-0
0.0540561		0.0258529		-0
0.0540561		0.0282032		-0
0.0540561		0.0305535		-0
0.0540561		0.0329037		-0
0.0540561		0.035254		-0
0.0564064		-0.035254		-0
0.0564064		-0.0329037		-0
0.0564064		-0.0305535		-0
0.0564064		-0.0282032		-0
0.0564064		-0.0258529		-0
0.0564064		-0.0235027		-0
0.0564064		-0.0211524		-0
0.0564064		-0.0188021		-0
0.0564064		-0.0164519		-0
0.0564064		-0.0141016		-0
0.0564064		-0.0117513		1.17814E+11
0.0564064		-0.00940107		5.10715E+11
0.0564064		-0.0070508		4.37183E+11
0.0564064		-0.00470053		8.61422E+11
0.0564064		-0.00235027		5.50379E+11
0.0564064		0		8.17932E+11
0.0564064		0.00235027		6.63036E+11
0.0564064		0.00470053		1.01073E+12
0.0564064		0.0070508		2.101E+11
0.0564064		0.00940107		7.45771E+10
0.0564064		0.0117513		1.07797E+11
0.0564064		0.0141016		-0
0.0564064		0.0164519		-0
0.0564064		0.0188021		-0
0.0564064		0.0211524		-0
0.0564064		0.0235027		-0
0.0564064		0.0258529		-0
0.0564064		0.0282032		-0
0.0564064		0.0305535		-0
0.0564064		0.0329037		-0
0.0564064		0.035254		-0
0.0587567		-0.035254		-0
0.0587567		-0.0329037		-0
0.0587567		-0.0305535		-0
0.0587567		-0.0282032		-0
0.0587567		-0.0258529		-0
0.0587567		-0.0235027		-0
0.0587567		-0.0211524		-0
0.0587567		-0.0188021		-0
0.0587567		-0.0164519		-0
0.0587567		-0.0141016		-0
0.0587567		-0.0117513		2.35014E+10
0.0587567		-0.00940107		3.1972E+11
0.0587567		-0.0070508		3.74642E+11
0.0587567		-0.00470053		1.28041E+12
0.0587567		-0.00235027		1.06272E+12
0.0587567		0		8.6069E+11
0.0587567		0.00235027		1.04741E+12
0.0587567		0.00470053		9.03183E+11
0.0587567		0.0070508		6.59456E+11
0.0587567		0.00940107		2.28261E+11
0.0587567		0.0117513		2.03414E+11
0.0587567		0.0141016		-0
0.0587567		0.0164519		-0
0.0587567		0.0188021		-0
0.0587567		0.0211524		-0
0.0587567		0.0235027		-0
0.0587567		0.0258529		-0
0.0587567		0.0282032		-0
0.0587567		0.0305535		-0
0.0587567		0.0329037		-0
0.0587567		0.035254		-0
0.0611069		-0.035254		-0
0.0611069		-0.0329037		-0
0.0611069		-0.0305535		-0
0.0611069		-0.0282032		-0
0.0611069		-0.0258529		-0
0.0611069		-0.0235027		-0
0.0611069		-0.0211524		-0
0.0611069		-0.0188021		-0
0.0611069		-0.0164519		-0
0.0611069		-0.0141016		-0
0.0611069		-0.0117513		1.05224E+11
0.0611069		-0.00940107		2.45502E+11
0.0611069		-0.0070508		3.47247E+11
0.0611069		-0.00470053		5.79112E+11
0.0611069		-0.00235027		7.18394E+11
0.0611069		0		9.32754E+11
0.0611069		0.00235027		5.39758E+11
0.0611069		0.00470053		9.9761E+11
0.0611069		0.0070508		4.07928E+11
0.0611069		0.00940107		2.25798E+11
0.0611069		0.0117513		-0
0.0611069		0.0141016		-0
0.0611069		0.0164519		-0
0.0611069		0.0188021		-0
0.0611069		0.0211524		-0
0.0611069		0.0235027		-0
0.0611069		0.0258529		-0
0.0611069		0.0282032		-0
0.0611069		0.0305535		-0
0.0611069		0.0329037		-0
0.0611069		0.035254		-0
0.0634572		-0.035254		-0
0.0634572		-0.0329037		-0
0.0634572		-0.0305535		-0
0.0634572		-0.0282032		-0
0.0634572		-0.0258529		-0
0.0634572		-0.0235027		-0
0.0634572		-0.0211524		-0
0.0634572		-0.0188021		-0
0.0634572		-0.0164519		-0
0.0634572		-0.0141016		-0
0.0634572		-0.0117513		1.3778E+10
0.0634572		-0.00940107		1.8073E+10
0.0634572		-0.0070508		3.51939E+11
0.0634572		-0.00470053		8.93804E+11
0.0634572		-0.00235027		1.03072E+12
0.0634572		0		7.81008E+11
0.0634572		0.00235027		9.99459E+11
0.0634572		0.00470053		9.36216E+11
0.0634572		0.0070508		4.43604E+11
0.0634572		0.00940107		4.32522E+11
0.0634572		0.0117513		3.28002E+10
0.0634572		0.0141016		-0
0.0634572		0.0164519		-0
0.0634572		0.0188021		-0
0.0634572		0.0211524		-0
0.0634572		0.0235027		-0
0.0634572		0.0258529		-0
0.0634572		0.0282032		-0
0.0634572		0.0305535		-0
0.0634572		0.0329037		-0
0.0634572		0.035254		-0
0.0658075		-0.035254		-0
0.0658075		-0.0329037		-0
0.0658075		-0.0305535		-0
0.0658075		-0.0282032		-0
0.0658075		-0.0258529		-0
0.0658075		-0.0235027		-0
0.0658075		-0.0211524		-0
0.0658075		-0.0188021		-0
0.0658075		-0.0164519		-0
0.0658075		-0.0141016		-0
0.0658075		-0.0117513		1.01635E+11
0.0658075		-0.00940107		3.52121E+11
0.0658075		-0.0070508		1.54422E+11
0.0658075		-0.00470053		2.93572E+11
0.0658075		-0.00235027		8.9111E+11
0.0658075		0		7.23587E+11
0.0658075		0.00235027		7.1006E+11
0.0658075		0.00470053		7.1981E+11
0.0658075		0.0070508		6.83953E+11
0.0658075		0.00940107		5.40782E+11
0.0658075		0.0117513		2.58445E+10
0.0658075		0.0141016		-0
0.0658075		0.0164519		-0
0.0658075		0.0188021		-0
0.0658075		0.0211524		-0
0.0658075		0.0235027		-0
0.0658075		0.0258529		-0
0.0658075		0.0282032		-0
0.0658075		0.0305535		-0
0.0658075		0.0329037		-0
0.0658075		0.035254		-0
0.0681577		-0.035254		-0
0.0681577		-0.0329037		-0
0.0681577		-0.0305535		-0
0.0681577		-0.0282032		-0
0.0681577		-0.0258529		-0
0.0681577		-0.0235027		-0
0.0681577		-0.0211524		-0
0.0681577		-0.0188021		-0
0.0681577		-0.0164519		-0
0.0681577		-0.0141016		-0
0.0681577		-0.0117513		7.7225E+10
0.0681577		-0.00940107		2.19489E+11
0.0681577		-0.0070508		1.69334E+11
0.0681577		-0.00470053		8.10881E+11
0.0681577		-0.00235027		8.47766E+11
0.0681577		0		9.60784E+11
0.0681577		0.00235027		1.13241E+12
0.0681577		0.00470053		4.24955E+11
0.0681577		0.0070508		2.85023E+11
0.0681577		0.00940107		8.42008E+10
0.0681577		0.0117513		-0
0.0681577		0.0141016		-0
0.0681577		0.0164519		-0
0.0681577		0.0188021		-0
0.0681577		0.0211524		-0
0.0681577		0.0235027		-0
0.0681577		0.0258529		-0
0.0681577		0.0282032		-0
0.0681577		0.0305535		-0
0.0681577		0.0329037		-0
0.0681577		0.035254		-0
0.070508		-0.035254		-0
0.070508		-0.0329037		-0
0.070508		-0.0305535		-0
0.070508		-0.0282032		-0
0.070508		-0.0258529		-0
0.070508		-0.0235027		-0
0.070508		-0.0211524		-0
0.070508		-0.0188021		-0
0.070508		-0.0164519		-0
0.070508		-0.0141016		-0
0.070508		-0.0117513		-0
0.070508		-0.00940107		-0
0.070508		-0.0070508		3.76368E+11
0.070508		-0.00470053		6.52551E+11
0.070508		-0.00235027		9.73778E+11
0.070508		0		9.53479E+11
0.070508		0.00235027		1.04549E+12
0.070508		0.00470053		7.05323E+11
0.070508		0.0070508		7.61851E+11
0.070508		0.00940107		1.43901E+11
0.070508		0.0117513		-0
0.070508		0.0141016		-0
0.070508		0.0164519		-0
0.070508		0.0188021		-0
0.070508		0.0211524		-0
0.070508		0.0235027		-0
0.070508		0.0258529		-0
0.070508		0.0282032		-0
0.070508		0.0305535		-0
0.070508		0.0329037		-0
0.070508		0.035254		-0
0.0728583		-0.035254		-0
0.0728583		-0.0329037		-0
0.0728583		-0.0305535		-0
0.0728583		-0.0282032		-0
0.0728583		-0.0258529		-0
0.0728583		-0.0235027		-0
0.0728583		-0.0211524		-0
0.0728583		-0.0188021		-0
0.0728583		-0.0164519		-0
0.0728583		-0.0141016		-0
0.0728583		-0.0117513		7.44676E+09
0.0728583		-0.00940107		1.24016E+10
0.0728583		-0.0070508		1.73658E+11
0.0728583		-0.00470053		8.32005E+11
0.0728583		-0.00235027		6.31538E+11
0.0728583		0		9.31267E+11
0.0728583		0.00235027		6.66823E+11
0.0728583		0.00470053		5.53766E+11
0.0728583		0.0070508		3.67497E+11
0.0728583		0.00940107		1.17757E+11
0.0728583		0.0117513		-0
0.0728583		0.0141016		-0
0.0728583		0.0164519		-0
0.0728583		0.0188021		-0
0.0728583		0.0211524		-0
0.0728583		0.0235027		-0
0.0728583		0.0258529		-0
0.0728583		0.0282032		-0
0.0728583		0.0305535		-0
0.0728583		0.0329037		-0
0.0728583		0.035254		-0
0.0752085		-0.035254		-0
0.0752085		-0.0329037		-0
0.0752085		-0.0305535		-0
0.0752085		-0.0282032		-0
0.0752085		-0.0258529		-0
0.0752085		-0.0235027		-0
0.0752085		-0.0211524		-0
0.0752085		-0.0188021		-0
0.0752085		-0.0164519		-0
0.0752085		-0.0141016		-0
0.0752085		-0.0117513		8.63489E+10
0.0752085		-0.00940107		1.43802E+11
0.0752085		-0.0070508		3.50485E+11
0.0752085		-0.00470053		7.83227E+11
0.0752085		-0.00235027		9.67398E+11
0.0752085		0		1.02204E+12
0.0752085		0.00235027		2.25548E+11
0.0752085		0.00470053		1.04837E+11
0.0752085		0.0070508		1.08363E+11
0.0752085		0.00940107		7.95235E+10
0.0752085		0.0117513		-0
0.0752085		0.0141016		-0
0.0752085		0.0164519		-0
0.0752085		0.0188021		-0
0.0752085		0.0211524		-0
0.0752085		0.0235027		-0
0.0752085		0.0258529		-0
0.0752085		0.0282032		-0
0.0752085		0.0305535		-0
0.0752085		0.0329037		-0
0.0752085		0.035254		-0
0.0775588		-0.035254		-0
0.0775588		-0.0329037		-0
0.0775588		-0.0305535		-0
0.0775588		-0.0282032		-0
0.0775588		-0.0258529		-0
0.0775588		-0.0235027		-0
0.0775588		-0.0211524		-0
0.0775588		-0.0188021		-0
0.0775588		-0.0164519		-0
0.0775588		-0.0141016		-0
0.0775588		-0.0117513		-0
0.0775588		-0.00940107		4.47953E+10
0.0775588		-0.0070508		4.4711E+11
0.0775588		-0.00470053		7.77876E+11
0.0775588		-0.00235027		7.88737E+11
0.0775588		0		8.59891E+11
0.0775588		0.00235027		6.07965E+11
0.0775588		0.00470053		6.91296E+11
0.0775588		0.0070508		5.59341E+11
0.0775588		0.00940107		9.84232E+10
0.0775588		0.0117513		-0
0.0775588		0.0141016		-0
0.0775588		0.0164519		-0
0.0775588		0.0188021		-0
0.0775588		0.0211524		-0
0.0775588		0.0235027		-0
0.0775588		0.0258529		-0
0.0775588		0.0282032		-0
0.0775588		0.0305535		-0
0.0775588		0.0329037		-0
0.0775588		0.035254		-0
0.0799091		-0.035254		-0
0.0799091		-0.0329037		-0
0.0799091		-0.0305535		-0
0.0799091		-0.0282032		-0
0.0799091		-0.0258529		-0
0.0799091		-0.0235027		-0
0.0799091		-0.0211524		-0
0.0799091		-0.0188021		-0
0.0799091		-0.0164519		-0
0.0799091		-0.0141016		-0
0.0799091		-0.0117513		2.95838E+10
0.0799091		-0.00940107		5.39286E+10
0.0799091		-0.0070508		2.5308E+11
0.0799091		-0.00470053		6.41274E+11
0.0799091		-0.00235027		1.38914E+12
0.0799091		0		1.16272E+12
0.0799091		0.00235027		8.6853E+11
0.0799091		0.00470053		7.03652E+11
0.0799091		0.0070508		4.04081E+11
0.0799091		0.00940107		-0
0.0799091		0.0117513		-0
0.0799091		0.0141016		-0
0.0799091		0.0164519		-0
0.0799091		0.0188021		-0
0.0799091		0.0211524		-0
0.0799091		0.0235027		-0
0.0799091		0.0258529		-0
0.0799091		0.0282032		-0
0.0799091		0.0305535		-0
0.0799091		0.0329037		-0
0.0799091		0.035254		-0
0.0822593		-0.035254		-0
0.0822593		-0.0329037		-0
0.0822593		-0.0305535		-0
0.0822593		-0.0282032		-0
0.0822593		-0.0258529		-0
0.0822593		-0.0235027		-0
0.0822593		-0.0211524		-0
0.0822593		-0.0188021		-0
0.0822593		-0.0164519		-0
0.0822593		-0.0141016		-0
0.0822593		-0.0117513		6.44187E+10
0.0822593		-0.00940107		2.6504E+11
0.0822593		-0.0070508		6.67982E+11
0.0822593		-0.00470053		1.09074E+12
0.0822593		-0.00235027		1.37499E+12
0.0822593		0		1.07718E+12
0.0822593		0.00235027		1.04361E+12
0.0822593		0.00470053		2.35325E+11
0.0822593		0.0070508		1.13714E+11
0.0822593		0.00940107		4.83243E+07
0.0822593		0.0117513		-0
0.0822593		0.0141016		-0
0.0822593		0.0164519		-0
0.0822593		0.0188021		-0
0.0822593		0.0211524		-0
0.0822593		0.0235027		-0
0.0822593		0.0258529		-0
0.0822593		0.0282032		-0
0.0822593		0.0305535		-0
0.0822593		0.0329037		-0
0.0822593		0.035254		-0
0.0846096		-0.035254		-0
0.0846096		-0.0329037		-0
0.0846096		-0.0305535		-0
0.0846096		-0.0282032		-0
0.0846096		-0.0258529		-0
0.0846096		-0.0235027		-0
0.0846096		-0.0211524		-0
0.0846096		-0.0188021		-0
0.0846096		-0.0164519		-0
0.0846096		-0.0141016		-0
0.0846096		-0.0117513		-0
0.0846096		-0.00940107		2.47471E+11
0.0846096		-0.0070508		1.01966E+12
0.0846096		-0.00470053		1.24292E+12
0.0846096		-0.00235027		1.01432E+12
0.0846096		0		1.34836E+12
0.0846096		0.00235027		6.4726E+11
0.0846096		0.00470053		3.06793E+11
0.0846096		0.0070508		3.48149E+11
0.0846096		0.00940107		7.85526E+09
0.0846096		0.0117513		-0
0.0846096		0.0141016		-0
0.0846096		0.0164519		-0
0.0846096		0.0188021		-0
0.0846096		0.0211524		-0
0.0846096		0.0235027		-0
0.0846096		0.0258529		-0
0.0846096		0.0282032		-0
0.0846096		0.0305535		-0
0.0846096		0.0329037		-0
0.0846096		0.035254		-0
0.0869599		-0.035254		-0
0.0869599		-0.0329037		-0
0.0869599		-0.0305535		-0
0.0869599		-0.0282032		-0
0.0869599		-0.0258529		-0
0.0869599		-0.0235027		-0
0.0869599		-0.0211524		-0
0.0869599		-0.0188021		-0
0.0869599		-0.0164519		-0
0.0869599		-0.0141016		-0
0.0869599		-0.0117513		-0
0.0869599		-0.00940107		7.25966E+09
0.0869599		-0.0070508		6.19941E+11
0.0869599		-0.00470053		5.38072E+11
0.0869599		-0.00235027		9.64995E+11
0.0869599		0		1.24061E+12
0.0869599		0.00235027		6.04941E+11
0.0869599		0.00470053		5.28895E+11
0.0869599		0.0070508		6.79251E+11
0.0869599		0.00940107		8.23512E+10
0.0869599		0.0117513		-0
0.0869599		0.0141016		-0
0.0869599		0.0164519		-0
0.0869599		0.0188021		-0
0.0869599		0.0211524		-0
0.0869599		0.0235027		-0
0.0869599		0.0258529		-0
0.0869599		0.0282032		-0
0.0869599		0.0305535		-0
0.0869599		0.0329037		-0
0.0869599		0.035254		-0
0.0893101		-0.035254		-0
0.0893101		-0.0329037		-0
0.0893101		-0.0305535		-0
0.0893101		-0.0282032		-0
0.0893101		-0.0258529		-0
0.0893101		-0.0235027		-0
0.0893101		-0.0211524		-0
0.0893101		-0.0188021		-0
0.0893101		-0.0164519		-0
0.0893101		-0.0141016		-0
0.0893101		-0.0117513		-0
0.0893101		-0.00940107		1.60923E+11
0.0893101		-0.0070508		6.941E+11
0.0893101		-0.00470053		7.55441E+11
0.0893101		-0.00235027		8.43867E+11
0.0893101		0		8.9513E+11
0.0893101		0.00235027		6.19022E+11
0.0893101		0.00470053		1.03442E+12
0.0893101		0.0070508		8.8665E+11
0.0893101		0.00940107		3.24408E+11
0.0893101		0.0117513		1.98983E+11
0.0893101		0.0141016		-0
0.0893101		0.0164519		-0
0.0893101		0.0188021		-0
0.0893101		0.0211524		-0
0.0893101		0.0235027		-0
0.0893101		0.0258529		-0
0.0893101		0.0282032		-0
0.0893101		0.0305535		-0
0.0893101		0.0329037		-0
0.0893101		0.035254		-0
0.0916604		-0.035254		-0
0.0916604		-0.0329037		-0
0.0916604		-0.0305535		-0
0.0916604		-0.0282032		-0
0.0916604		-0.0258529		-0
0.0916604		-0.0235027		-0
0.0916604		-0.0211524		-0
0.0916604		-0.0188021		-0
0.0916604		-0.0164519		-0
0.0916604		-0.0141016		-0
0.0916604		-0.0117513		-0
0.0916604		-0.00940107		2.18194E+11
0.0916604		-0.0070508		9.20116E+11
0.0916604		-0.00470053		1.36958E+12
0.0916604		-0.00235027		8.95276E+11
0.0916604		0		7.57149E+11
0.0916604		0.00235027		8.65666E+11
0.0916604		0.00470053		7.99348E+11
0.0916604		0.0070508		9.11926E+11
0.0916604		0.00940107		3.28676E+11
0.0916604		0.0117513		5.86445E+10
0.0916604		0.0141016		-0
0.0916604		0.0164519		-0
0.0916604		0.0188021		-0
0.0916604		0.0211524		-0
0.0916604		0.0235027		-0
0.0916604		0.0258529		-0
0.0916604		0.0282032		-0
0.0916604		0.0305535		-0
0.0916604		0.0329037		-0
0.0916604		0.035254		-0
0.0940107		-0.035254		-0
0.0940107		-0.0329037		-0
0.0940107		-0.0305535		-0
0.0940107		-0.0282032		-0
0.0940107		-0.0258529		-0
0.0940107		-0.0235027		-0
0.0940107		-0.0211524		-0
0.0940107		-0.0188021		-0
0.0940107		-0.0164519		-0
0.0940107		-0.0141016		-0
0.0940107		-0.0117513		-0
0.0940107		-0.00940107		1.87417E+11
0.0940107		-0.0070508		8.2852E+11
0.0940107		-0.00470053		6.53807E+11
0.0940107		-0.00235027		2.01102E+11
0.0940107		0		7.21236E+11
0.0940107		0.00235027		8.36454E+11
0.0940107		0.00470053		5.44891E+11
0.0940107		0.0070508		3.84183E+11
0.0940107		0.00940107		2.73556E+11
0.0940107		0.0117513		-0
0.0940107		0.0141016		-0
0.0940107		0.0164519		-0
0.0940107		0.0188021		-0
0.0940107		0.0211524		-0
0.0940107		0.0235027		-0
0.0940107		0.0258529		-0
0.0940107		0.0282032		-0
0.0940107		0.0305535		-0
0.0940107		0.0329037		-0
0.0940107		0.035254		-0
0.096361		-0.035254		-0
0.096361		-0.0329037		-0
0.096361		-0.0305535		-0
0.096361		-0.0282032		-0
0.096361		-0.0258529		-0
0.096361		-0.0235027		-0
0.096361		-0.0211524		-0
0.096361		-0.0188021		-0
0.096361		-0.0164519		-0
0.096361		-0.0141016		-0
0.096361		-0.0117513		-0
0.096361		-0.00940107		1.01964E+11
0.096361		-0.0070508		4.59896E+11
0.096361		-0.00470053		6.46937E+11
0.096361		-0.00235027		9.73583E+11
0.096361		0		1.14438E+12
0.096361		0.00235027		8.3129E+11
0.096361		0.00470053		4.07159E+11
0.096361		0.0070508		4.9444E+11
0.096361		0.00940107		3.28141E+11
0.096361		0.0117513		-0
0.096361		0.0141016		-0
0.096361		0.0164519		-0
0.096361		0.0188021		-0
0.096361		0.0211524		-0
0.096361		0.0235027		-0
0.096361		0.0258529		-0
0.096361		0.0282032		-0
0.096361		0.0305535		-0
0.096361		0.0329037		-0
0.096361		0.035254		-0
0.0987112		-0.035254		-0
0.0987112		-0.0329037		-0
0.0987112		-0.0305535		-0
0.0987112		-0.0282032		-0
0.0987112		-0.0258529		-0
0.0987112		-0.0235027		-0
0.0987112		-0.0211524		-0
0.0987112		-0.0188021		-0
0.0987112		-0.0164519		-0
0.0987112		-0.0141016		-0
0.0987112		-0.0117513		-0
0.0987112		-0.00940107		-0
0.0987112		-0.0070508		4.62659E+11
0.0987112		-0.00470053		1.07851E+12
0.0987112		-0.00235027		1.14173E+12
0.0987112		0		1.1542E+12
0.0987112		0.00235027		1.06382E+12
0.0987112		0.00470053		4.67039E+11
0.0987112		0.0070508		3.62798E+11
0.0987112		0.00940107		1.28352E+11
0.0987112		0.0117513		-0
0.0987112		0.0141016		-0
0.0987112		0.0164519		-0
0.0987112		0.0188021		-0
0.0987112		0.0211524		-0
0.0987112		0.0235027		-0
0.0987112		0.0258529		-0
0.0987112		0.0282032		-0
0.0987112		0.0305535		-0
0.0987112		0.0329037		-0
0.0987112		0.035254		-0
0.101061		-0.035254		-0
0.101061		-0.0329037		-0
0.101061		-0.0305535		-0
0.101061		-0.0282032		-0
0.101061		-0.0258529		-0
0.101061		-0.0235027		-0
0.101061		-0.0211524		-0
0.101061		-0.0188021		-0
0.101061		-0.0164519		-0
0.101061		-0.0141016		-0
0.101061		-0.0117513		3.04194E+10
0.101061		-0.00940107		2.82289E+11
0.101061		-0.0070508		3.09795E+11
0.101061		-0.00470053		6.71672E+11
0.101061		-0.00235027		1.14153E+12
0.101061		0		7.3472E+11
0.101061		0.00235027		6.62271E+11
0.101061		0.00470053		4.84396E+11
0.101061		0.0070508		3.3256E+11
0.101061		0.00940107		7.1974E+10
0.101061		0.0117513		-0
0.101061		0.0141016		-0
0.101061		0.0164519		-0
0.101061		0.0188021		-0
0.101061		0.0211524		-0
0.101061		0.0235027		-0
0.101061		0.0258529		-0
0.101061		0.0282032		-0
0.101061		0.0305535		-0
0.101061		0.0329037		-0
0.101061		0.035254		-0
0.103412		-0.035254		-0
0.103412		-0.0329037		-0
0.103412		-0.0305535		-0
0.103412		-0.0282032		-0
0.103412		-0.0258529		-0
0.103412		-0.0235027		-0
0.103412		-0.0211524		-0
0.103412		-0.0188021		-0
0.103412		-0.0164519		-0
0.103412		-0.0141016		-0
0.103412		-0.0117513		4.90554E+10
0.103412		-0.00940107		1.49799E+11
0.103412		-0.0070508		1.47793E+11
0.103412		-0.00470053		4.28792E+11
0.103412		-0.00235027		1.12893E+12
0.103412		0		9.72237E+11
0.103412		0.00235027		1.29054E+12
0.103412		0.00470053		6.70497E+11
0.103412		0.0070508		5.60218E+11
0.103412		0.00940107		1.73654E+11
0.103412		0.0117513		-0
0.103412		0.0141016		-0
0.103412		0.0164519		-0
0.103412		0.0188021		-0
0.103412		0.0211524		-0
0.103412		0.0235027		-0
0.103412		0.0258529		-0
0.103412		0.0282032		-0
0.103412		0.0305535		-0
0.103412		0.0329037		-0
0.103412		0.035254		-0
0.105762		-0.035254		-0
0.105762		-0.0329037		-0
0.105762		-0.0305535		-0
0.105762		-0.0282032		-0
0.105762		-0.0258529		-0
0.105762		-0.0235027		-0
0.105762		-0.0211524		-0
0.105762		-0.0188021		-0
0.105762		-0.0164519		-0
0.105762		-0.0141016		-0
0.105762		-0.0117513		-0
0.105762		-0.00940107		1.11247E+11
0.105762		-0.0070508		5.47851E+11
0.105762		-0.00470053		1.07759E+12
0.105762		-0.00235027		1.16962E+12
0.105762		0		1.42267E+12
0.105762		0.00235027		7.26692E+11
0.105762		0.00470053		5.9956E+11
0.105762		0.0070508		4.54287E+11
0.105762		0.00940107		2.61858E+11
0.105762		0.0117513		2.0929E+10
0.105762		0.0141016		-0
0.105762		0.0164519		-0
0.105762		0.0188021		-0
0.105762		0.0211524		-0
0.105762		0.0235027		-0
0.105762		0.0258529		-0
0.105762		0.0282032		-0
0.105762		0.0305535		-0
0.105762		0.0329037		-0
0.105762		0.035254		-0
0.108112		-0.035254		-0
0.108112		-0.0329037		-0
0.108112		-0.0305535		-0
0.108112		-0.0282032		-0
0.108112		-0.0258529		-0
0.108112		-0.0235027		-0
0.108112		-0.0211524		-0
0.108112		-0.0188021		-0
0.108112		-0.0164519		-0
0.108112		-0.0141016		-0
0.108112		-0.0117513		-0
0.108112		-0.00940107		1.98809E+11
0.108112		-0.0070508		3.02581E+11
0.108112		-0.00470053		1.1247E+12
0.108112		-0.00235027		1.08982E+12
0.108112		0		1.28161E+12
0.108112		0.00235027		1.05848E+12
0.108112		0.00470053		2.13374E+11
0.108112		0.0070508		3.45968E+11
0.108112		0.00940107		3.01624E+11
0.108112		0.0117513		9.63045E+10
0.108112		0.0141016		-0
0.108112		0.0164519		-0
0.108112		0.0188021		-0
0.108112		0.0211524		-0
0.108112		0.0235027		-0
0.108112		0.0258529		-0
0.108112		0.0282032		-0
0.108112		0.0305535		-0
0.108112		0.0329037		-0
0.108112		0.035254		-0
0.110463		-0.035254		-0
0.110463		-0.0329037		-0
0.110463		-0.0305535		-0
0.110463		-0.0282032		-0
0.110463		-0.0258529		-0
0.110463		-0.0235027		-0
0.110463		-0.0211524		-0
0.110463		-0.0188021		-0
0.110463		-0.0164519		-0
0.110463		-0.0141016		-0
0.110463		-0.0117513		-0
0.110463		-0.00940107		2.96131E+11
0.110463		-0.0070508		3.60217E+11
0.110463		-0.00470053		9.36993E+10
0.110463		-0.00235027		3.75189E+11
0.110463		0		9.34532E+11
0.110463		0.00235027		8.13318E+11
0.110463		0.00470053		8.27593E+11
0.110463		0.0070508		5.17824E+11
0.110463		0.00940107		3.03331E+10
0.110463		0.0117513		-0
0.110463		0.0141016		-0
0.110463		0.0164519		-0
0.110463		0.0188021		-0
0.110463		0.0211524		-0
0.110463		0.0235027		-0
0.110463		0.0258529		-0
0.110463		0.0282032		-0
0.110463		0.0305535		-0
0.110463		0.0329037		-0
0.110463		0.035254		-0
0.112813		-0.035254		-0
0.112813		-0.0329037		-0
0.112813		-0.0305535		-0
0.112813		-0.0282032		-0
0.112813		-0.0258529		-0
0.112813		-0.0235027		-0
0.112813		-0.0211524		-0
0.112813		-0.0188021		-0
0.112813		-0.0164519		-0
0.112813		-0.0141016		-0
0.112813		-0.0117513		-0
0.112813		-0.00940107		1.58775E+11
0.112813		-0.0070508		8.00252E+11
0.112813		-0.00470053		3.28949E+11
0.112813		-0.00235027		6.11199E+11
0.112813		0		1.10992E+12
0.112813		0.00235027		7.97517E+11
0.112813		0.00470053		9.10619E+11
0.112813		0.0070508		5.0259E+11
0.112813		0.00940107		5.90242E+10
0.112813		0.0117513		-0
0.112813		0.0141016		-0
0.112813		0.0164519		-0
0.112813		0.0188021		-0
0.112813		0.0211524		-0
0.112813		0.0235027		-0
0.112813		0.0258529		-0
0.112813		0.0282032		-0
0.112813		0.0305535		-0
0.112813		0.0329037		-0
0.112813		0.035254		-0
0.115163		-0.035254		-0
0.115163		-0.0329037		-0
0.115163		-0.0305535		-0
0.115163		-0.0282032		-0
0.115163		-0.0258529		-0
0.115163		-0.0235027		-0
0.115163		-0.0211524		-0
0.115163		-0.0188021		-0
0.115163		-0.0164519		-0
0.115163		-0.0141016		-0
0.115163		-0.0117513		4.46573E+08
0.115163		-0.00940107		8.87939E+09
0.115163		-0.0070508		2.05872E+11
0.115163		-0.00470053		5.52685E+11
0.115163		-0.00235027		9.61041E+11
0.115163		0		1.39906E+12
0.115163		0.00235027		1.15857E+12
0.115163		0.00470053		8.1432E+11
0.115163		0.0070508		4.19267E+11
0.115163		0.00940107		2.63634E+11
0.115163		0.0117513		-0
0.115163		0.0141016		-0
0.115163		0.0164519		-0
0.115163		0.0188021		-0
0.115163		0.0211524		-0
0.115163		0.0235027		-0
0.115163		0.0258529		-0
0.115163		0.0282032		-0
0.115163		0.0305535		-0
0.115163		0.0329037		-0
0.115163		0.035254		-0
0.117513		-0.035254		-0
0.117513		-0.0329037		-0
0.117513		-0.0305535		-0
0.117513		-0.0282032		-0
0.117513		-0.0258529		-0
0.117513		-0.0235027		-0
0.117513		-0.0211524		-0
0.117513		-0.0188021		-0
0.117513		-0.0164519		-0
0.117513		-0.0141016		-0
0.117513		-0.0117513		1.83332E+11
0.117513		-0.00940107		9.35833E+10
0.117513		-0.0070508		5.95797E+11
0.117513		-0.00470053		4.00149E+11
0.117513		-0.00235027		3.95674E+11
0.117513		0		6.94348E+11
0.117513		0.00235027		6.95902E+11
0.117513		0.00470053		6.86294E+11
0.117513		0.0070508		2.91274E+11
0.117513		0.00940107		1.96907E+11
0.117513		0.0117513		-0
0.117513		0.0141016		-0
0.117513		0.0164519		-0
0.117513		0.0188021		-0
0.117513		0.0211524		-0
0.117513		0.0235027		-0
0.117513		0.0258529		-0
0.117513		0.0282032		-0
0.117513		0.0305535		-0
0.117513		0.0329037		-0
0.117513		0.035254		-0
0.119864		-0.035254		-0
0.119864		-0.0329037		-0
0.119864		-0.0305535		-0
0.119864		-0.0282032		-0
0.119864		-0.0258529		-0
0.119864		-0.0235027		-0
0.119864		-0.0211524		-0
0.119864		-0.0188021		-0
0.119864		-0.0164519		-0
0.119864		-0.0141016		-0
0.119864		-0.0117513		7.64803E+10
0.119864		-0.00940107		3.48988E+11
0.119864		-0.0070508		1.57337E+11
0.119864		-0.00470053		5.45619E+11
0.119864		-0.00235027		1.16585E+12
0.119864		0		1.16535E+12
0.119864		0.00235027		7.57248E+11
0.119864		0.00470053		6.07086E+11
0.119864		0.0070508		3.55876E+11
0.119864		0.00940107		1.05247E+11
0.119864		0.0117513		-0
0.119864		0.0141016		-0
0.119864		0.0164519		-0
0.119864		0.0188021		-0
0.119864		0.0211524		-0
0.119864		0.0235027		-0
0.119864		0.0258529		-0
0.119864		0.0282032		-0
0.119864		0.0305535		-0
0.119864		0.0329037		-0
0.119864		0.035254		-0
0.122214		-0.035254		-0
0.122214		-0.0329037		-0
0.122214		-0.0305535		-0
0.122214		-0.0282032		-0
0.122214		-0.0258529		-0
0.122214		-0.0235027		-0
0.122214		-0.0211524		-0
0.122214		-0.0188021		-0
0.122214		-0.0164519		-0
0.122214		-0.0141016		-0
0.122214		-0.0117513		2.13679E+09
0.122214		-0.00940107		8.03247E+09
0.122214		-0.0070508		2.0614E+11
0.122214		-0.00470053		6.58553E+11
0.122214		-0.00235027		8.58523E+11
0.122214		0		4.42162E+11
0.122214		0.00235027		8.60638E+11
0.122214		0.00470053		9.42207E+11
0.122214		0.0070508		8.69761E+11
0.122214		0.00940107		-0
0.122214		0.0117513		-0
0.122214		0.0141016		-0
0.122214		0.0164519		-0
0.122214		0.0188021		-0
0.122214		0.0211524		-0
0.122214		0.0235027		-0
0.122214		0.0258529		-0
0.122214		0.0282032		-0
0.122214		0.0305535		-0
0.122214		0.0329037		-0
0.122214		0.035254		-0
0.124564		-0.035254		-0
0.124564		-0.0329037		-0
0.124564		-0.0305535		-0
0.124564		-0.0282032		-0
0.124564		-0.0258529		-0
0.124564		-0.0235027		-0
0.124564		-0.0211524		-0
0.124564		-0.0188021		-0
0.124564		-0.0164519		-0
0.124564		-0.0141016		-0
0.124564		-0.0117513		-0
0.124564		-0.00940107		4.12387E+09
0.124564		-0.0070508		2.09836E+11
0.124564		-0.00470053		9.34507E+11
0.124564		-0.00235027		9.98494E+11
0.124564		0		5.89378E+11
0.124564		0.00235027		9.89928E+11
0.124564		0.00470053		3.88992E+11
0.124564		0.0070508		5.99566E+11
0.124564		0.00940107		2.34804E+11
0.124564		0.0117513		1.73559E+10
0.124564		0.0141016		-0
0.124564		0.0164519		-0
0.124564		0.0188021		-0
0.124564		0.0211524		-0
0.124564		0.0235027		-0
0.124564		0.0258529		-0
0.124564		0.0282032		-0
0.124564		0.0305535		-0
0.124564		0.0329037		-0
0.124564		0.035254		-0
0.126914		-0.035254		-0
0.126914		-0.0329037		-0
0.126914		-0.0305535		-0
0.126914		-0.0282032		-0
0.126914		-0.0258529		-0
0.126914		-0.0235027		-0
0.126914		-0.0211524		-0
0.126914		-0.0188021		-0
0.126914		-0.0164519		-0
0.126914		-0.0141016		-0
0.126914		-0.0117513		-0
0.126914		-0.00940107		5.04051E+11
0.126914		-0.0070508		4.98979E+11
0.126914		-0.00470053		3.06715E+11
0.126914		-0.00235027		7.589E+11
0.126914		0		1.18718E+12
0.126914		0.00235027		5.41985E+11
0.126914		0.00470053		4.16853E+11
0.126914		0.0070508		3.11675E+11
0.126914		0.00940107		3.97582E+11
0.126914		0.0117513		7.63895E+10
0.126914		0.0141016		-0
0.126914		0.0164519		-0
0.126914		0.0188021		-0
0.126914		0.0211524		-0
0.126914		0.0235027		-0
0.126914		0.0258529		-0
0.126914		0.0282032		-0
0.126914		0.0305535		-0
0.126914		0.0329037		-0
0.126914		0.035254		-0
0.129265		-0.035254		-0
0.129265		-0.0329037		-0
0.129265		-0.0305535		-0
0.129265		-0.0282032		-0
0.129265		-0.0258529		-0
0.129265		-0.0235027		-0
0.129265		-0.0211524		-0
0.129265		-0.0188021		-0
0.129265		-0.0164519		-0
0.129265		-0.0141016		-0
0.129265		-0.0117513		-0
0.129265		-0.00940107		1.16624E+11
0.129265		-0.0070508		2.25107E+11
0.129265		-0.00470053		7.70341E+11
0.129265		-0.00235027		1.2244E+12
0.129265		0		1.43649E+12
0.129265		0.00235027		7.40345E+11
0.129265		0.00470053		1.13814E+12
0.129265		0.0070508		2.71432E+11
0.129265		0.00940107		3.28916E+11
0.129265		0.0117513		1.34912E+10
0.129265		0.0141016		-0
0.129265		0.0164519		-0
0.129265		0.0188021		-0
0.129265		0.0211524		-0
0.129265		0.0235027		-0
0.129265		0.0258529		-0
0.129265		0.0282032		-0
0.129265		0.0305535		-0
0.129265		0.0329037		-0
0.129265		0.035254		-0
0.131615		-0.035254		-0
0.131615		-0.0329037		-0
0.131615		-0.0305535		-0
0.131615		-0.0282032		-0
0.131615		-0.0258529		-0
0.131615		-0.0235027		-0
0.131615		-0.0211524		-0
0.131615		-0.0188021		-0
0.131615		-0.0164519		-0
0.131615		-0.0141016		-0
0.131615		-0.0117513		-0
0.131615		-0.00940107		1.85363E+11
0.131615		-0.0070508		5.33427E+11
0.131615		-0.00470053		8.13825E+11
0.131615		-0.00235027		9.02012E+11
0.131615		0		8.13486E+11
0.131615		0.00235027		1.33641E+12
0.131615		0.00470053		7.80374E+11
0.131615		0.0070508		7.36038E+11
0.131615		0.00940107		1.93313E+11
0.131615		0.0117513		4.71635E+09
0.131615		0.0141016		-0
0.131615		0.0164519		-0
0.131615		0.0188021		-0
0.131615		0.0211524		-0
0.131615		0.0235027		-0
0.131615		0.0258529		-0
0.131615		0.0282032		-0
0.131615		0.0305535		-0
0.131615		0.0329037		-0
0.131615		0.035254		-0
0.133965		-0.035254		-0
0.133965		-0.0329037		-0
0.133965		-0.0305535		-0
0.133965		-0.0282032		-0
0.133965		-0.0258529		-0
0.133965		-0.0235027		-0
0.133965		-0.0211524		-0
0.133965		-0.0188021		-0
0.133965		-0.0164519		-0
0.133965		-0.0141016		-0
0.133965		-0.0117513		2.65071E+10
0.133965		-0.00940107		1.11359E+11
0.133965		-0.0070508		3.18886E+11
0.133965		-0.00470053		5.12129E+11
0.133965		-0.00235027		8.29444E+11
0.133965		0		9.76883E+11
0.133965		0.00235027		1.24195E+12
0.133965		0.00470053		7.63414E+11
0.133965		0.0070508		6.35315E+11
0.133965		0.00940107		1.37893E+11
0.133965		0.0117513		-0
0.133965		0.0141016		-0
0.133965		0.0164519		-0
0.133965		0.0188021		-0
0.133965		0.0211524		-0
0.133965		0.0235027		-0
0.133965		0.0258529		-0
0.133965		0.0282032		-0
0.133965		0.0305535		-0
0.133965		0.0329037		-0
0.133965		0.035254		-0
0.136315		-0.035254		-0
0.136315		-0.0329037		-0
0.136315		-0.0305535		-0
0.136315		-0.0282032		-0
0.136315		-0.0258529		-0
0.136315		-0.0235027		-0
0.136315		-0.0211524		-0
0.136315		-0.0188021		-0
0.136315		-0.0164519		-0
0.136315		-0.0141016		-0
0.136315		-0.0117513		3.05355E+10
0.136315		-0.00940107		2.16628E+11
0.136315		-0.0070508		6.7352E+11
0.136315		-0.00470053		4.71466E+11
0.136315		-0.00235027		4.91651E+11
0.136315		0		7.01539E+11
0.136315		0.00235027		7.88349E+11
0.136315		0.00470053		1.14302E+12
0.136315		0.0070508		7.38248E+11
0.136315		0.00940107		6.1495E+10
0.136315		0.0117513		-0
0.136315		0.0141016		-0
0.136315		0.0164519		-0
0.136315		0.0188021		-0
0.136315		0.0211524		-0
0.136315		0.0235027		-0
0.136315		0.0258529		-0
0.136315		0.0282032		-0
0.136315		0.0305535		-0
0.136315		0.0329037		-0
0.136315		0.035254		-0
0.138666		-0.035254		-0
0.138666		-0.0329037		-0
0.138666		-0.0305535		-0
0.138666		-0.0282032		-0
0.138666		-0.0258529		-0
0.138666		-0.0235027		-0
0.138666		-0.0211524		-0
0.138666		-0.0188021		-0
0.138666		-0.0164519		-0
0.138666		-0.0141016		-0
0.138666		-0.0117513		-0
0.138666		-0.00940107		1.14307E+10
0.138666		-0.0070508		2.75686E+11
0.138666		-0.00470053		6.51509E+11
0.138666		-0.00235027		9.31469E+11
0.138666		0		1.12583E+12
0.138666		0.00235027		7.55089E+11
0.138666		0.00470053		6.43406E+11
0.138666		0.0070508		6.48942E+11
0.138666		0.00940107		1.89361E+11
0.138666		0.0117513		-0
0.138666		0.0141016		-0
0.138666		0.0164519		-0
0.138666		0.0188021		-0
0.138666		0.0211524		-0
0.138666		0.0235027		-0
0.138666		0.0258529		-0
0.138666		0.0282032		-0
0.138666		0.0305535		-0
0.138666		0.0329037		-0
0.138666		0.035254		-0
0.141016		-0.035254		-0
0.141016		-0.0329037		-0
0.141016		-0.0305535		-0
0.141016		-0.0282032		-0
0.141016		-0.0258529		-0
0.141016		-0.0235027		-0
0.141016		-0.0211524		-0
0.141016		-0.0188021		-0
0.141016		-0.0164519		-0
0.141016		-0.0141016		-0
0.141016		-0.0117513		-0
0.141016		-0.00940107		3.86121E+10
0.141016		-0.0070508		3.34003E+11
0.141016		-0.00470053		4.91773E+11
0.141016		-0.00235027		6.78614E+11
0.141016		0		9.0981E+11
0.141016		0.00235027		1.09134E+12
0.141016		0.00470053		7.0429E+11
0.141016		0.0070508		2.18167E+11
0.141016		0.00940107		2.03279E+11
0.141016		0.0117513		1.17211E+11
0.141016		0.0141016		-0
0.141016		0.0164519		-0
0.141016		0.0188021		-0
0.141016		0.0211524		-0
0.141016		0.0235027		-0
0.141016		0.0258529		-0
0.141016		0.0282032		-0
0.141016		0.0305535		-0
0.141016		0.0329037		-0
0.141016		0.035254		-0
0.143366		-0.035254		-0
0.143366		-0.0329037		-0
0.143366		-0.0305535		-0
0.143366		-0.0282032		-0
0.143366		-0.0258529		-0
0.143366		-0.0235027		-0
0.143366		-0.0211524		-0
0.143366		-0.0188021		-0
0.143366		-0.0164519		-0
0.143366		-0.0141016		-0
0.143366		-0.0117513		-0
0.143366		-0.00940107		9.58807E+10
0.143366		-0.0070508		4.29956E+11
0.143366		-0.00470053		7.6683E+11
0.143366		-0.00235027		1.08294E+12
0.143366		0		8.39658E+11
0.143366		0.00235027		1.28587E+12
0.143366		0.00470053		1.23606E+12
0.143366		0.0070508		1.95715E+11
0.143366		0.00940107		2.73626E+11
0.143366		0.0117513		7.38081E+10
0.143366		0.0141016		-0
0.143366		0.0164519		-0
0.143366		0.0188021		-0
0.143366		0.0211524		-0
0.143366		0.0235027		-0
0.143366		0.0258529		-0
0.143366		0.0282032		-0
0.143366		0.0305535		-0
0.143366		0.0329037		-0
0.143366		0.035254		-0
0.145717		-0.035254		-0
0.145717		-0.0329037		-0
0.145717		-0.0305535		-0
0.145717		-0.0282032		-0
0.145717		-0.0258529		-0
0.145717		-0.0235027		-0
0.145717		-0.0211524		-0
0.145717		-0.0188021		-0
0.145717		-0.0164519		-0
0.145717		-0.0141016		-0
0.145717		-0.0117513		-0
0.145717		-0.00940107		2.12262E+11
0.145717		-0.0070508		5.05318E+11
0.145717		-0.00470053		3.3022E+11
0.145717		-0.00235027		7.72224E+11
0.145717		0		9.48141E+11
0.145717		0.00235027		1.05815E+12
0.145717		0.00470053		3.83064E+11
0.145717		0.0070508		6.38993E+11
0.145717		0.00940107		2.24695E+11
0.145717		0.0117513		2.72603E+10
0.145717		0.0141016		-0
0.145717		0.0164519		-0
0.145717		0.0188021		-0
0.145717		0.0211524		-0
0.145717		0.0235027		-0
0.145717		0.0258529		-0
0.145717		0.0282032		-0
0.145717		0.0305535		-0
0.145717		0.0329037		-0
0.145717		0.035254		-0
0.148067		-0.035254		-0
0.148067		-0.0329037		-0
0.148067		-0.0305535		-0
0.148067		-0.0282032		-0
0.148067		-0.0258529		-0
0.148067		-0.0235027		-0
0.148067		-0.0211524		-0
0.148067		-0.0188021		-0
0.148067		-0.0164519		-0
0.148067		-0.0141016		-0
0.148067		-0.0117513		-0
0.148067		-0.00940107		2.88341E+11
0.148067		-0.0070508		9.15446E+11
0.148067		-0.00470053		5.06329E+11
0.148067		-0.00235027		3.5914E+11
0.148067		0		7.24318E+11
0.148067		0.00235027		8.85802E+11
0.148067		0.00470053		8.8556E+11
0.148067		0.0070508		8.74922E+11
0.148067		0.00940107		2.06244E+10
0.148067		0.0117513		-0
0.148067		0.0141016		-0
0.148067		0.0164519		-0
0.148067		0.0188021		-0
0.148067		0.0211524		-0
0.148067		0.0235027		-0
0.148067		0.0258529		-0
0.148067		0.0282032		-0
0.148067		0.0305535		-0
0.148067		0.0329037		-0
0.148067		0.035254		-0
0.150417		-0.035254		-0
0.150417		-0.0329037		-0
0.150417		-0.0305535		-0
0.150417		-0.0282032		-0
0.150417		-0.0258529		-0
0.150417		-0.0235027		-0
0.150417		-0.0211524		-0
0.150417		-0.0188021		-0
0.150417		-0.0164519		-0
0.150417		-0.0141016		-0
0.150417		-0.0117513		-0
0.150417		-0.00940107		1.08942E+11
0.150417		-0.0070508		8.76017E+11
0.150417		-0.00470053		4.76068E+11
0.150417		-0.00235027		2.62455E+11
0.150417		0		8.73442E+11
0.150417		0.00235027		1.55496E+12
0.150417		0.00470053		1.55703E+12
0.150417		0.0070508		7.46009E+11
0.150417		0.00940107		2.52293E+11
0.150417		0.0117513		-0
0.150417		0.0141016		-0
0.150417		0.0164519		-0
0.150417		0.0188021		-0
0.150417		0.0211524		-0
0.150417		0.0235027		-0
0.150417		0.0258529		-0
0.150417		0.0282032		-0
0.150417		0.0305535		-0
0.150417		0.0329037		-0
0.150417		0.035254		-0
0.152767		-0.035254		-0
0.152767		-0.0329037		-0
0.152767		-0.0305535		-0
0.152767		-0.0282032		-0
0.152767		-0.0258529		-0
0.152767		-0.0235027		-0
0.152767		-0.0211524		-0
0.152767		-0.0188021		-0
0.152767		-0.0164519		-0
0.152767		-0.0141016		-0
0.152767		-0.0117513		-0
0.152767		-0.00940107		3.54224E+09
0.152767		-0.0070508		4.73917E+11
0.152767		-0.00470053		8.10973E+11
0.152767		-0.00235027		4.3006E+11
0.152767		0		7.66244E+11
0.152767		0.00235027		1.02355E+12
0.152767		0.00470053		6.81428E+11
0.152767		0.0070508		5.91371E+11
0.152767		0.00940107		4.24402E+11
0.152767		0.0117513		9.94879E+09
0.152767		0.0141016		-0
0.152767		0.0164519		-0
0.152767		0.0188021		-0
0.152767		0.0211524		-0
0.152767		0.0235027		-0
0.152767		0.0258529		-0
0.152767		0.0282032		-0
0.152767		0.0305535		-0
0.152767		0.0329037		-0
0.152767		0.035254		-0
0.155118		-0.035254		-0
0.155118		-0.0329037		-0
0.155118		-0.0305535		-0
0.155118		-0.0282032		-0
0.155118		-0.0258529		-0
0.155118		-0.0235027		-0
0.155118		-0.0211524		-0
0.155118		-0.0188021		-0
0.155118		-0.0164519		-0
0.155118		-0.0141016		-0
0.155118		-0.0117513		1.79875E+11
0.155118		-0.00940107		8.28784E+10
0.155118		-0.0070508		6.11703E+11
0.155118		-0.00470053		5.99543E+11
0.155118		-0.00235027		7.64532E+11
0.155118		0		1.46652E+12
0.155118		0.00235027		6.73215E+11
0.155118		0.00470053		6.55068E+11
0.155118		0.0070508		5.77735E+11
0.155118		0.00940107		4.23995E+11
0.155118		0.0117513		6.8573E+10
0.155118		0.0141016		-0
0.155118		0.0164519		-0
0.155118		0.0188021		-0
0.155118		0.0211524		-0
0.155118		0.0235027		-0
0.155118		0.0258529		-0
0.155118		0.0282032		-0
0.155118		0.0305535		-0
0.155118		0.0329037		-0
0.155118		0.035254		-0
0.157468		-0.035254		-0
0.157468		-0.0329037		-0
0.157468		-0.0305535		-0
0.157468		-0.0282032		-0
0.157468		-0.0258529		-0
0.157468		-0.0235027		-0
0.157468		-0.0211524		-0
0.157468		-0.0188021		-0
0.157468		-0.0164519		-0
0.157468		-0.0141016		-0
0.157468		-0.0117513		4.43861E+10
0.157468		-0.00940107		8.40893E+10
0.157468		-0.0070508		3.21069E+11
0.157468		-0.00470053		4.35684E+11
0.157468		-0.00235027		6.59277E+11
0.157468		0		1.72941E+12
0.157468		0.00235027		1.37176E+12
0.157468		0.00470053		6.39666E+11
0.157468		0.0070508		6.36212E+11
0.157468		0.00940107		4.22846E+11
0.157468		0.0117513		-0
0.157468		0.0141016		-0
0.157468		0.0164519		-0
0.157468		0.0188021		-0
0.157468		0.0211524		-0
0.157468		0.0235027		-0
0.157468		0.0258529		-0
0.157468		0.0282032		-0
0.157468		0.0305535		-0
0.157468		0.0329037		-0
0.157468		0.035254		-0
0.159818		-0.035254		-0
0.159818		-0.0329037		-0
0.159818		-0.0305535		-0
0.159818		-0.0282032		-0
0.159818		-0.0258529		-0
0.159818		-0.0235027		-0
0.159818		-0.0211524		-0
0.159818		-0.0188021		-0
0.159818		-0.0164519		-0
0.159818		-0.0141016		-0
0.159818		-0.0117513		-0
0.159818		-0.00940107		-0
0.159818		-0.0070508		6.77386E+10
0.159818		-0.00470053		5.52948E+11
0.159818		-0.00235027		1.06418E+12
0.159818		0		9.81197E+11
0.159818		0.00235027		8.62497E+11
0.159818		0.00470053		5.77993E+11
0.159818		0.0070508		2.5625E+11
0.159818		0.00940107		2.8184E+11
0.159818		0.0117513		-0
0.159818		0.0141016		-0
0.159818		0.0164519		-0
0.159818		0.0188021		-0
0.159818		0.0211524		-0
0.159818		0.0235027		-0
0.159818		0.0258529		-0
0.159818		0.0282032		-0
0.159818		0.0305535		-0
0.159818		0.0329037		-0
0.159818		0.035254		-0
0.162168		-0.035254		-0
0.162168		-0.0329037		-0
0.162168		-0.0305535		-0
0.162168		-0.0282032		-0
0.162168		-0.0258529		-0
0.162168		-0.0235027		-0
0.162168		-0.0211524		-0
0.162168		-0.0188021		-0
0.162168		-0.0164519		-0
0.162168		-0.0141016		-0
0.162168		-0.0117513		3.54592E+10
0.162168		-0.00940107		1.39786E+11
0.162168		-0.0070508		2.56799E+11
0.162168		-0.00470053		7.17178E+11
0.162168		-0.00235027		6.90549E+11
0.162168		0		6.75336E+11
0.162168		0.00235027		6.1194E+11
0.162168		0.00470053		9.83622E+11
0.162168		0.0070508		2.54512E+11
0.162168		0.00940107		-0
0.162168		0.0117513		-0
0.162168		0.0141016		-0
0.162168		0.0164519		-0
0.162168		0.0188021		-0
0.162168		0.0211524		-0
0.162168		0.0235027		-0
0.162168		0.0258529		-0
0.162168		0.0282032		-0
0.162168		0.0305535		-0
0.162168		0.0329037		-0
0.162168		0.035254		-0
0.164519		-0.035254		-0
0.164519		-0.0329037		-0
0.164519		-0.0305535		-0
0.164519		-0.0282032		-0
0.164519		-0.0258529		-0
0.164519		-0.0235027		-0
0.164519		-0.0211524		-0
0.164519		-0.0188021		-0
0.164519		-0.0164519		-0
0.164519		-0.0141016		-0
0.164519		-0.0117513		1.51259E+10
0.164519		-0.00940107		5.96289E+10
0.164519		-0.0070508		2.94626E+11
0.164519		-0.00470053		5.35698E+11
0.164519		-0.00235027		6.75012E+11
0.164519		0		4.05168E+11
0.164519		0.00235027		7.6151E+11
0.164519		0.00470053		6.52155E+11
0.164519		0.0070508		9.01451E+11
0.164519		0.00940107		1.07508E+11
0.164519		0.0117513		-0
0.164519		0.0141016		-0
0.164519		0.0164519		-0
0.164519		0.0188021		-0
0.164519		0.0211524		-0
0.164519		0.0235027		-0
0.164519		0.0258529		-0
0.164519		0.0282032		-0
0.164519		0.0305535		-0
0.164519		0.0329037		-0
0.164519		0.035254		-0
0.166869		-0.035254		-0
0.166869		-0.0329037		-0
0.166869		-0.0305535		-0
0.166869		-0.0282032		-0
0.166869		-0.0258529		-0
0.166869		-0.0235027		-0
0.166869		-0.0211524		-0
0.166869		-0.0188021		-0
0.166869		-0.0164519		-0
0.166869		-0.0141016		-0
0.166869		-0.0117513		-0
0.166869		-0.00940107		1.65948E+10
0.166869		-0.0070508		2.75127E+11
0.166869		-0.00470053		7.18373E+11
0.166869		-0.00235027		8.35964E+11
0.166869		0		9.10288E+11
0.166869		0.00235027		5.5723E+11
0.166869		0.00470053		1.1495E+11
0.166869		0.0070508		4.04309E+11
0.166869		0.00940107		3.62736E+11
0.166869		0.0117513		1.04521E+10
0.166869		0.0141016		-0
0.166869		0.0164519		-0
0.166869		0.0188021		-0
0.166869		0.0211524		-0
0.166869		0.0235027		-0
0.166869		0.0258529		-0
0.166869		0.0282032		-0
0.166869		0.0305535		-0
0.166869		0.0329037		-0
0.166869		0.035254		-0
0.169219		-0.035254		-0
0.169219		-0.0329037		-0
0.169219		-0.0305535		-0
0.169219		-0.0282032		-0
0.169219		-0.0258529		-0
0.169219		-0.0235027		-0
0.169219		-0.0211524		-0
0.169219		-0.0188021		-0
0.169219		-0.0164519		-0
0.169219		-0.0141016		-0
0.169219		-0.0117513		-0
0.169219		-0.00940107		1.43827E+11
0.169219		-0.0070508		4.05912E+11
0.169219		-0.00470053		5.34494E+11
0.169219		-0.00235027		1.38504E+12
0.169219		0		7.07175E+11
0.169219		0.00235027		5.45576E+11
0.169219		0.00470053		4.33563E+11
0.169219		0.0070508		1.66375E+11
0.169219		0.00940107		5.73131E+10
0.169219		0.0117513		9.69524E+08
0.169219		0.0141016		-0
0.169219		0.0164519		-0
0.169219		0.0188021		-0
0.169219		0.0211524		-0
0.169219		0.0235027		-0
0.169219		0.0258529		-0
0.169219		0.0282032		-0
0.169219		0.0305535		-0
0.169219		0.0329037		-0
0.169219		0.035254		-0
0.171569		-0.035254		-0
0.171569		-0.0329037		-0
0.171569		-0.0305535		-0
0.171569		-0.0282032		-0
0.171569		-0.0258529		-0
0.171569		-0.0235027		-0
0.171569		-0.0211524		-0
0.171569		-0.0188021		-0
0.171569		-0.0164519		-0
0.171569		-0.0141016		-0
0.171569		-0.0117513		-0
0.171569		-0.00940107		5.17307E+10
0.171569		-0.0070508		4.03373E+11
0.171569		-0.00470053		7.49959E+11
0.171569		-0.00235027		7.38862E+11
0.171569		0		1.04754E+12
0.171569		0.00235027		8.98866E+11
0.171569		0.00470053		8.52835E+11
0.171569		0.0070508		2.7637E+11
0.171569		0.00940107		1.76558E+11
0.171569		0.0117513		3.83082E+09
0.171569		0.0141016		-0
0.171569		0.0164519		-0
0.171569		0.0188021		-0
0.171569		0.0211524		-0
0.171569		0.0235027		-0
0.171569		0.0258529		-0
0.171569		0.0282032		-0
0.171569		0.0305535		-0
0.171569		0.0329037		-0
0.171569		0.035254		-0
0.17392		-0.035254		-0
0.17392		-0.0329037		-0
0.17392		-0.0305535		-0
0.17392		-0.0282032		-0
0.17392		-0.0258529		-0
0.17392		-0.0235027		-0
0.17392		-0.0211524		-0
0.17392		-0.0188021		-0
0.17392		-0.0164519		-0
0.17392		-0.0141016		-0
0.17392		-0.0117513		5.15711E+10
0.17392		-0.00940107		2.30628E+11
0.17392		-0.0070508		3.64584E+11
0.17392		-0.00470053		7.29343E+11
0.17392		-0.00235027		7.29143E+11
0.17392		0		5.95065E+11
0.17392		0.00235027		6.79364E+11
0.17392		0.00470053		6.11652E+11
0.17392		0.0070508		3.15793E+11
0.17392		0.00940107		7.51788E+10
0.17392		0.0117513		1.47828E+09
0.17392		0.0141016		-0
0.17392		0.0164519		-0
0.17392		0.0188021		-0
0.17392		0.0211524		-0
0.17392		0.0235027		-0
0.17392		0.0258529		-0
0.17392		0.0282032		-0
0.17392		0.0305535		-0
0.17392		0.0329037		-0
0.17392		0.035254		-0
0.17627		-0.035254		-0
0.17627		-0.0329037		-0
0.17627		-0.0305535		-0
0.17627		-0.0282032		-0
0.17627		-0.0258529		-0
0.17627		-0.0235027		-0
0.17627		-0.0211524		-0
0.17627		-0.0188021		-0
0.17627		-0.0164519		-0
0.17627		-0.0141016		-0
0.17627		-0.0117513		1.65404E+10
0.17627		-0.00940107		4.11207E+11
0.17627		-0.0070508		3.82091E+11
0.17627		-0.00470053		6.74393E+11
0.17627		-0.00235027		5.4936E+11
0.17627		0		7.69826E+11
0.17627		0.00235027		9.62109E+11
0.17627		0.00470053		7.05573E+11
0.17627		0.0070508		3.68458E+11
0.17627		0.00940107		1.5302E+11
0.17627		0.0117513		-0
0.17627		0.0141016		-0
0.17627		0.0164519		-0
0.17627		0.0188021		-0
0.17627		0.0211524		-0
0.17627		0.0235027		-0
0.17627		0.0258529		-0
0.17627		0.0282032		-0
0.17627		0.0305535		-0
0.17627		0.0329037		-0
0.17627		0.035254		-0
0.17862		-0.035254		-0
0.17862		-0.0329037		-0
0.17862		-0.0305535		-0
0.17862		-0.0282032		-0
0.17862		-0.0258529		-0
0.17862		-0.0235027		-0
0.17862		-0.0211524		-0
0.17862		-0.0188021		-0
0.17862		-0.0164519		-0
0.17862		-0.0141016		-0
0.17862		-0.0117513		-0
0.17862		-0.00940107		2.44101E+11
0.17862		-0.0070508		8.0525E+11
0.17862		-0.00470053		7.95347E+11
0.17862		-0.00235027		1.08681E+12
0.17862		0		9.73019E+11
0.17862		0.00235027		8.4547E+11
0.17862		0.00470053		7.91063E+11
0.17862		0.0070508		2.08871E+11
0.17862		0.00940107		1.74523E+11
0.17862		0.0117513		1.1398E+10
0.17862		0.0141016		-0
0.17862		0.0164519		-0
0.17862		0.0188021		-0
0.17862		0.0211524		-0
0.17862		0.0235027		-0
0.17862		0.0258529		-0
0.17862		0.0282032		-0
0.17862		0.0305535		-0
0.17862		0.0329037		-0
0.17862		0.035254		-0
0.180971		-0.035254		-0
0.180971		-0.0329037		-0
0.180971		-0.0305535		-0
0.180971		-0.0282032		-0
0.180971		-0.0258529		-0
0.180971		-0.0235027		-0
0.180971		-0.0211524		-0
0.180971		-0.0188021		-0
0.180971		-0.0164519		-0
0.180971		-0.0141016		-0
0.180971		-0.0117513		-0
0.180971		-0.00940107		4.57347E+10
0.180971		-0.0070508		4.67677E+11
0.180971		-0.00470053		9.00772E+11
0.180971		-0.00235027		1.06683E+12
0.180971		0		1.48558E+12
0.180971		0.00235027		3.80004E+11
0.180971		0.00470053		6.19232E+11
0.180971		0.0070508		4.55715E+11
0.180971		0.00940107		2.7578E+11
0.180971		0.0117513		6.1858E+10
0.180971		0.0141016		-0
0.180971		0.0164519		-0
0.180971		0.0188021		-0
0.180971		0.0211524		-0
0.180971		0.0235027		-0
0.180971		0.0258529		-0
0.180971		0.0282032		-0
0.180971		0.0305535		-0
0.180971		0.0329037		-0
0.180971		0.035254		-0
0.183321		-0.035254		-0
0.183321		-0.0329037		-0
0.183321		-0.0305535		-0
0.183321		-0.0282032		-0
0.183321		-0.0258529		-0
0.183321		-0.0235027		-0
0.183321		-0.0211524		-0
0.183321		-0.0188021		-0
0.183321		-0.0164519		-0
0.183321		-0.0141016		-0
0.183321		-0.0117513		-0
0.183321		-0.00940107		9.36849E+10
0.183321		-0.0070508		2.84858E+11
0.183321		-0.00470053		7.35119E+11
0.183321		-0.00235027		7.52595E+11
0.183321		0		1.08926E+12
0.183321		0.00235027		9.57553E+11
0.183321		0.00470053		7.72625E+11
0.183321		0.0070508		1.48847E+11
0.183321		0.00940107		2.46509E+11
0.183321		0.0117513		5.73397E+10
0.183321		0.0141016		-0
0.183321		0.0164519		-0
0.183321		0.0188021		-0
0.183321		0.0211524		-0
0.183321		0.0235027		-0
0.183321		0.0258529		-0
0.183321		0.0282032		-0
0.183321		0.0305535		-0
0.183321		0.0329037		-0
0.183321		0.035254		-0
0.185671		-0.035254		-0
0.185671		-0.0329037		-0
0.185671		-0.0305535		-0
0.185671		-0.0282032		-0
0.185671		-0.0258529		-0
0.185671		-0.0235027		-0
0.185671		-0.0211524		-0
0.185671		-0.0188021		-0
0.185671		-0.0164519		-0
0.185671		-0.0141016		-0
0.185671		-0.0117513		3.2216E+10
0.185671		-0.00940107		4.34674E+11
0.185671		-0.0070508		3.20056E+11
0.185671		-0.00470053		8.20393E+11
0.185671		-0.00235027		8.27345E+11
0.185671		0		8.50644E+11
0.185671		0.00235027		4.46414E+11
0.185671		0.00470053		5.20958E+11
0.185671		0.0070508		9.77409E+10
0.185671		0.00940107		5.96882E+10
0.185671		0.0117513		4.4586E+09
0.185671		0.0141016		-0
0.185671		0.0164519		-0
0.185671		0.0188021		-0
0.185671		0.0211524		-0
0.185671		0.0235027		-0
0.185671		0.0258529		-0
0.185671		0.0282032		-0
0.185671		0.0305535		-0
0.185671		0.0329037		-0
0.185671		0.035254		-0
0.188021		-0.035254		-0
0.188021		-0.0329037		-0
0.188021		-0.0305535		-0
0.188021		-0.0282032		-0
0.188021		-0.0258529		-0
0.188021		-0.0235027		-0
0.188021		-0.0211524		-0
0.188021		-0.0188021		-0
0.188021		-0.0164519		-0
0.188021		-0.0141016		-0
0.188021		-0.0117513		8.5909E+09
0.188021		-0.00940107		1.39357E+11
0.188021		-0.0070508		1.17101E+11
0.188021		-0.00470053		5.9871E+11
0.188021		-0.00235027		7.23366E+11
0.188021		0		9.34146E+11
0.188021		0.00235027		9.25469E+11
0.188021		0.00470053		7.49349E+11
0.188021		0.0070508		5.69645E+11
0.188021		0.00940107		2.82457E+11
0.188021		0.0117513		-0
0.188021		0.0141016		-0
0.188021		0.0164519		-0
0.188021		0.0188021		-0
0.188021		0.0211524		-0
0.188021		0.0235027		-0
0.188021		0.0258529		-0
0.188021		0.0282032		-0
0.188021		0.0305535		-0
0.188021		0.0329037		-0
0.188021		0.035254		-0
0.190372		-0.035254		-0
0.190372		-0.0329037		-0
0.190372		-0.0305535		-0
0.190372		-0.0282032		-0
0.190372		-0.0258529		-0
0.190372		-0.0235027		-0
0.190372		-0.0211524		-0
0.190372		-0.0188021		-0
0.190372		-0.0164519		-0
0.190372		-0.0141016		-0
0.190372		-0.0117513		-0
0.190372		-0.00940107		1.61144E+11
0.190372		-0.0070508		3.29423E+11
0.190372		-0.00470053		9.82689E+11
0.190372		-0.00235027		9.99287E+11
0.190372		0		1.10325E+12
0.190372		0.00235027		1.03873E+12
0.190372		0.00470053		7.25977E+11
0.190372		0.0070508		7.3038E+11
0.190372		0.00940107		2.65483E+11
0.190372		0.0117513		-0
0.190372		0.0141016		-0
0.190372		0.0164519		-0
0.190372		0.0188021		-0
0.190372		0.0211524		-0
0.190372		0.0235027		-0
0.190372		0.0258529		-0
0.190372		0.0282032		-0
0.190372		0.0305535		-0
0.190372		0.0329037		-0
0.190372		0.035254		-0
0.192722		-0.035254		-0
0.192722		-0.0329037		-0
0.192722		-0.0305535		-0
0.192722		-0.0282032		-0
0.192722		-0.0258529		-0
0.192722		-0.0235027		-0
0.192722		-0.0211524		-0
0.192722		-0.0188021		-0
0.192722		-0.0164519		-0
0.192722		-0.0141016		-0
0.192722		-0.0117513		-0
0.192722		-0.00940107		2.21252E+11
0.192722		-0.0070508		7.49243E+11
0.192722		-0.00470053		9.05985E+11
0.192722		-0.00235027		1.06573E+12
0.192722		0		5.8065E+11
0.192722		0.00235027		4.44163E+11
0.192722		0.00470053		4.75065E+11
0.192722		0.0070508		1.2105E+11
0.192722		0.00940107		1.09477E+11
0.192722		0.0117513		-0
0.192722		0.0141016		-0
0.192722		0.0164519		-0
0.192722		0.0188021		-0
0.192722		0.0211524		-0
0.192722		0.0235027		-0
0.192722		0.0258529		-0
0.192722		0.0282032		-0
0.192722		0.0305535		-0
0.192722		0.0329037		-0
0.192722		0.035254		-0
0.195072		-0.035254		-0
0.195072		-0.0329037		-0
0.195072		-0.0305535		-0
0.195072		-0.0282032		-0
0.195072		-0.0258529		-0
0.195072		-0.0235027		-0
0.195072		-0.0211524		-0
0.195072		-0.0188021		-0
0.195072		-0.0164519		-0
0.195072		-0.0141016		-0
0.195072		-0.0117513		4.65863E+10
0.195072		-0.00940107		1.52703E+11
0.195072		-0.0070508		1.6928E+11
0.195072		-0.00470053		5.95839E+11
0.195072		-0.00235027		1.08189E+12
0.195072		0		7.38989E+11
0.195072		0.00235027		4.77523E+11
0.195072		0.00470053		6.83317E+11
0.195072		0.0070508		4.47773E+11
0.195072		0.00940107		1.68147E+11
0.195072		0.0117513		4.07188E+09
0.195072		0.0141016		-0
0.195072		0.0164519		-0
0.195072		0.0188021		-0
0.195072		0.0211524		-0
0.195072		0.0235027		-0
0.195072		0.0258529		-0
0.195072		0.0282032		-0
0.195072		0.0305535		-0
0.195072		0.0329037		-0
0.195072		0.035254		-0
0.197422		-0.035254		-0
0.197422		-0.0329037		-0
0.197422		-0.0305535		-0
0.197422		-0.0282032		-0
0.197422		-0.0258529		-0
0.197422		-0.0235027		-0
0.197422		-0.0211524		-0
0.197422		-0.0188021		-0
0.197422		-0.0164519		-0
0.197422		-0.0141016		-0
0.197422		-0.0117513		1.18542E+10
0.197422		-0.00940107		6.06777E+10
0.197422		-0.0070508		3.04437E+11
0.197422		-0.00470053		4.60087E+11
0.197422		-0.00235027		6.53994E+11
0.197422		0		1.16184E+12
0.197422		0.00235027		7.94634E+11
0.197422		0.00470053		3.64044E+11
0.197422		0.0070508		4.66862E+11
0.197422		0.00940107		7.58172E+11
0.197422		0.0117513		9.11916E+10
0.197422		0.0141016		-0
0.197422		0.0164519		-0
0.197422		0.0188021		-0
0.197422		0.0211524		-0
0.197422		0.0235027		-0
0.197422		0.0258529		-0
0.197422		0.0282032		-0
0.197422		0.0305535		-0
0.197422		0.0329037		-0
0.197422		0.035254		-0
0.199773		-0.035254		-0
0.199773		-0.0329037		-0
0.199773		-0.0305535		-0
0.199773		-0.0282032		-0
0.199773		-0.0258529		-0
0.199773		-0.0235027		-0
0.199773		-0.0211524		-0
0.199773		-0.0188021		-0
0.199773		-0.0164519		-0
0.199773		-0.0141016		-0
0.199773		-0.0117513		-0
0.199773		-0.00940107		2.31875E+11
0.199773		-0.0070508		1.10101E+12
0.199773		-0.00470053		6.37896E+11
0.199773		-0.00235027		8.8792E+11
0.199773		0		1.3507E+12
0.199773		0.00235027		1.3714E+12
0.199773		0.00470053		8.28085E+11
0.199773		0.0070508		1.01536E+11
0.199773		0.00940107		3.40162E+11
0.199773		0.0117513		2.7167E+11
0.199773		0.0141016		-0
0.199773		0.0164519		-0
0.199773		0.0188021		-0
0.199773		0.0211524		-0
0.199773		0.0235027		-0
0.199773		0.0258529		-0
0.199773		0.0282032		-0
0.199773		0.0305535		-0
0.199773		0.0329037		-0
0.199773		0.035254		-0
0.202123		-0.035254		-0
0.202123		-0.0329037		-0
0.202123		-0.0305535		-0
0.202123		-0.0282032		-0
0.202123		-0.0258529		-0
0.202123		-0.0235027		-0
0.202123		-0.0211524		-0
0.202123		-0.0188021		-0
0.202123		-0.0164519		-0
0.202123		-0.0141016		-0
0.202123		-0.0117513		-0
0.202123		-0.00940107		3.12743E+10
0.202123		-0.0070508		8.19902E+11
0.202123		-0.00470053		5.46768E+11
0.202123		-0.00235027		4.74573E+11
0.202123		0		7.2647E+11
0.202123		0.00235027		5.23699E+11
0.202123		0.00470053		7.45431E+11
0.202123		0.0070508		2.67241E+11
0.202123		0.00940107		3.53466E+10
0.202123		0.0117513		6.19689E+09
0.202123		0.0141016		-0
0.202123		0.0164519		-0
0.202123		0.0188021		-0
0.202123		0.0211524		-0
0.202123		0.0235027		-0
0.202123		0.0258529		-0
0.202123		0.0282032		-0
0.202123		0.0305535		-0
0.202123		0.0329037		-0
0.202123		0.035254		-0
0.204473		-0.035254		-0
0.204473		-0.0329037		-0
0.204473		-0.0305535		-0
0.204473		-0.0282032		-0
0.204473		-0.0258529		-0
0.204473		-0.0235027		-0
0.204473		-0.0211524		-0
0.204473		-0.0188021		-0
0.204473		-0.0164519		-0
0.204473		-0.0141016		-0
0.204473		-0.0117513		-0
0.204473		-0.00940107		-0
0.204473		-0.0070508		5.20996E+11
0.204473		-0.00470053		1.03746E+12
0.204473		-0.00235027		7.36481E+11
0.204473		0		5.98347E+11
0.204473		0.00235027		9.49565E+11
0.204473		0.00470053		8.13504E+11
0.204473		0.0070508		3.40762E+11
0.204473		0.00940107		8.59973E+10
0.204473		0.0117513		-0
0.204473		0.0141016		-0
0.204473		0.0164519		-0
0.204473		0.0188021		-0
0.204473		0.0211524		-0
0.204473		0.0235027		-0
0.204473		0.0258529		-0
0.204473		0.0282032		-0
0.204473		0.0305535		-0
0.204473		0.0329037		-0
0.204473		0.035254		-0
0.206823		-0.035254		-0
0.206823		-0.0329037		-0
0.206823		-0.0305535		-0
0.206823		-0.0282032		-0
0.206823		-0.0258529		-0
0.206823		-0.0235027		-0
0.206823		-0.0211524		-0
0.206823		-0.0188021		-0
0.206823		-0.0164519		-0
0.206823		-0.0141016		-0
0.206823		-0.0117513		-0
0.206823		-0.00940107		1.50155E+11
0.206823		-0.0070508		6.94133E+11
0.206823		-0.00470053		8.36278E+11
0.206823		-0.00235027		5.34023E+11
0.206823		0		8.15046E+11
0.206823		0.00235027		6.61098E+11
0.206823		0.00470053		3.59444E+11
0.206823		0.0070508		2.9759E+11
0.206823		0.00940107		2.24224E+11
0.206823		0.0117513		-0
0.206823		0.0141016		-0
0.206823		0.0164519		-0
0.206823		0.0188021		-0
0.206823		0.0211524		-0
0.206823		0.0235027		-0
0.206823		0.0258529		-0
0.206823		0.0282032		-0
0.206823		0.0305535		-0
0.206823		0.0329037		-0
0.206823		0.035254		-0
0.209174		-0.035254		-0
0.209174		-0.0329037		-0
0.209174		-0.0305535		-0
0.209174		-0.0282032		-0
0.209174		-0.0258529		-0
0.209174		-0.0235027		-0
0.209174		-0.0211524		-0
0.209174		-0.0188021		-0
0.209174		-0.0164519		-0
0.209174		-0.0141016		-0
0.209174		-0.0117513		2.5402E+10
0.209174		-0.00940107		1.17815E+11
0.209174		-0.0070508		2.81995E+11
0.209174		-0.00470053		8.22894E+11
0.209174		-0.00235027		4.82219E+11
0.209174		0		8.95363E+11
0.209174		0.00235027		1.78009E+12
0.209174		0.00470053		4.96502E+11
0.209174		0.0070508		4.12175E+11
0.209174		0.00940107		1.5788E+11
0.209174		0.0117513		-0
0.209174		0.0141016		-0
0.209174		0.0164519		-0
0.209174		0.0188021		-0
0.209174		0.0211524		-0
0.209174		0.0235027		-0
0.209174		0.0258529		-0
0.209174		0.0282032		-0
0.209174		0.0305535		-0
0.209174		0.0329037		-0
0.209174		0.035254		-0
0.211524		-0.035254		-0
0.211524		-0.0329037		-0
0.211524		-0.0305535		-0
0.211524		-0.0282032		-0
0.211524		-0.0258529		-0
0.211524		-0.0235027		-0
0.211524		-0.0211524		-0
0.211524		-0.0188021		-0
0.211524		-0.0164519		-0
0.211524		-0.0141016		-0
0.211524		-0.0117513		3.22986E+10
0.211524		-0.00940107		1.19892E+11
0.211524		-0.0070508		4.61054E+11
0.211524		-0.00470053		2.44733E+11
0.211524		-0.00235027		8.01537E+11
0.211524		0		1.39384E+12
0.211524		0.00235027		1.55896E+12
0.211524		0.00470053		1.16338E+12
0.211524		0.0070508		8.61572E+11
0.211524		0.00940107		1.55115E+11
0.211524		0.0117513		-0
0.211524		0.0141016		-0
0.211524		0.0164519		-0
0.211524		0.0188021		-0
0.211524		0.0211524		-0
0.211524		0.0235027		-0
0.211524		0.0258529		-0
0.211524		0.0282032		-0
0.211524		0.0305535		-0
0.211524		0.0329037		-0
0.211524		0.035254		-0
0.213874		-0.035254		-0
0.213874		-0.0329037		-0
0.213874		-0.0305535		-0
0.213874		-0.0282032		-0
0.213874		-0.0258529		-0
0.213874		-0.0235027		-0
0.213874		-0.0211524		-0
0.213874		-0.0188021		-0
0.213874		-0.0164519		-0
0.213874		-0.0141016		-0
0.213874		-0.0117513		1.08635E+10
0.213874		-0.00940107		2.90039E+10
0.213874		-0.0070508		1.29556E+11
0.213874		-0.00470053		7.84777E+11
0.213874		-0.00235027		9.1374E+11
0.213874		0		9.15302E+11
0.213874		0.00235027		1.32789E+12
0.213874		0.00470053		4.29763E+11
0.213874		0.0070508		3.16842E+11
0.213874		0.00940107		1.83103E+11
0.213874		0.0117513		-0
0.213874		0.0141016		-0
0.213874		0.0164519		-0
0.213874		0.0188021		-0
0.213874		0.0211524		-0
0.213874		0.0235027		-0
0.213874		0.0258529		-0
0.213874		0.0282032		-0
0.213874		0.0305535		-0
0.213874		0.0329037		-0
0.213874		0.035254		-0
0.216225		-0.035254		-0
0.216225		-0.0329037		-0
0.216225		-0.0305535		-0
0.216225		-0.0282032		-0
0.216225		-0.0258529		-0
0.216225		-0.0235027		-0
0.216225		-0.0211524		-0
0.216225		-0.0188021		-0
0.216225		-0.0164519		-0
0.216225		-0.0141016		-0
0.216225		-0.0117513		5.72592E+10
0.216225		-0.00940107		1.52873E+11
0.216225		-0.0070508		5.20829E+11
0.216225		-0.00470053		7.87756E+11
0.216225		-0.00235027		8.10303E+11
0.216225		0		8.96137E+11
0.216225		0.00235027		7.53181E+11
0.216225		0.00470053		5.71237E+11
0.216225		0.0070508		2.93856E+11
0.216225		0.00940107		3.27492E+10
0.216225		0.0117513		-0
0.216225		0.0141016		-0
0.216225		0.0164519		-0
0.216225		0.0188021		-0
0.216225		0.0211524		-0
0.216225		0.0235027		-0
0.216225		0.0258529		-0
0.216225		0.0282032		-0
0.216225		0.0305535		-0
0.216225		0.0329037		-0
0.216225		0.035254		-0
0.218575		-0.035254		-0
0.218575		-0.0329037		-0
0.218575		-0.0305535		-0
0.218575		-0.0282032		-0
0.218575		-0.0258529		-0
0.218575		-0.0235027		-0
0.218575		-0.0211524		-0
0.218575		-0.0188021		-0
0.218575		-0.0164519		-0
0.218575		-0.0141016		-0
0.218575		-0.0117513		2.00235E+11
0.218575		-0.00940107		2.70809E+10
0.218575		-0.0070508		1.7265E+11
0.218575		-0.00470053		5.6264E+11
0.218575		-0.00235027		5.98638E+11
0.218575		0		1.04727E+12
0.218575		0.00235027		7.50691E+11
0.218575		0.00470053		6.05209E+11
0.218575		0.0070508		1.16205E+11
0.218575		0.00940107		-0
0.218575		0.0117513		-0
0.218575		0.0141016		-0
0.218575		0.0164519		-0
0.218575		0.0188021		-0
0.218575		0.0211524		-0
0.218575		0.0235027		-0
0.218575		0.0258529		-0
0.218575		0.0282032		-0
0.218575		0.0305535		-0
0.218575		0.0329037		-0
0.218575		0.035254		-0
0.220925		-0.035254		-0
0.220925		-0.0329037		-0
0.220925		-0.0305535		-0
0.220925		-0.0282032		-0
0.220925		-0.0258529		-0
0.220925		-0.0235027		-0
0.220925		-0.0211524		-0
0.220925		-0.0188021		-0
0.220925		-0.0164519		-0
0.220925		-0.0141016		-0
0.220925		-0.0117513		1.99817E+10
0.220925		-0.00940107		2.55468E+10
0.220925		-0.0070508		1.88556E+11
0.220925		-0.00470053		5.45164E+11
0.220925		-0.00235027		8.31185E+11
0.220925		0		7.40245E+11
0.220925		0.00235027		9.22499E+11
0.220925		0.00470053		6.94106E+11
0.220925		0.0070508		1.82654E+11
0.220925		0.00940107		-0
0.220925		0.0117513		-0
0.220925		0.0141016		-0
0.220925		0.0164519		-0
0.220925		0.0188021		-0
0.220925		0.0211524		-0
0.220925		0.0235027		-0
0.220925		0.0258529		-0
0.220925		0.0282032		-0
0.220925		0.0305535		-0
0.220925		0.0329037		-0
0.220925		0.035254		-0
0.223275		-0.035254		-0
0.223275		-0.0329037		-0
0.223275		-0.0305535		-0
0.223275		-0.0282032		-0
0.223275		-0.0258529		-0
0.223275		-0.0235027		-0
0.223275		-0.0211524		-0
0.223275		-0.0188021		-0
0.223275		-0.0164519		-0
0.223275		-0.0141016		-0
0.223275		-0.0117513		5.63237E+10
0.223275		-0.00940107		1.79546E+11
0.223275		-0.0070508		2.16863E+11
0.223275		-0.00470053		8.41496E+11
0.223275		-0.00235027		8.42709E+11
0.223275		0		5.0738E+11
0.223275		0.00235027		5.80075E+11
0.223275		0.00470053		3.98554E+11
0.223275		0.0070508		6.01145E+10
0.223275		0.00940107		9.52233E+10
0.223275		0.0117513		-0
0.223275		0.0141016		-0
0.223275		0.0164519		-0
0.223275		0.0188021		-0
0.223275		0.0211524		-0
0.223275		0.0235027		-0
0.223275		0.0258529		-0
0.223275		0.0282032		-0
0.223275		0.0305535		-0
0.223275		0.0329037		-0
0.223275		0.035254		-0
0.225626		-0.035254		-0
0.225626		-0.0329037		-0
0.225626		-0.0305535		-0
0.225626		-0.0282032		-0
0.225626		-0.0258529		-0
0.225626		-0.0235027		-0
0.225626		-0.0211524		-0
0.225626		-0.0188021		-0
0.225626		-0.0164519		-0
0.225626		-0.0141016		-0
0.225626		-0.0117513		5.07043E+09
0.225626		-0.00940107		9.47084E+10
0.225626		-0.0070508		2.44172E+11
0.225626		-0.00470053		3.86352E+11
0.225626		-0.00235027		6.71924E+11
0.225626		0		4.35592E+11
0.225626		0.00235027		5.96689E+11
0.225626		0.00470053		9.10955E+11
0.225626		0.0070508		2.13291E+11
0.225626		0.00940107		7.09213E+10
0.225626		0.0117513		-0
0.225626		0.0141016		-0
0.225626		0.0164519		-0
0.225626		0.0188021		-0
0.225626		0.0211524		-0
0.225626		0.0235027		-0
0.225626		0.0258529		-0
0.225626		0.0282032		-0
0.225626		0.0305535		-0
0.225626		0.0329037		-0
0.225626		0.035254		-0
0.227976		-0.035254		-0
0.227976		-0.0329037		-0
0.227976		-0.0305535		-0
0.227976		-0.0282032		-0
0.227976		-0.0258529		-0
0.227976		-0.0235027		-0
0.227976		-0.0211524		-0
0.227976		-0.0188021		-0
0.227976		-0.0164519		-0
0.227976		-0.0141016		-0
0.227976		-0.0117513		-0
0.227976		-0.00940107		5.8415E+10
0.227976		-0.0070508		2.23218E+11
0.227976		-0.00470053		1.74173E+11
0.227976		-0.00235027		3.4947E+11
0.227976		0		2.37825E+11
0.227976		0.00235027		8.35336E+11
0.227976		0.00470053		9.69634E+11
0.227976		0.0070508		4.43047E+11
0.227976		0.00940107		1.06198E+11
0.227976		0.0117513		-0
0.227976		0.0141016		-0
0.227976		0.0164519		-0
0.227976		0.0188021		-0
0.227976		0.0211524		-0
0.227976		0.0235027		-0
0.227976		0.0258529		-0
0.227976		0.0282032		-0
0.227976		0.0305535		-0
0.227976		0.0329037		-0
0.227976		0.035254		-0
0.230326		-0.035254		-0
0.230326		-0.0329037		-0
0.230326		-0.0305535		-0
0.230326		-0.0282032		-0
0.230326		-0.0258529		-0
0.230326		-0.0235027		-0
0.230326		-0.0211524		-0
0.230326		-0.0188021		-0
0.230326		-0.0164519		-0
0.230326		-0.0141016		-0
0.230326		-0.0117513		-0
0.230326		-0.00940107		2.34911E+10
0.230326		-0.0070508		2.24446E+11
0.230326		-0.00470053		2.14073E+11
0.230326		-0.00235027		8.67292E+10
0.230326		0		5.18596E+11
0.230326		0.00235027		2.40956E+11
0.230326		0.00470053		1.55789E+11
0.230326		0.0070508		3.60374E+11
0.230326		0.00940107		1.58424E+11
0.230326		0.0117513		-0
0.230326		0.0141016		-0
0.230326		0.0164519		-0
0.230326		0.0188021		-0
0.230326		0.0211524		-0
0.230326		0.0235027		-0
0.230326		0.0258529		-0
0.230326		0.0282032		-0
0.230326		0.0305535		-0
0.230326		0.0329037		-0
0.230326		0.035254		-0
0.232676		-0.035254		-0
0.232676		-0.0329037		-0
0.232676		-0.0305535		-0
0.232676		-0.0282032		-0
0.232676		-0.0258529		-0
0.232676		-0.0235027		-0
0.232676		-0.0211524		-0
0.232676		-0.0188021		-0
0.232676		-0.0164519		-0
0.232676		-0.0141016		-0
0.232676		-0.0117513		-0
0.232676		-0.00940107		5.67139E+10
0.232676		-0.0070508		2.12059E+11
0.232676		-0.00470053		5.25901E+10
0.232676		-0.00235027		1.49438E+11
0.232676		0		1.0501E+11
0.232676		0.00235027		2.7625E+10
0.232676		0.00470053		-0
0.232676		0.0070508		6.16654E+10
0.232676		0.00940107		6.20283E+10
0.232676		0.0117513		-0
0.232676		0.0141016		-0
0.232676		0.0164519		-0
0.232676		0.0188021		-0
0.232676		0.0211524		-0
0.232676		0.0235027		-0
0.232676		0.0258529		-0
0.232676		0.0282032		-0
0.232676		0.0305535		-0
0.232676		0.0329037		-0
0.232676		0.035254		-0
0.235027		-0.035254		-0
0.235027		-0.0329037		-0
0.235027		-0.0305535		-0
0.235027		-0.0282032		-0
0.235027		-0.0258529		-0
0.235027		-0.0235027		-0
0.235027		-0.0211524		-0
0.235027		-0.0188021		-0
0.235027		-0.0164519		-0
0.235027		-0.0141016		-0
0.235027		-0.0117513		-0
0.235027		-0.00940107		3.82239E+09
0.235027		-0.0070508		1.24778E+10
0.235027		-0.00470053		-0
0.235027		-0.00235027		-0
0.235027		0		-0
0.235027		0.00235027		-0
0.235027		0.00470053		-0
0.235027		0.0070508		-0
0.235027		0.00940107		-0
0.235027		0.0117513		-0
0.235027		0.0141016		-0
0.235027		0.0164519		-0
0.235027		0.0188021		-0
0.235027		0.0211524		-0
0.235027		0.0235027		-0
0.235027		0.0258529		-0
0.235027		0.0282032		-0
0.235027		0.0305535		-0
0.235027		0.0329037		-0
0.235027		0.035254		-0
