
##### time= 3.236646307e-06, label: 
0		-0.035254		-1.39314
0		-0.0329037		-54.1401
0		-0.0305535		-101.61
0		-0.0282032		-138.533
0		-0.0258529		-159.515
0		-0.0235027		-158.811
0		-0.0211524		-128.922
0		-0.0188021		-59.266
0		-0.0164519		70.1432
0		-0.0141016		303.395
0		-0.0117513		756.525
0		-0.00940107		317.234
0		-0.0070508		114.898
0		-0.00470053		15.0511
0		-0.00235027		-38.985
0		0		-78.7334
0		0.00235027		-102.83
0		0.00470053		-144.148
0		0.0070508		-218.809
0		0.00940107		-376.031
0		0.0117513		-749.52
0		0.0141016		-305.583
0		0.0164519		-75.2132
0		0.0188021		53.6897
0		0.0211524		123.775
0		0.0235027		154.4
0		0.0258529		155.99
0		0.0282032		135.912
0		0.0305535		99.8756
0		0.0329037		53.2886
0		0.035254		1.39315
0.00235027		-0.035254		-1.51329
0.00235027		-0.0329037		-54.9092
0.00235027		-0.0305535		-103.233
0.00235027		-0.0282032		-141.505
0.00235027		-0.0258529		-164.723
0.00235027		-0.0235027		-167.662
0.00235027		-0.0211524		-144.31
0.00235027		-0.0188021		-87.0799
0.00235027		-0.0164519		15.5653
0.00235027		-0.0141016		182.337
0.00235027		-0.0117513		443.051
0.00235027		-0.00940107		205.126
0.00235027		-0.0070508		72.6976
0.00235027		-0.00470053		1.97838
0.00235027		-0.00235027		-34.5946
0.00235027		0		-61.2308
0.00235027		0.00235027		-79.3447
0.00235027		0.00470053		-107.925
0.00235027		0.0070508		-159.21
0.00235027		0.00940107		-256.796
0.00235027		0.0117513		-444.499
0.00235027		0.0141016		-187.671
0.00235027		0.0164519		-21.8331
0.00235027		0.0188021		81.052
0.00235027		0.0211524		138.996
0.00235027		0.0235027		163.222
0.00235027		0.0258529		161.17
0.00235027		0.0282032		138.885
0.00235027		0.0305535		101.5
0.00235027		0.0329037		54.044
0.00235027		0.035254		1.51329
0.00470053		-0.035254		-1.71519
0.00470053		-0.0329037		-56.8798
0.00470053		-0.0305535		-107.543
0.00470053		-0.0282032		-149.39
0.00470053		-0.0258529		-178.398
0.00470053		-0.0235027		-190.807
0.00470053		-0.0211524		-183.387
0.00470053		-0.0188021		-154.194
0.00470053		-0.0164519		-104.455
0.00470053		-0.0141016		-46.1382
0.00470053		-0.0117513		-27.9678
0.00470053		-0.00940107		-5.03546
0.00470053		-0.0070508		-18.6797
0.00470053		-0.00470053		-31.0435
0.00470053		-0.00235027		-29.8903
0.00470053		0		-26.148
0.00470053		0.00235027		-27.4032
0.00470053		0.00470053		-34.7231
0.00470053		0.0070508		-38.476
0.00470053		0.00940107		-40.0908
0.00470053		0.0117513		10.4044
0.00470053		0.0141016		34.6833
0.00470053		0.0164519		95.8004
0.00470053		0.0188021		147.246
0.00470053		0.0211524		177.733
0.00470053		0.0235027		186.267
0.00470053		0.0258529		174.856
0.00470053		0.0282032		146.777
0.00470053		0.0305535		105.814
0.00470053		0.0329037		56.0217
0.00470053		0.035254		1.7152
0.0070508		-0.035254		-1.83524
0.0070508		-0.0329037		-59.2501
0.0070508		-0.0305535		-112.953
0.0070508		-0.0282032		-159.458
0.0070508		-0.0258529		-195.887
0.0070508		-0.0235027		-220.108
0.0070508		-0.0211524		-231.206
0.0070508		-0.0188021		-230.963
0.0070508		-0.0164519		-225.783
0.0070508		-0.0141016		-231.47
0.0070508		-0.0117513		-280.075
0.0070508		-0.00940107		-171.078
0.0070508		-0.0070508		-111.604
0.0070508		-0.00470053		-69.8446
0.0070508		-0.00235027		-38.4117
0.0070508		0		-8.24069
0.0070508		0.00235027		14.1856
0.0070508		0.00470053		36.3059
0.0070508		0.0070508		73.8365
0.0070508		0.00940107		134.01
0.0070508		0.0117513		257.311
0.0070508		0.0141016		217.198
0.0070508		0.0164519		215.839
0.0070508		0.0188021		223.511
0.0070508		0.0211524		225.399
0.0070508		0.0235027		215.544
0.0070508		0.0258529		192.404
0.0070508		0.0282032		156.903
0.0070508		0.0305535		111.276
0.0070508		0.0329037		58.4278
0.0070508		0.035254		1.83526
0.00940107		-0.035254		-1.86352
0.00940107		-0.0329037		-61.0687
0.00940107		-0.0305535		-117.372
0.00940107		-0.0282032		-168.193
0.00940107		-0.0258529		-211.603
0.00940107		-0.0235027		-246.672
0.00940107		-0.0211524		-273.903
0.00940107		-0.0188021		-296.286
0.00940107		-0.0164519		-320.348
0.00940107		-0.0141016		-357.595
0.00940107		-0.0117513		-424.45
0.00940107		-0.00940107		-279.135
0.00940107		-0.0070508		-185.413
0.00940107		-0.00470053		-111.33
0.00940107		-0.00235027		-57.6685
0.00940107		0		-6.91354
0.00940107		0.00235027		39.4939
0.00940107		0.00470053		94.8868
0.00940107		0.0070508		160.864
0.00940107		0.00940107		259.863
0.00940107		0.0117513		405.486
0.00940107		0.0141016		344.682
0.00940107		0.0164519		310.977
0.00940107		0.0188021		289.163
0.00940107		0.0211524		268.334
0.00940107		0.0235027		242.312
0.00940107		0.0258529		208.264
0.00940107		0.0282032		165.763
0.00940107		0.0305535		115.788
0.00940107		0.0329037		60.2851
0.00940107		0.035254		1.86351
0.0117513		-0.035254		-1.79503
0.0117513		-0.0329037		-61.3959
0.0117513		-0.0305535		-118.793
0.0117513		-0.0282032		-172.258
0.0117513		-0.0258529		-220.533
0.0117513		-0.0235027		-263.368
0.0117513		-0.0211524		-301.835
0.0117513		-0.0188021		-338.73
0.0117513		-0.0164519		-378.862
0.0117513		-0.0141016		-428.701
0.0117513		-0.0117513		-494.422
0.0117513		-0.00940107		-340.903
0.0117513		-0.0070508		-228.397
0.0117513		-0.00470053		-144.055
0.0117513		-0.00235027		-73.518
0.0117513		0		-6.8821
0.0117513		0.00235027		56.5068
0.0117513		0.00470053		133.982
0.0117513		0.0070508		218.873
0.0117513		0.00940107		333.86
0.0117513		0.0117513		483.216
0.0117513		0.0141016		419.621
0.0117513		0.0164519		371.382
0.0117513		0.0188021		332.613
0.0117513		0.0211524		296.865
0.0117513		0.0235027		259.409
0.0117513		0.0258529		217.476
0.0117513		0.0282032		170.011
0.0117513		0.0305535		117.315
0.0117513		0.0329037		60.6694
0.0117513		0.035254		1.79501
0.0141016		-0.035254		-1.63384
0.0141016		-0.0329037		-59.4577
0.0141016		-0.0305535		-115.651
0.0141016		-0.0282032		-169.129
0.0141016		-0.0258529		-219.111
0.0141016		-0.0235027		-265.57
0.0141016		-0.0211524		-309.699
0.0141016		-0.0188021		-353.63
0.0141016		-0.0164519		-400.46
0.0141016		-0.0141016		-453.313
0.0141016		-0.0117513		-513.345
0.0141016		-0.00940107		-368.384
0.0141016		-0.0070508		-246.923
0.0141016		-0.00470053		-151.65
0.0141016		-0.00235027		-72.6858
0.0141016		0		-2.10819
0.0141016		0.00235027		68.2364
0.0141016		0.00470053		151.553
0.0141016		0.0070508		244.104
0.0141016		0.00940107		365.483
0.0141016		0.0117513		512.886
0.0141016		0.0141016		448.597
0.0141016		0.0164519		395.108
0.0141016		0.0188021		348.708
0.0141016		0.0211524		305.482
0.0141016		0.0235027		262.11
0.0141016		0.0258529		216.396
0.0141016		0.0282032		167.12
0.0141016		0.0305535		114.322
0.0141016		0.0329037		58.8003
0.0141016		0.035254		1.63385
0.0164519		-0.035254		-1.38864
0.0164519		-0.0329037		-54.785
0.0164519		-0.0305535		-107.027
0.0164519		-0.0282032		-157.364
0.0164519		-0.0258529		-205.355
0.0164519		-0.0235027		-251.088
0.0164519		-0.0211524		-295.515
0.0164519		-0.0188021		-340.235
0.0164519		-0.0164519		-387.191
0.0164519		-0.0141016		-438.224
0.0164519		-0.0117513		-494.29
0.0164519		-0.00940107		-355.537
0.0164519		-0.0070508		-242.556
0.0164519		-0.00470053		-150.42
0.0164519		-0.00235027		-72.6753
0.0164519		0		-5.23747
0.0164519		0.00235027		72.1839
0.0164519		0.00470053		152.428
0.0164519		0.0070508		241.132
0.0164519		0.00940107		353.302
0.0164519		0.0117513		491.651
0.0164519		0.0141016		434.241
0.0164519		0.0164519		382.92
0.0164519		0.0188021		336.221
0.0164519		0.0211524		291.995
0.0164519		0.0235027		248.143
0.0164519		0.0258529		203.028
0.0164519		0.0282032		155.618
0.0164519		0.0305535		105.876
0.0164519		0.0329037		54.2138
0.0164519		0.035254		1.38866
0.0188021		-0.035254		-1.07204
0.0188021		-0.0329037		-47.2757
0.0188021		-0.0305535		-92.6857
0.0188021		-0.0282032		-136.677
0.0188021		-0.0258529		-179.028
0.0188021		-0.0235027		-219.817
0.0188021		-0.0211524		-259.832
0.0188021		-0.0188021		-300.128
0.0188021		-0.0164519		-341.958
0.0188021		-0.0141016		-386.514
0.0188021		-0.0117513		-434.373
0.0188021		-0.00940107		-310.621
0.0188021		-0.0070508		-212.727
0.0188021		-0.00470053		-139.036
0.0188021		-0.00235027		-67.4914
0.0188021		0		-3.40596
0.0188021		0.00235027		66.6502
0.0188021		0.00470053		138.738
0.0188021		0.0070508		217.929
0.0188021		0.00940107		310.904
0.0188021		0.0117513		428.196
0.0188021		0.0141016		382.23
0.0188021		0.0164519		338.24
0.0188021		0.0188021		296.794
0.0188021		0.0211524		256.934
0.0188021		0.0235027		217.385
0.0188021		0.0258529		177.078
0.0188021		0.0282032		135.206
0.0188021		0.0305535		91.72
0.0188021		0.0329037		46.801
0.0188021		0.035254		1.07206
0.0211524		-0.035254		-0.701569
0.0211524		-0.0329037		-37.1747
0.0211524		-0.0305535		-73.0791
0.0211524		-0.0282032		-107.841
0.0211524		-0.0258529		-141.298
0.0211524		-0.0235027		-173.55
0.0211524		-0.0211524		-205.218
0.0211524		-0.0188021		-236.939
0.0211524		-0.0164519		-269.537
0.0211524		-0.0141016		-303.691
0.0211524		-0.0117513		-339.424
0.0211524		-0.00940107		-250.897
0.0211524		-0.0070508		-175.727
0.0211524		-0.00470053		-112.448
0.0211524		-0.00235027		-52.2806
0.0211524		0		5.74337
0.0211524		0.00235027		53.1818
0.0211524		0.00470053		106.153
0.0211524		0.0070508		172.912
0.0211524		0.00940107		248.359
0.0211524		0.0117513		336.761
0.0211524		0.0141016		300.468
0.0211524		0.0164519		266.523
0.0211524		0.0188021		234.254
0.0211524		0.0211524		202.904
0.0211524		0.0235027		171.593
0.0211524		0.0258529		139.724
0.0211524		0.0282032		106.647
0.0211524		0.0305535		72.2855
0.0211524		0.0329037		36.7839
0.0211524		0.035254		0.701563
0.0235027		-0.035254		-0.296757
0.0235027		-0.0329037		-25.031
0.0235027		-0.0305535		-49.301
0.0235027		-0.0282032		-72.5134
0.0235027		-0.0258529		-94.5236
0.0235027		-0.0235027		-115.482
0.0235027		-0.0211524		-135.761
0.0235027		-0.0188021		-155.82
0.0235027		-0.0164519		-176.252
0.0235027		-0.0141016		-197.479
0.0235027		-0.0117513		-219.143
0.0235027		-0.00940107		-166.65
0.0235027		-0.0070508		-123.263
0.0235027		-0.00470053		-74.5049
0.0235027		-0.00235027		-39.4674
0.0235027		0		-3.70137
0.0235027		0.00235027		29.777
0.0235027		0.00470053		65.2923
0.0235027		0.0070508		109.967
0.0235027		0.00940107		156.565
0.0235027		0.0117513		215.692
0.0235027		0.0141016		194.521
0.0235027		0.0164519		173.811
0.0235027		0.0188021		153.751
0.0235027		0.0211524		134.013
0.0235027		0.0235027		113.988
0.0235027		0.0258529		93.3206
0.0235027		0.0282032		71.5894
0.0235027		0.0305535		48.6843
0.0235027		0.0329037		24.7222
0.0235027		0.035254		0.296742
0.0258529		-0.035254		0.119864
0.0258529		-0.0329037		-11.6733
0.0258529		-0.0305535		-22.9522
0.0258529		-0.0282032		-33.1534
0.0258529		-0.0258529		-42.0954
0.0258529		-0.0235027		-49.8595
0.0258529		-0.0211524		-56.7245
0.0258529		-0.0188021		-63.0584
0.0258529		-0.0164519		-69.5146
0.0258529		-0.0141016		-76.6143
0.0258529		-0.0117513		-84.552
0.0258529		-0.00940107		-65.6592
0.0258529		-0.0070508		-52.0401
0.0258529		-0.00470053		-32.8147
0.0258529		-0.00235027		-18.3188
0.0258529		0		-8.38236
0.0258529		0.00235027		7.17828
0.0258529		0.00470053		26.7918
0.0258529		0.0070508		40.5141
0.0258529		0.00940107		53.7393
0.0258529		0.0117513		79.1102
0.0258529		0.0141016		73.9281
0.0258529		0.0164519		67.7789
0.0258529		0.0188021		61.6834
0.0258529		0.0211524		55.554
0.0258529		0.0235027		48.8491
0.0258529		0.0258529		41.2388
0.0258529		0.0282032		32.4999
0.0258529		0.0305535		22.505
0.0258529		0.0329037		11.4307
0.0258529		0.035254		-0.119861
0.0282032		-0.035254		0.523958
0.0282032		-0.0329037		1.94874
0.0282032		-0.0305535		4.01942
0.0282032		-0.0282032		7.31767
0.0282032		-0.0258529		12.0665
0.0282032		-0.0235027		18.3599
0.0282032		-0.0211524		25.9219
0.0282032		-0.0188021		34.3205
0.0282032		-0.0164519		42.7948
0.0282032		-0.0141016		50.5466
0.0282032		-0.0117513		56.6116
0.0282032		-0.00940107		39.8202
0.0282032		-0.0070508		25.7592
0.0282032		-0.00470053		11.0602
0.0282032		-0.00235027		3.91271
0.0282032		0		-6.60842
0.0282032		0.00235027		-12.3601
0.0282032		0.00470053		-22.1892
0.0282032		0.0070508		-35.0942
0.0282032		0.00940107		-49.3686
0.0282032		0.0117513		-58.7042
0.0282032		0.0141016		-51.1848
0.0282032		0.0164519		-43.2306
0.0282032		0.0188021		-34.8085
0.0282032		0.0211524		-26.4814
0.0282032		0.0235027		-18.9051
0.0282032		0.0258529		-12.5898
0.0282032		0.0282032		-7.71858
0.0282032		0.0305535		-4.33145
0.0282032		0.0329037		-2.11886
0.0282032		0.035254		-0.523952
0.0305535		-0.035254		0.893865
0.0305535		-0.0329037		14.8038
0.0305535		-0.0305535		29.5242
0.0305535		-0.0282032		45.7523
0.0305535		-0.0258529		63.8008
0.0305535		-0.0235027		83.945
0.0305535		-0.0211524		105.91
0.0305535		-0.0188021		129.094
0.0305535		-0.0164519		152.681
0.0305535		-0.0141016		175.775
0.0305535		-0.0117513		197.656
0.0305535		-0.00940107		149.162
0.0305535		-0.0070508		108.45
0.0305535		-0.00470053		66.7067
0.0305535		-0.00235027		25.7057
0.0305535		0		-10.4402
0.0305535		0.00235027		-33.808
0.0305535		0.00470053		-65.2026
0.0305535		0.0070508		-100.643
0.0305535		0.00940107		-142.357
0.0305535		0.0117513		-191.38
0.0305535		0.0141016		-173.167
0.0305535		0.0164519		-151.573
0.0305535		0.0188021		-128.695
0.0305535		0.0211524		-105.884
0.0305535		0.0235027		-84.0967
0.0305535		0.0258529		-64.0165
0.0305535		0.0282032		-45.9505
0.0305535		0.0305535		-29.692
0.0305535		0.0329037		-14.8879
0.0305535		0.035254		-0.893882
0.0329037		-0.035254		1.20939
0.0329037		-0.0329037		25.7924
0.0329037		-0.0305535		51.4093
0.0329037		-0.0282032		78.9342
0.0329037		-0.0258529		108.872
0.0329037		-0.0235027		141.638
0.0329037		-0.0211524		176.964
0.0329037		-0.0188021		214.108
0.0329037		-0.0164519		252.087
0.0329037		-0.0141016		289.595
0.0329037		-0.0117513		324.424
0.0329037		-0.00940107		243.27
0.0329037		-0.0070508		176.048
0.0329037		-0.00470053		111.572
0.0329037		-0.00235027		46.0647
0.0329037		0		-6.1028
0.0329037		0.00235027		-56.7184
0.0329037		0.00470053		-110.56
0.0329037		0.0070508		-164.066
0.0329037		0.00940107		-231.922
0.0329037		0.0117513		-316.498
0.0329037		0.0141016		-285.861
0.0329037		0.0164519		-250.238
0.0329037		0.0188021		-213.205
0.0329037		0.0211524		-176.544
0.0329037		0.0235027		-141.495
0.0329037		0.0258529		-108.854
0.0329037		0.0282032		-78.9834
0.0329037		0.0305535		-51.4587
0.0329037		0.0329037		-25.8165
0.0329037		0.035254		-1.20939
0.035254		-0.035254		1.45155
0.035254		-0.0329037		33.9193
0.035254		-0.0305535		67.6938
0.035254		-0.0282032		103.918
0.035254		-0.0258529		143.395
0.035254		-0.0235027		186.58
0.035254		-0.0211524		233.301
0.035254		-0.0188021		282.807
0.035254		-0.0164519		333.903
0.035254		-0.0141016		385.162
0.035254		-0.0117513		434.818
0.035254		-0.00940107		321.963
0.035254		-0.0070508		234.094
0.035254		-0.00470053		148.49
0.035254		-0.00235027		71.4987
0.035254		0		5.33441
0.035254		0.00235027		-72.8331
0.035254		0.00470053		-153.893
0.035254		0.0070508		-230.354
0.035254		0.00940107		-322.995
0.035254		0.0117513		-431.232
0.035254		0.0141016		-382.565
0.035254		0.0164519		-332.276
0.035254		0.0188021		-281.838
0.035254		0.0211524		-232.742
0.035254		0.0235027		-186.267
0.035254		0.0258529		-143.226
0.035254		0.0282032		-103.853
0.035254		0.0305535		-67.6657
0.035254		0.0329037		-33.9035
0.035254		0.035254		-1.45154
0.0376043		-0.035254		1.60582
0.0376043		-0.0329037		38.3118
0.0376043		-0.0305535		76.6766
0.0376043		-0.0282032		118.169
0.0376043		-0.0258529		163.967
0.0376043		-0.0235027		214.568
0.0376043		-0.0211524		269.995
0.0376043		-0.0188021		329.51
0.0376043		-0.0164519		391.621
0.0376043		-0.0141016		454.581
0.0376043		-0.0117513		516.06
0.0376043		-0.00940107		385.7
0.0376043		-0.0070508		276.891
0.0376043		-0.00470053		179.451
0.0376043		-0.00235027		96.6258
0.0376043		0		9.32139
0.0376043		0.00235027		-81.8551
0.0376043		0.00470053		-173.541
0.0376043		0.0070508		-279.348
0.0376043		0.00940107		-390.544
0.0376043		0.0117513		-514.949
0.0376043		0.0141016		-453.173
0.0376043		0.0164519		-390.499
0.0376043		0.0188021		-328.68
0.0376043		0.0211524		-269.438
0.0376043		0.0235027		-214.196
0.0376043		0.0258529		-163.709
0.0376043		0.0282032		-118.022
0.0376043		0.0305535		-76.5775
0.0376043		0.0329037		-38.2728
0.0376043		0.035254		-1.60583
0.0399545		-0.035254		1.66331
0.0399545		-0.0329037		38.2421
0.0399545		-0.0305535		76.9313
0.0399545		-0.0282032		119.614
0.0399545		-0.0258529		167.821
0.0399545		-0.0235027		222.287
0.0399545		-0.0211524		283.168
0.0399545		-0.0188021		349.737
0.0399545		-0.0164519		420.331
0.0399545		-0.0141016		492.718
0.0399545		-0.0117513		564.02
0.0399545		-0.00940107		425.066
0.0399545		-0.0070508		300.364
0.0399545		-0.00470053		197.502
0.0399545		-0.00235027		105.405
0.0399545		0		4.41682
0.0399545		0.00235027		-91.8208
0.0399545		0.00470053		-191.025
0.0399545		0.0070508		-302.671
0.0399545		0.00940107		-420.463
0.0399545		0.0117513		-562.713
0.0399545		0.0141016		-491.941
0.0399545		0.0164519		-419.65
0.0399545		0.0188021		-349.131
0.0399545		0.0211524		-282.67
0.0399545		0.0235027		-221.901
0.0399545		0.0258529		-167.537
0.0399545		0.0282032		-119.417
0.0399545		0.0305535		-76.7969
0.0399545		0.0329037		-38.1811
0.0399545		0.035254		-1.66331
0.0423048		-0.035254		1.62091
0.0423048		-0.0329037		33.2785
0.0423048		-0.0305535		67.5747
0.0423048		-0.0282032		106.933
0.0423048		-0.0258529		153.235
0.0423048		-0.0235027		207.609
0.0423048		-0.0211524		270.294
0.0423048		-0.0188021		340.657
0.0423048		-0.0164519		416.933
0.0423048		-0.0141016		496.409
0.0423048		-0.0117513		575.488
0.0423048		-0.00940107		434.049
0.0423048		-0.0070508		308.468
0.0423048		-0.00470053		204.629
0.0423048		-0.00235027		100.25
0.0423048		0		2.34458
0.0423048		0.00235027		-90.1454
0.0423048		0.00470053		-187.907
0.0423048		0.0070508		-298.258
0.0423048		0.00940107		-418.384
0.0423048		0.0117513		-576.608
0.0423048		0.0141016		-496.661
0.0423048		0.0164519		-416.707
0.0423048		0.0188021		-340.249
0.0423048		0.0211524		-269.866
0.0423048		0.0235027		-207.223
0.0423048		0.0258529		-152.928
0.0423048		0.0282032		-106.702
0.0423048		0.0305535		-67.4261
0.0423048		0.0329037		-33.2006
0.0423048		0.035254		-1.62092
0.0446551		-0.035254		1.47902
0.0446551		-0.0329037		23.2909
0.0446551		-0.0305535		48.3066
0.0446551		-0.0282032		79.6218
0.0446551		-0.0258529		119.539
0.0446551		-0.0235027		169.591
0.0446551		-0.0211524		230.277
0.0446551		-0.0188021		301.11
0.0446551		-0.0164519		380.26
0.0446551		-0.0141016		464.679
0.0446551		-0.0117513		549.597
0.0446551		-0.00940107		409.039
0.0446551		-0.0070508		290.915
0.0446551		-0.00470053		190.599
0.0446551		-0.00235027		87.3198
0.0446551		0		0.906514
0.0446551		0.00235027		-83.1469
0.0446551		0.00470053		-175.283
0.0446551		0.0070508		-284.607
0.0446551		0.00940107		-403.634
0.0446551		0.0117513		-553.642
0.0446551		0.0141016		-465.599
0.0446551		0.0164519		-380.214
0.0446551		0.0188021		-300.736
0.0446551		0.0211524		-229.846
0.0446551		0.0235027		-169.184
0.0446551		0.0258529		-119.198
0.0446551		0.0282032		-79.3584
0.0446551		0.0305535		-48.1305
0.0446551		0.0329037		-23.1959
0.0446551		0.035254		-1.47905
0.0470053		-0.035254		1.24251
0.0470053		-0.0329037		8.381
0.0470053		-0.0305535		19.4044
0.0470053		-0.0282032		37.9724
0.0470053		-0.0258529		67.0707
0.0470053		-0.0235027		108.639
0.0470053		-0.0211524		163.539
0.0470053		-0.0188021		231.503
0.0470053		-0.0164519		310.901
0.0470053		-0.0141016		398.944
0.0470053		-0.0117513		492.556
0.0470053		-0.00940107		361.533
0.0470053		-0.0070508		254.717
0.0470053		-0.00470053		163.765
0.0470053		-0.00235027		80.6617
0.0470053		0		4.26495
0.0470053		0.00235027		-78.6098
0.0470053		0.00470053		-159.103
0.0470053		0.0070508		-252.174
0.0470053		0.00940107		-364.058
0.0470053		0.0117513		-491.337
0.0470053		0.0141016		-398.411
0.0470053		0.0164519		-310.384
0.0470053		0.0188021		-230.942
0.0470053		0.0211524		-162.993
0.0470053		0.0235027		-108.159
0.0470053		0.0258529		-66.6895
0.0470053		0.0282032		-37.6668
0.0470053		0.0305535		-19.1851
0.0470053		0.0329037		-8.26073
0.0470053		0.035254		-1.24252
0.0493556		-0.035254		0.922611
0.0493556		-0.0329037		-11.0651
0.0493556		-0.0305535		-18.392
0.0493556		-0.0282032		-16.8514
0.0493556		-0.0258529		-2.70061
0.0493556		-0.0235027		26.5303
0.0493556		-0.0211524		72.0511
0.0493556		-0.0188021		133.842
0.0493556		-0.0164519		210.465
0.0493556		-0.0141016		299.013
0.0493556		-0.0117513		396.034
0.0493556		-0.00940107		288.057
0.0493556		-0.0070508		196.857
0.0493556		-0.00470053		122.559
0.0493556		-0.00235027		63.9853
0.0493556		0		7.43189
0.0493556		0.00235027		-58.0145
0.0493556		0.00470053		-123.354
0.0493556		0.0070508		-193.333
0.0493556		0.00940107		-288.443
0.0493556		0.0117513		-393.217
0.0493556		0.0141016		-297.678
0.0493556		0.0164519		-209.502
0.0493556		0.0188021		-133.036
0.0493556		0.0211524		-71.3554
0.0493556		0.0235027		-25.9454
0.0493556		0.0258529		3.14292
0.0493556		0.0282032		17.1723
0.0493556		0.0305535		18.635
0.0493556		0.0329037		11.1985
0.0493556		0.035254		-0.922625
0.0517059		-0.035254		0.536009
0.0517059		-0.0329037		-34.4051
0.0517059		-0.0305535		-63.8843
0.0517059		-0.0282032		-82.9659
0.0517059		-0.0258529		-87.3157
0.0517059		-0.0235027		-73.8568
0.0517059		-0.0211524		-40.8623
0.0517059		-0.0188021		11.8441
0.0517059		-0.0164519		82.8824
0.0517059		-0.0141016		169.051
0.0517059		-0.0117513		265.311
0.0517059		-0.00940107		190.431
0.0517059		-0.0070508		121.892
0.0517059		-0.00470053		69.9412
0.0517059		-0.00235027		31.7138
0.0517059		0		2.87127
0.0517059		0.00235027		-32.0922
0.0517059		0.00470053		-79.7415
0.0517059		0.0070508		-126.972
0.0517059		0.00940107		-193.272
0.0517059		0.0117513		-266.319
0.0517059		0.0141016		-168.039
0.0517059		0.0164519		-81.698
0.0517059		0.0188021		-10.8132
0.0517059		0.0211524		41.6913
0.0517059		0.0235027		74.5401
0.0517059		0.0258529		87.8336
0.0517059		0.0282032		83.3162
0.0517059		0.0305535		64.1256
0.0517059		0.0329037		34.5158
0.0517059		0.035254		-0.536015
0.0540561		-0.035254		0.103721
0.0540561		-0.0329037		-60.7241
0.0540561		-0.0305535		-115.275
0.0540561		-0.0282032		-157.814
0.0540561		-0.0258529		-183.42
0.0540561		-0.0235027		-188.433
0.0540561		-0.0211524		-170.525
0.0540561		-0.0188021		-129.236
0.0540561		-0.0164519		-65.8498
0.0540561		-0.0141016		16.6947
0.0540561		-0.0117513		113.907
0.0540561		-0.00940107		74.69
0.0540561		-0.0070508		39.2466
0.0540561		-0.00470053		17.0895
0.0540561		-0.00235027		3.82563
0.0540561		0		0.565019
0.0540561		0.00235027		-10.5405
0.0540561		0.00470053		-26.687
0.0540561		0.0070508		-48.4971
0.0540561		0.00940107		-75.8301
0.0540561		0.0117513		-110.013
0.0540561		0.0141016		-14.1954
0.0540561		0.0164519		67.6143
0.0540561		0.0188021		130.528
0.0540561		0.0211524		171.48
0.0540561		0.0235027		189.18
0.0540561		0.0258529		184.014
0.0540561		0.0282032		158.204
0.0540561		0.0305535		115.526
0.0540561		0.0329037		60.8138
0.0540561		0.035254		-0.103715
0.0564064		-0.035254		-0.353098
0.0564064		-0.0329037		-88.8962
0.0564064		-0.0305535		-170.342
0.0564064		-0.0282032		-238.189
0.0564064		-0.0258529		-286.883
0.0564064		-0.0235027		-312.171
0.0564064		-0.0211524		-311.14
0.0564064		-0.0188021		-283.078
0.0564064		-0.0164519		-228.949
0.0564064		-0.0141016		-151.458
0.0564064		-0.0117513		-54.7912
0.0564064		-0.00940107		-58.1454
0.0564064		-0.0070508		-46.9516
0.0564064		-0.00470053		-29.9054
0.0564064		-0.00235027		-11.475
0.0564064		0		3.73091
0.0564064		0.00235027		21.9357
0.0564064		0.00470053		36.4242
0.0564064		0.0070508		48.3212
0.0564064		0.00940107		56.2209
0.0564064		0.0117513		61.1303
0.0564064		0.0141016		154.814
0.0564064		0.0164519		231.038
0.0564064		0.0188021		284.495
0.0564064		0.0211524		312.159
0.0564064		0.0235027		312.927
0.0564064		0.0258529		287.467
0.0564064		0.0282032		238.589
0.0564064		0.0305535		170.596
0.0564064		0.0329037		88.9989
0.0564064		0.035254		0.353112
0.0587567		-0.035254		-0.814
0.0587567		-0.0329037		-117.643
0.0587567		-0.0305535		-226.636
0.0587567		-0.0282032		-320.521
0.0587567		-0.0258529		-393.119
0.0587567		-0.0235027		-439.501
0.0587567		-0.0211524		-456.341
0.0587567		-0.0188021		-442.593
0.0587567		-0.0164519		-398.849
0.0587567		-0.0141016		-327.66
0.0587567		-0.0117513		-232.935
0.0587567		-0.00940107		-191.164
0.0587567		-0.0070508		-140.311
0.0587567		-0.00470053		-91.1255
0.0587567		-0.00235027		-37.6521
0.0587567		0		6.17287
0.0587567		0.00235027		53.196
0.0587567		0.00470053		97.6758
0.0587567		0.0070508		143.991
0.0587567		0.00940107		191.902
0.0587567		0.0117513		236.731
0.0587567		0.0141016		330.189
0.0587567		0.0164519		400.616
0.0587567		0.0188021		443.883
0.0587567		0.0211524		457.308
0.0587567		0.0235027		440.196
0.0587567		0.0258529		393.63
0.0587567		0.0282032		320.907
0.0587567		0.0305535		226.897
0.0587567		0.0329037		117.766
0.0587567		0.035254		0.814009
0.0611069		-0.035254		-1.25474
0.0611069		-0.0329037		-145.65
0.0611069		-0.0305535		-281.599
0.0611069		-0.0282032		-401.04
0.0611069		-0.0258529		-497.157
0.0611069		-0.0235027		-564.466
0.0611069		-0.0211524		-599.308
0.0611069		-0.0188021		-600.099
0.0611069		-0.0164519		-567.364
0.0611069		-0.0141016		-503.622
0.0611069		-0.0117513		-413.746
0.0611069		-0.00940107		-324.192
0.0611069		-0.0070508		-238.734
0.0611069		-0.00470053		-162.786
0.0611069		-0.00235027		-79.0479
0.0611069		0		-0.405529
0.0611069		0.00235027		78.7937
0.0611069		0.00470053		158.95
0.0611069		0.0070508		241.682
0.0611069		0.00940107		329.467
0.0611069		0.0117513		414.339
0.0611069		0.0141016		504.803
0.0611069		0.0164519		568.525
0.0611069		0.0188021		601.079
0.0611069		0.0211524		600.111
0.0611069		0.0235027		565.064
0.0611069		0.0258529		497.617
0.0611069		0.0282032		401.392
0.0611069		0.0305535		281.833
0.0611069		0.0329037		145.79
0.0611069		0.035254		1.25475
0.0634572		-0.035254		-1.65034
0.0634572		-0.0329037		-171.708
0.0634572		-0.0305535		-332.675
0.0634572		-0.0282032		-475.919
0.0634572		-0.0258529		-594.05
0.0634572		-0.0235027		-681.11
0.0634572		-0.0211524		-733.012
0.0634572		-0.0188021		-747.785
0.0634572		-0.0164519		-725.775
0.0634572		-0.0141016		-669.365
0.0634572		-0.0117513		-583.662
0.0634572		-0.00940107		-455.45
0.0634572		-0.0070508		-335.103
0.0634572		-0.00470053		-227.4
0.0634572		-0.00235027		-117.041
0.0634572		0		-9.13687
0.0634572		0.00235027		102.206
0.0634572		0.00470053		219.803
0.0634572		0.0070508		339.854
0.0634572		0.00940107		460.877
0.0634572		0.0117513		583.203
0.0634572		0.0141016		669.828
0.0634572		0.0164519		726.474
0.0634572		0.0188021		748.458
0.0634572		0.0211524		733.623
0.0634572		0.0235027		681.601
0.0634572		0.0258529		594.429
0.0634572		0.0282032		476.211
0.0634572		0.0305535		332.855
0.0634572		0.0329037		171.82
0.0634572		0.035254		1.65034
0.0658075		-0.035254		-1.9809
0.0658075		-0.0329037		-194.533
0.0658075		-0.0305535		-377.414
0.0658075		-0.0282032		-541.602
0.0658075		-0.0258529		-679.17
0.0658075		-0.0235027		-783.755
0.0658075		-0.0211524		-850.907
0.0658075		-0.0188021		-878.358
0.0658075		-0.0164519		-866.057
0.0658075		-0.0141016		-816.192
0.0658075		-0.0117513		-733.129
0.0658075		-0.00940107		-571.816
0.0658075		-0.0070508		-421.867
0.0658075		-0.00470053		-279.393
0.0658075		-0.00235027		-141.814
0.0658075		0		-1.89951
0.0658075		0.00235027		135.642
0.0658075		0.00470053		273.777
0.0658075		0.0070508		419.475
0.0658075		0.00940107		573.642
0.0658075		0.0117513		734.286
0.0658075		0.0141016		816.669
0.0658075		0.0164519		866.471
0.0658075		0.0188021		878.803
0.0658075		0.0211524		851.336
0.0658075		0.0235027		784.124
0.0658075		0.0258529		679.463
0.0658075		0.0282032		541.794
0.0658075		0.0305535		377.537
0.0658075		0.0329037		194.576
0.0658075		0.035254		1.98091
0.0681577		-0.035254		-2.23011
0.0681577		-0.0329037		-212.917
0.0681577		-0.0305535		-413.545
0.0681577		-0.0282032		-594.735
0.0681577		-0.0258529		-748.242
0.0681577		-0.0235027		-867.209
0.0681577		-0.0211524		-947.047
0.0681577		-0.0188021		-985.237
0.0681577		-0.0164519		-981.331
0.0681577		-0.0141016		-937.409
0.0681577		-0.0117513		-857.266
0.0681577		-0.00940107		-671.708
0.0681577		-0.0070508		-491.19
0.0681577		-0.00470053		-320.211
0.0681577		-0.00235027		-155.791
0.0681577		0		7.02821
0.0681577		0.00235027		166.956
0.0681577		0.00470053		320.31
0.0681577		0.0070508		484.552
0.0681577		0.00940107		664.647
0.0681577		0.0117513		856.201
0.0681577		0.0141016		937.277
0.0681577		0.0164519		981.472
0.0681577		0.0188021		985.494
0.0681577		0.0211524		947.362
0.0681577		0.0235027		867.474
0.0681577		0.0258529		748.443
0.0681577		0.0282032		594.903
0.0681577		0.0305535		413.656
0.0681577		0.0329037		212.942
0.0681577		0.035254		2.23011
0.070508		-0.035254		-2.38546
0.070508		-0.0329037		-225.934
0.070508		-0.0305535		-439.236
0.070508		-0.0282032		-632.626
0.070508		-0.0258529		-797.63
0.070508		-0.0235027		-927.193
0.070508		-0.0211524		-1016.54
0.070508		-0.0188021		-1062.9
0.070508		-0.0164519		-1065.76
0.070508		-0.0141016		-1027.17
0.070508		-0.0117513		-950.968
0.070508		-0.00940107		-739.604
0.070508		-0.0070508		-538.692
0.070508		-0.00470053		-352.913
0.070508		-0.00235027		-181
0.070508		0		-5.60373
0.070508		0.00235027		168.813
0.070508		0.00470053		350.296
0.070508		0.0070508		534.939
0.070508		0.00940107		736.216
0.070508		0.0117513		950.161
0.070508		0.0141016		1027.01
0.070508		0.0164519		1065.83
0.070508		0.0188021		1063.04
0.070508		0.0211524		1016.73
0.070508		0.0235027		927.379
0.070508		0.0258529		797.819
0.070508		0.0282032		632.769
0.070508		0.0305535		439.34
0.070508		0.0329037		225.986
0.070508		0.035254		2.38546
0.0728583		-0.035254		-2.43816
0.0728583		-0.0329037		-232.922
0.0728583		-0.0305535		-453.138
0.0728583		-0.0282032		-653.275
0.0728583		-0.0258529		-824.71
0.0728583		-0.0235027		-960.476
0.0728583		-0.0211524		-1055.65
0.0728583		-0.0188021		-1107.24
0.0728583		-0.0164519		-1114.8
0.0728583		-0.0141016		-1080.29
0.0728583		-0.0117513		-1007.72
0.0728583		-0.00940107		-776.246
0.0728583		-0.0070508		-567.95
0.0728583		-0.00470053		-371.165
0.0728583		-0.00235027		-195.426
0.0728583		0		-16.291
0.0728583		0.00235027		167.06
0.0728583		0.00470053		363.683
0.0728583		0.0070508		565.051
0.0728583		0.00940107		778.109
0.0728583		0.0117513		1008.87
0.0728583		0.0141016		1080.52
0.0728583		0.0164519		1114.87
0.0728583		0.0188021		1107.33
0.0728583		0.0211524		1055.73
0.0728583		0.0235027		960.618
0.0728583		0.0258529		824.882
0.0728583		0.0282032		653.377
0.0728583		0.0305535		453.21
0.0728583		0.0329037		232.973
0.0728583		0.035254		2.43816
0.0752085		-0.035254		-2.38366
0.0752085		-0.0329037		-233.474
0.0752085		-0.0305535		-454.348
0.0752085		-0.0282032		-655.313
0.0752085		-0.0258529		-827.878
0.0752085		-0.0235027		-965.055
0.0752085		-0.0211524		-1061.98
0.0752085		-0.0188021		-1115.63
0.0752085		-0.0164519		-1125.51
0.0752085		-0.0141016		-1093.32
0.0752085		-0.0117513		-1022.27
0.0752085		-0.00940107		-790.657
0.0752085		-0.0070508		-579.681
0.0752085		-0.00470053		-380.677
0.0752085		-0.00235027		-189.85
0.0752085		0		-8.63872
0.0752085		0.00235027		179.247
0.0752085		0.00470053		375.581
0.0752085		0.0070508		580.247
0.0752085		0.00940107		789.138
0.0752085		0.0117513		1022.58
0.0752085		0.0141016		1093.22
0.0752085		0.0164519		1125.43
0.0752085		0.0188021		1115.62
0.0752085		0.0211524		1062.04
0.0752085		0.0235027		965.16
0.0752085		0.0258529		827.965
0.0752085		0.0282032		655.416
0.0752085		0.0305535		454.395
0.0752085		0.0329037		233.506
0.0752085		0.035254		2.38366
0.0775588		-0.035254		-2.22498
0.0775588		-0.0329037		-227.432
0.0775588		-0.0305535		-442.626
0.0775588		-0.0282032		-638.427
0.0775588		-0.0258529		-806.61
0.0775588		-0.0235027		-940.32
0.0775588		-0.0211524		-1034.77
0.0775588		-0.0188021		-1087.15
0.0775588		-0.0164519		-1097.01
0.0775588		-0.0141016		-1066.24
0.0775588		-0.0117513		-999.185
0.0775588		-0.00940107		-771.044
0.0775588		-0.0070508		-562.232
0.0775588		-0.00470053		-367.006
0.0775588		-0.00235027		-172.219
0.0775588		0		6.21751
0.0775588		0.00235027		189.13
0.0775588		0.00470053		372.954
0.0775588		0.0070508		566.547
0.0775588		0.00940107		768.438
0.0775588		0.0117513		996.304
0.0775588		0.0141016		1065.33
0.0775588		0.0164519		1096.73
0.0775588		0.0188021		1087.12
0.0775588		0.0211524		1034.84
0.0775588		0.0235027		940.395
0.0775588		0.0258529		806.681
0.0775588		0.0282032		638.511
0.0775588		0.0305535		442.682
0.0775588		0.0329037		227.463
0.0775588		0.035254		2.22499
0.0799091		-0.035254		-1.97046
0.0799091		-0.0329037		-214.951
0.0799091		-0.0305535		-418.33
0.0799091		-0.0282032		-603.11
0.0799091		-0.0258529		-761.542
0.0799091		-0.0235027		-886.999
0.0799091		-0.0211524		-974.887
0.0799091		-0.0188021		-1022.68
0.0799091		-0.0164519		-1029.95
0.0799091		-0.0141016		-998.534
0.0799091		-0.0117513		-932.381
0.0799091		-0.00940107		-715.367
0.0799091		-0.0070508		-516.338
0.0799091		-0.00470053		-333.675
0.0799091		-0.00235027		-159.064
0.0799091		0		10.3184
0.0799091		0.00235027		176.505
0.0799091		0.00470053		342.816
0.0799091		0.0070508		523.844
0.0799091		0.00940107		719.441
0.0799091		0.0117513		930.767
0.0799091		0.0141016		998.087
0.0799091		0.0164519		1029.89
0.0799091		0.0188021		1022.78
0.0799091		0.0211524		975.001
0.0799091		0.0235027		887.109
0.0799091		0.0258529		761.639
0.0799091		0.0282032		603.19
0.0799091		0.0305535		418.384
0.0799091		0.0329037		214.988
0.0799091		0.035254		1.97046
0.0822593		-0.035254		-1.63216
0.0822593		-0.0329037		-196.48
0.0822593		-0.0305535		-382.316
0.0822593		-0.0282032		-550.687
0.0822593		-0.0258529		-694.371
0.0822593		-0.0235027		-807.147
0.0822593		-0.0211524		-884.757
0.0822593		-0.0188021		-924.91
0.0822593		-0.0164519		-927.227
0.0822593		-0.0141016		-893.383
0.0822593		-0.0117513		-826.604
0.0822593		-0.00940107		-634.148
0.0822593		-0.0070508		-459.402
0.0822593		-0.00470053		-299.925
0.0822593		-0.00235027		-151.421
0.0822593		0		2.68329
0.0822593		0.00235027		148.039
0.0822593		0.00470053		304.016
0.0822593		0.0070508		466.064
0.0822593		0.00940107		642.063
0.0822593		0.0117513		829.008
0.0822593		0.0141016		894.258
0.0822593		0.0164519		927.637
0.0822593		0.0188021		925.143
0.0822593		0.0211524		884.937
0.0822593		0.0235027		807.295
0.0822593		0.0258529		694.486
0.0822593		0.0282032		550.752
0.0822593		0.0305535		382.352
0.0822593		0.0329037		196.512
0.0822593		0.035254		1.63216
0.0846096		-0.035254		-1.22593
0.0846096		-0.0329037		-172.778
0.0846096		-0.0305535		-336.045
0.0846096		-0.0282032		-483.34
0.0846096		-0.0258529		-607.912
0.0846096		-0.0235027		-704.144
0.0846096		-0.0211524		-768.252
0.0846096		-0.0188021		-798.174
0.0846096		-0.0164519		-793.701
0.0846096		-0.0141016		-756.595
0.0846096		-0.0117513		-690.32
0.0846096		-0.00940107		-537.557
0.0846096		-0.0070508		-398.409
0.0846096		-0.00470053		-263.962
0.0846096		-0.00235027		-129.304
0.0846096		0		-4.71564
0.0846096		0.00235027		117.741
0.0846096		0.00470053		258.762
0.0846096		0.0070508		395.848
0.0846096		0.00940107		539.471
0.0846096		0.0117513		693.432
0.0846096		0.0141016		757.775
0.0846096		0.0164519		794.274
0.0846096		0.0188021		798.49
0.0846096		0.0211524		768.476
0.0846096		0.0235027		704.321
0.0846096		0.0258529		608.035
0.0846096		0.0282032		483.386
0.0846096		0.0305535		336.107
0.0846096		0.0329037		172.816
0.0846096		0.035254		1.22594
0.0869599		-0.035254		-0.770962
0.0869599		-0.0329037		-144.833
0.0869599		-0.0305535		-281.486
0.0869599		-0.0282032		-403.843
0.0869599		-0.0258529		-505.779
0.0869599		-0.0235027		-582.44
0.0869599		-0.0211524		-630.491
0.0869599		-0.0188021		-648.105
0.0869599		-0.0164519		-635.433
0.0869599		-0.0141016		-594.332
0.0869599		-0.0117513		-528.652
0.0869599		-0.00940107		-411
0.0869599		-0.0070508		-302.833
0.0869599		-0.00470053		-199.234
0.0869599		-0.00235027		-94.8221
0.0869599		0		-2.87993
0.0869599		0.00235027		99.9543
0.0869599		0.00470053		204.936
0.0869599		0.0070508		311.603
0.0869599		0.00940107		417.236
0.0869599		0.0117513		527.245
0.0869599		0.0141016		594.435
0.0869599		0.0164519		635.805
0.0869599		0.0188021		648.443
0.0869599		0.0211524		630.729
0.0869599		0.0235027		582.635
0.0869599		0.0258529		505.913
0.0869599		0.0282032		403.905
0.0869599		0.0305535		281.529
0.0869599		0.0329037		144.851
0.0869599		0.035254		0.770955
0.0893101		-0.035254		-0.291194
0.0893101		-0.0329037		-113.803
0.0893101		-0.0305535		-220.884
0.0893101		-0.0282032		-315.502
0.0893101		-0.0258529		-392.34
0.0893101		-0.0235027		-447.307
0.0893101		-0.0211524		-477.483
0.0893101		-0.0188021		-481.498
0.0893101		-0.0164519		-459.662
0.0893101		-0.0141016		-413.796
0.0893101		-0.0117513		-347.683
0.0893101		-0.00940107		-264.33
0.0893101		-0.0070508		-190.559
0.0893101		-0.00470053		-121.954
0.0893101		-0.00235027		-62.3423
0.0893101		0		0.48633
0.0893101		0.00235027		77.2569
0.0893101		0.00470053		138.891
0.0893101		0.0070508		206.339
0.0893101		0.00940107		276.251
0.0893101		0.0117513		346.218
0.0893101		0.0141016		414.055
0.0893101		0.0164519		460.101
0.0893101		0.0188021		481.853
0.0893101		0.0211524		477.726
0.0893101		0.0235027		447.445
0.0893101		0.0258529		392.446
0.0893101		0.0282032		315.575
0.0893101		0.0305535		220.92
0.0893101		0.0329037		113.795
0.0893101		0.035254		0.291161
0.0916604		-0.035254		0.188997
0.0916604		-0.0329037		-80.9969
0.0916604		-0.0305535		-156.825
0.0916604		-0.0282032		-222.099
0.0916604		-0.0258529		-272.515
0.0916604		-0.0235027		-304.589
0.0916604		-0.0211524		-316.052
0.0916604		-0.0188021		-305.928
0.0916604		-0.0164519		-274.643
0.0916604		-0.0141016		-223.674
0.0916604		-0.0117513		-155.07
0.0916604		-0.00940107		-125.558
0.0916604		-0.0070508		-95.7751
0.0916604		-0.00470053		-64.4837
0.0916604		-0.00235027		-38.262
0.0916604		0		1.88971
0.0916604		0.00235027		38.7033
0.0916604		0.00470053		64.2263
0.0916604		0.0070508		93.1814
0.0916604		0.00940107		128.28
0.0916604		0.0117513		160.882
0.0916604		0.0141016		225.643
0.0916604		0.0164519		275.463
0.0916604		0.0188021		306.322
0.0916604		0.0211524		316.26
0.0916604		0.0235027		304.678
0.0916604		0.0258529		272.549
0.0916604		0.0282032		222.157
0.0916604		0.0305535		156.834
0.0916604		0.0329037		81.0043
0.0916604		0.035254		-0.189007
0.0940107		-0.035254		0.648917
0.0940107		-0.0329037		-47.7948
0.0940107		-0.0305535		-91.9515
0.0940107		-0.0282032		-127.586
0.0940107		-0.0258529		-151.294
0.0940107		-0.0235027		-160.409
0.0940107		-0.0211524		-153.303
0.0940107		-0.0188021		-129.397
0.0940107		-0.0164519		-89.3775
0.0940107		-0.0141016		-34.8947
0.0940107		-0.0117513		31.7073
0.0940107		-0.00940107		9.2783
0.0940107		-0.0070508		-4.74969
0.0940107		-0.00470053		-4.37
0.0940107		-0.00235027		1.0996
0.0940107		0		7.70976
0.0940107		0.00235027		4.3595
0.0940107		0.00470053		-3.1811
0.0940107		0.0070508		-13.3261
0.0940107		0.00940107		-19.8701
0.0940107		0.0117513		-29.8699
0.0940107		0.0141016		35.8719
0.0940107		0.0164519		89.8409
0.0940107		0.0188021		129.607
0.0940107		0.0211524		153.401
0.0940107		0.0235027		160.433
0.0940107		0.0258529		151.283
0.0940107		0.0282032		127.593
0.0940107		0.0305535		91.9406
0.0940107		0.0329037		47.7961
0.0940107		0.035254		-0.64891
0.096361		-0.035254		1.06643
0.096361		-0.0329037		-15.5646
0.096361		-0.0305535		-28.872
0.096361		-0.0282032		-35.7942
0.096361		-0.0258529		-33.7471
0.096361		-0.0235027		-20.908
0.096361		-0.0211524		3.76998
0.096361		-0.0188021		40.3329
0.096361		-0.0164519		87.8883
0.096361		-0.0141016		144.422
0.096361		-0.0117513		207.115
0.096361		-0.00940107		145.257
0.096361		-0.0070508		95.6605
0.096361		-0.00470053		63.2808
0.096361		-0.00235027		36.7777
0.096361		0		5.71518
0.096361		0.00235027		-29.7108
0.096361		0.00470053		-68.253
0.096361		0.0070508		-111.788
0.096361		0.00940107		-160.523
0.096361		0.0117513		-208.073
0.096361		0.0141016		-144.785
0.096361		0.0164519		-88.0678
0.096361		0.0188021		-40.4581
0.096361		0.0211524		-3.87795
0.096361		0.0235027		20.8056
0.096361		0.0258529		33.7001
0.096361		0.0282032		35.7461
0.096361		0.0305535		28.8414
0.096361		0.0329037		15.5412
0.096361		0.035254		-1.06645
0.0987112		-0.035254		1.41979
0.0987112		-0.0329037		14.4994
0.0987112		-0.0305535		29.8941
0.0987112		-0.0282032		49.6119
0.0987112		-0.0258529		75.3568
0.0987112		-0.0235027		108.234
0.0987112		-0.0211524		148.668
0.0987112		-0.0188021		196.236
0.0987112		-0.0164519		249.82
0.0987112		-0.0141016		307.199
0.0987112		-0.0117513		365.325
0.0987112		-0.00940107		271.863
0.0987112		-0.0070508		193.895
0.0987112		-0.00470053		121.803
0.0987112		-0.00235027		58.0674
0.0987112		0		-0.289604
0.0987112		0.00235027		-64.1738
0.0987112		0.00470053		-125.508
0.0987112		0.0070508		-194.401
0.0987112		0.00940107		-276.941
0.0987112		0.0117513		-367.759
0.0987112		0.0141016		-308.462
0.0987112		0.0164519		-250.525
0.0987112		0.0188021		-196.657
0.0987112		0.0211524		-148.955
0.0987112		0.0235027		-108.439
0.0987112		0.0258529		-75.4844
0.0987112		0.0282032		-49.7167
0.0987112		0.0305535		-29.9673
0.0987112		0.0329037		-14.526
0.0987112		0.035254		-1.41984
0.101061		-0.035254		1.6925
0.101061		-0.0329037		41.3124
0.101061		-0.0305535		82.1885
0.101061		-0.0282032		125.398
0.101061		-0.0258529		171.924
0.101061		-0.0235027		222.033
0.101061		-0.0211524		275.67
0.101061		-0.0188021		332.055
0.101061		-0.0164519		389.866
0.101061		-0.0141016		446.969
0.101061		-0.0117513		500.353
0.101061		-0.00940107		377.679
0.101061		-0.0070508		274.096
0.101061		-0.00470053		176.063
0.101061		-0.00235027		87.913
0.101061		0		4.2557
0.101061		0.00235027		-81.9938
0.101061		0.00470053		-168.024
0.101061		0.0070508		-263.861
0.101061		0.00940107		-373.373
0.101061		0.0117513		-503.819
0.101061		0.0141016		-448.546
0.101061		0.0164519		-390.784
0.101061		0.0188021		-332.659
0.101061		0.0211524		-276.076
0.101061		0.0235027		-222.316
0.101061		0.0258529		-172.123
0.101061		0.0282032		-125.553
0.101061		0.0305535		-82.2658
0.101061		0.0329037		-41.3462
0.101061		0.035254		-1.69252
0.103412		-0.035254		1.87247
0.103412		-0.0329037		63.8457
0.103412		-0.0305535		126.164
0.103412		-0.0282032		188.973
0.103412		-0.0258529		252.432
0.103412		-0.0235027		316.3
0.103412		-0.0211524		379.975
0.103412		-0.0188021		442.426
0.103412		-0.0164519		502.332
0.103412		-0.0141016		558.005
0.103412		-0.0117513		607.831
0.103412		-0.00940107		460.509
0.103412		-0.0070508		335.97
0.103412		-0.00470053		218.353
0.103412		-0.00235027		110.59
0.103412		0		6.04364
0.103412		0.00235027		-99.0513
0.103412		0.00470053		-206.652
0.103412		0.0070508		-320.192
0.103412		0.00940107		-451.132
0.103412		0.0117513		-606.956
0.103412		0.0141016		-558.676
0.103412		0.0164519		-503.087
0.103412		0.0188021		-443.049
0.103412		0.0211524		-380.429
0.103412		0.0235027		-316.638
0.103412		0.0258529		-252.676
0.103412		0.0282032		-189.135
0.103412		0.0305535		-126.266
0.103412		0.0329037		-63.918
0.103412		0.035254		-1.87246
0.105762		-0.035254		1.9537
0.105762		-0.0329037		81.4064
0.105762		-0.0305535		160.404
0.105762		-0.0282032		238.252
0.105762		-0.0258529		314.291
0.105762		-0.0235027		387.883
0.105762		-0.0211524		457.979
0.105762		-0.0188021		523.32
0.105762		-0.0164519		582.642
0.105762		-0.0141016		634.532
0.105762		-0.0117513		677.923
0.105762		-0.00940107		510.164
0.105762		-0.0070508		366.018
0.105762		-0.00470053		236.624
0.105762		-0.00235027		116.272
0.105762		0		-1.64987
0.105762		0.00235027		-118.885
0.105762		0.00470053		-241.429
0.105762		0.0070508		-365.654
0.105762		0.00940107		-508.659
0.105762		0.0117513		-679.58
0.105762		0.0141016		-635.717
0.105762		0.0164519		-583.525
0.105762		0.0188021		-523.954
0.105762		0.0211524		-458.455
0.105762		0.0235027		-388.231
0.105762		0.0258529		-314.561
0.105762		0.0282032		-238.434
0.105762		0.0305535		-160.527
0.105762		0.0329037		-81.4863
0.105762		0.035254		-1.95369
0.108112		-0.035254		1.9337
0.108112		-0.0329037		93.6353
0.108112		-0.0305535		184.074
0.108112		-0.0282032		271.963
0.108112		-0.0258529		355.998
0.108112		-0.0235027		434.944
0.108112		-0.0211524		507.544
0.108112		-0.0188021		572.377
0.108112		-0.0164519		628.219
0.108112		-0.0141016		673.771
0.108112		-0.0117513		707.759
0.108112		-0.00940107		531.45
0.108112		-0.0070508		373.405
0.108112		-0.00470053		236.066
0.108112		-0.00235027		112.741
0.108112		0		-5.1374
0.108112		0.00235027		-123.604
0.108112		0.00470053		-250.966
0.108112		0.0070508		-387.441
0.108112		0.00940107		-536.074
0.108112		0.0117513		-710.907
0.108112		0.0141016		-675.324
0.108112		0.0164519		-629.145
0.108112		0.0188021		-573.004
0.108112		0.0211524		-508.01
0.108112		0.0235027		-435.291
0.108112		0.0258529		-356.28
0.108112		0.0282032		-272.161
0.108112		0.0305535		-184.193
0.108112		0.0329037		-93.6919
0.108112		0.035254		-1.93372
0.110463		-0.035254		1.81366
0.110463		-0.0329037		100.386
0.110463		-0.0305535		196.99
0.110463		-0.0282032		289.834
0.110463		-0.0258529		377.089
0.110463		-0.0235027		456.985
0.110463		-0.0211524		528.107
0.110463		-0.0188021		589.03
0.110463		-0.0164519		638.61
0.110463		-0.0141016		675.88
0.110463		-0.0117513		699.86
0.110463		-0.00940107		528.225
0.110463		-0.0070508		373.35
0.110463		-0.00470053		235.946
0.110463		-0.00235027		111.319
0.110463		0		-5.16533
0.110463		0.00235027		-121.041
0.110463		0.00470053		-241.112
0.110463		0.0070508		-379.45
0.110463		0.00940107		-529.77
0.110463		0.0117513		-702.322
0.110463		0.0141016		-676.896
0.110463		0.0164519		-639.217
0.110463		0.0188021		-589.501
0.110463		0.0211524		-528.472
0.110463		0.0235027		-457.303
0.110463		0.0258529		-377.343
0.110463		0.0282032		-290.021
0.110463		0.0305535		-197.105
0.110463		0.0329037		-100.443
0.110463		0.035254		-1.81367
0.112813		-0.035254		1.60202
0.112813		-0.0329037		101.84
0.112813		-0.0305535		199.545
0.112813		-0.0282032		292.405
0.112813		-0.0258529		378.199
0.112813		-0.0235027		454.83
0.112813		-0.0211524		520.692
0.112813		-0.0188021		574.441
0.112813		-0.0164519		615.156
0.112813		-0.0141016		642.482
0.112813		-0.0117513		656.351
0.112813		-0.00940107		493.723
0.112813		-0.0070508		354.62
0.112813		-0.00470053		230.501
0.112813		-0.00235027		110.797
0.112813		0		-4.74831
0.112813		0.00235027		-113.127
0.112813		0.00470053		-227.041
0.112813		0.0070508		-355.239
0.112813		0.00940107		-496.322
0.112813		0.0117513		-654.13
0.112813		0.0141016		-641.898
0.112813		0.0164519		-615.224
0.112813		0.0188021		-574.697
0.112813		0.0211524		-520.99
0.112813		0.0235027		-455.119
0.112813		0.0258529		-378.439
0.112813		0.0282032		-292.581
0.112813		0.0305535		-199.662
0.112813		0.0329037		-101.895
0.112813		0.035254		-1.60201
0.115163		-0.035254		1.31239
0.115163		-0.0329037		98.4604
0.115163		-0.0305535		192.593
0.115163		-0.0282032		280.96
0.115163		-0.0258529		361.045
0.115163		-0.0235027		430.574
0.115163		-0.0211524		487.766
0.115163		-0.0188021		531.345
0.115163		-0.0164519		560.76
0.115163		-0.0141016		576.059
0.115163		-0.0117513		578.185
0.115163		-0.00940107		436.718
0.115163		-0.0070508		320.228
0.115163		-0.00470053		210.278
0.115163		-0.00235027		101.686
0.115163		0		-4.81471
0.115163		0.00235027		-101.4
0.115163		0.00470053		-202.248
0.115163		0.0070508		-315.279
0.115163		0.00940107		-438.456
0.115163		0.0117513		-573.542
0.115163		0.0141016		-574.867
0.115163		0.0164519		-560.668
0.115163		0.0188021		-531.579
0.115163		0.0211524		-488.072
0.115163		0.0235027		-430.866
0.115163		0.0258529		-361.295
0.115163		0.0282032		-281.128
0.115163		0.0305535		-192.71
0.115163		0.0329037		-98.5089
0.115163		0.035254		-1.3124
0.117513		-0.035254		0.96281
0.117513		-0.0329037		90.9125
0.117513		-0.0305535		177.46
0.117513		-0.0282032		257.556
0.117513		-0.0258529		328.358
0.117513		-0.0235027		387.469
0.117513		-0.0211524		433.105
0.117513		-0.0188021		464.101
0.117513		-0.0164519		480.027
0.117513		-0.0141016		480.998
0.117513		-0.0117513		467.496
0.117513		-0.00940107		358.499
0.117513		-0.0070508		263.18
0.117513		-0.00470053		177.234
0.117513		-0.00235027		87.3932
0.117513		0		3.80014
0.117513		0.00235027		-81.8023
0.117513		0.00470053		-170.648
0.117513		0.0070508		-262.303
0.117513		0.00940107		-362.356
0.117513		0.0117513		-468.411
0.117513		0.0141016		-481.563
0.117513		0.0164519		-480.5
0.117513		0.0188021		-464.539
0.117513		0.0211524		-433.471
0.117513		0.0235027		-387.761
0.117513		0.0258529		-328.582
0.117513		0.0282032		-257.724
0.117513		0.0305535		-177.571
0.117513		0.0329037		-90.9619
0.117513		0.035254		-0.962815
0.119864		-0.035254		0.573058
0.119864		-0.0329037		80.1252
0.119864		-0.0305535		155.971
0.119864		-0.0282032		224.819
0.119864		-0.0258529		283.59
0.119864		-0.0235027		329.807
0.119864		-0.0211524		361.753
0.119864		-0.0188021		378.428
0.119864		-0.0164519		379.543
0.119864		-0.0141016		365.531
0.119864		-0.0117513		336.383
0.119864		-0.00940107		260.56
0.119864		-0.0070508		191.882
0.119864		-0.00470053		130.397
0.119864		-0.00235027		68.1382
0.119864		0		9.08035
0.119864		0.00235027		-58.3806
0.119864		0.00470053		-127.857
0.119864		0.0070508		-190.235
0.119864		0.00940107		-265.493
0.119864		0.0117513		-341.461
0.119864		0.0141016		-367.589
0.119864		0.0164519		-380.572
0.119864		0.0188021		-379.076
0.119864		0.0211524		-362.189
0.119864		0.0235027		-330.121
0.119864		0.0258529		-283.806
0.119864		0.0282032		-224.981
0.119864		0.0305535		-156.072
0.119864		0.0329037		-80.1604
0.119864		0.035254		-0.573057
0.122214		-0.035254		0.162702
0.122214		-0.0329037		67.1832
0.122214		-0.0305535		130.277
0.122214		-0.0282032		185.88
0.122214		-0.0258529		230.825
0.122214		-0.0235027		262.593
0.122214		-0.0211524		279.527
0.122214		-0.0188021		280.844
0.122214		-0.0164519		266.728
0.122214		-0.0141016		238.666
0.122214		-0.0117513		199.924
0.122214		-0.00940107		159.096
0.122214		-0.0070508		121.709
0.122214		-0.00470053		79.4071
0.122214		-0.00235027		44.0153
0.122214		0		3.05827
0.122214		0.00235027		-36.1824
0.122214		0.00470053		-79.8273
0.122214		0.0070508		-114.929
0.122214		0.00940107		-157.245
0.122214		0.0117513		-201.724
0.122214		0.0141016		-240.166
0.122214		0.0164519		-267.736
0.122214		0.0188021		-281.514
0.122214		0.0211524		-279.984
0.122214		0.0235027		-262.891
0.122214		0.0258529		-231.014
0.122214		0.0282032		-186.018
0.122214		0.0305535		-130.35
0.122214		0.0329037		-67.2002
0.122214		0.035254		-0.162698
0.124564		-0.035254		-0.244625
0.124564		-0.0329037		53.2535
0.124564		-0.0305535		102.671
0.124564		-0.0282032		144.191
0.124564		-0.0258529		174.563
0.124564		-0.0235027		191.264
0.124564		-0.0211524		192.685
0.124564		-0.0188021		178.296
0.124564		-0.0164519		148.56
0.124564		-0.0141016		105.175
0.124564		-0.0117513		51.1752
0.124564		-0.00940107		53.508
0.124564		-0.0070508		39.5758
0.124564		-0.00470053		19.2961
0.124564		-0.00235027		14.6891
0.124564		0		4.83407
0.124564		0.00235027		-10.6139
0.124564		0.00470053		-22.1517
0.124564		0.0070508		-37.1231
0.124564		0.00940107		-41.8158
0.124564		0.0117513		-51.5371
0.124564		0.0141016		-106.273
0.124564		0.0164519		-149.429
0.124564		0.0188021		-178.865
0.124564		0.0211524		-193.065
0.124564		0.0235027		-191.485
0.124564		0.0258529		-174.71
0.124564		0.0282032		-144.308
0.124564		0.0305535		-102.71
0.124564		0.0329037		-53.2919
0.124564		0.035254		0.244628
0.126914		-0.035254		-0.624676
0.126914		-0.0329037		39.5618
0.126914		-0.0305535		75.5142
0.126914		-0.0282032		103.224
0.126914		-0.0258529		119.371
0.126914		-0.0235027		121.365
0.126914		-0.0211524		107.75
0.126914		-0.0188021		78.1659
0.126914		-0.0164519		33.2543
0.126914		-0.0141016		-25.3531
0.126914		-0.0117513		-96.2378
0.126914		-0.00940107		-61.2513
0.126914		-0.0070508		-44.4928
0.126914		-0.00470053		-33.8621
0.126914		-0.00235027		-14.3225
0.126914		0		-0.226341
0.126914		0.00235027		11.4436
0.126914		0.00470053		35.355
0.126914		0.0070508		41.697
0.126914		0.00940107		64.6663
0.126914		0.0117513		91.5264
0.126914		0.0141016		23.6423
0.126914		0.0164519		-34.0088
0.126914		0.0188021		-78.543
0.126914		0.0211524		-107.95
0.126914		0.0235027		-121.508
0.126914		0.0258529		-119.452
0.126914		0.0282032		-103.284
0.126914		0.0305535		-75.5452
0.126914		0.0329037		-39.5909
0.126914		0.035254		0.624681
0.129265		-0.035254		-0.957031
0.129265		-0.0329037		27.2761
0.129265		-0.0305535		51.1009
0.129265		-0.0282032		66.3898
0.129265		-0.0258529		69.6302
0.129265		-0.0235027		58.2877
0.129265		-0.0211524		31.0087
0.129265		-0.0188021		-12.41
0.129265		-0.0164519		-70.8488
0.129265		-0.0141016		-141.88
0.129265		-0.0117513		-221.779
0.129265		-0.00940107		-161.947
0.129265		-0.0070508		-111.311
0.129265		-0.00470053		-69.9472
0.129265		-0.00235027		-41.1058
0.129265		0		-13.0797
0.129265		0.00235027		31.5486
0.129265		0.00470053		71.3206
0.129265		0.0070508		109.963
0.129265		0.00940107		157.625
0.129265		0.0117513		220.314
0.129265		0.0141016		141.577
0.129265		0.0164519		70.8166
0.129265		0.0188021		12.435
0.129265		0.0211524		-30.9793
0.129265		0.0235027		-58.2861
0.129265		0.0258529		-69.6174
0.129265		0.0282032		-66.3764
0.129265		0.0305535		-51.1096
0.129265		0.0329037		-27.2785
0.129265		0.035254		0.957042
0.131615		-0.035254		-1.22293
0.131615		-0.0329037		17.4505
0.131615		-0.0305535		31.5608
0.131615		-0.0282032		36.7665
0.131615		-0.0258529		29.3727
0.131615		-0.0235027		6.97736
0.131615		-0.0211524		-31.8426
0.131615		-0.0188021		-87.1204
0.131615		-0.0164519		-157.217
0.131615		-0.0141016		-239.238
0.131615		-0.0117513		-328.619
0.131615		-0.00940107		-236.008
0.131615		-0.0070508		-162.065
0.131615		-0.00470053		-101.761
0.131615		-0.00235027		-59.3514
0.131615		0		-10.3448
0.131615		0.00235027		46.5488
0.131615		0.00470053		99.9389
0.131615		0.0070508		170.392
0.131615		0.00940107		239.839
0.131615		0.0117513		333.257
0.131615		0.0141016		241.202
0.131615		0.0164519		158.135
0.131615		0.0188021		87.5945
0.131615		0.0211524		32.1143
0.131615		0.0235027		-6.80361
0.131615		0.0258529		-29.2761
0.131615		0.0282032		-36.6919
0.131615		0.0305535		-31.5251
0.131615		0.0329037		-17.4365
0.131615		0.035254		1.22293
0.133965		-0.035254		-1.40811
0.133965		-0.0329037		11.0161
0.133965		-0.0305535		18.6597
0.133965		-0.0282032		16.9533
0.133965		-0.0258529		2.0703
0.133965		-0.0235027		-28.4422
0.133965		-0.0211524		-76.0458
0.133965		-0.0188021		-140.599
0.133965		-0.0164519		-220.292
0.133965		-0.0141016		-311.836
0.133965		-0.0117513		-409.977
0.133965		-0.00940107		-298.084
0.133965		-0.0070508		-205.722
0.133965		-0.00470053		-128.366
0.133965		-0.00235027		-65.3797
0.133965		0		-0.21192
0.133965		0.00235027		57.4658
0.133965		0.00470053		130.018
0.133965		0.0070508		212.725
0.133965		0.00940107		301.609
0.133965		0.0117513		416.202
0.133965		0.0141016		314.456
0.133965		0.0164519		221.542
0.133965		0.0188021		141.28
0.133965		0.0211524		76.4632
0.133965		0.0235027		28.7159
0.133965		0.0258529		-1.88747
0.133965		0.0282032		-16.8215
0.133965		0.0305535		-18.5871
0.133965		0.0329037		-10.9703
0.133965		0.035254		1.40812
0.136315		-0.035254		-1.50207
0.136315		-0.0329037		8.68567
0.136315		-0.0305535		13.746
0.136315		-0.0282032		8.96367
0.136315		-0.0258529		-9.62779
0.136315		-0.0235027		-44.7609
0.136315		-0.0211524		-97.8768
0.136315		-0.0188021		-168.723
0.136315		-0.0164519		-255.631
0.136315		-0.0141016		-355.281
0.136315		-0.0117513		-463.068
0.136315		-0.00940107		-344.414
0.136315		-0.0070508		-245.405
0.136315		-0.00470053		-152.867
0.136315		-0.00235027		-70.8375
0.136315		0		2.45952
0.136315		0.00235027		69.4388
0.136315		0.00470053		147.091
0.136315		0.0070508		236.617
0.136315		0.00940107		341.242
0.136315		0.0117513		464.259
0.136315		0.0141016		356.331
0.136315		0.0164519		256.414
0.136315		0.0188021		169.307
0.136315		0.0211524		98.3052
0.136315		0.0235027		45.0782
0.136315		0.0258529		9.87138
0.136315		0.0282032		-8.79423
0.136315		0.0305535		-13.6437
0.136315		0.0329037		-8.62815
0.136315		0.035254		1.50209
0.138666		-0.035254		-1.49817
0.138666		-0.0329037		10.8608
0.138666		-0.0305535		17.733
0.138666		-0.0282032		14.1225
0.138666		-0.0258529		-4.04666
0.138666		-0.0235027		-39.8781
0.138666		-0.0211524		-94.8178
0.138666		-0.0188021		-168.652
0.138666		-0.0164519		-259.756
0.138666		-0.0141016		-364.895
0.138666		-0.0117513		-479.973
0.138666		-0.00940107		-353.932
0.138666		-0.0070508		-255.915
0.138666		-0.00470053		-163.184
0.138666		-0.00235027		-74.8713
0.138666		0		1.21895
0.138666		0.00235027		77.0412
0.138666		0.00470053		148.704
0.138666		0.0070508		237.92
0.138666		0.00940107		349.079
0.138666		0.0117513		477.213
0.138666		0.0141016		364.51
0.138666		0.0164519		260.033
0.138666		0.0188021		169.074
0.138666		0.0211524		95.2138
0.138666		0.0235027		40.2177
0.138666		0.0258529		4.32037
0.138666		0.0282032		-13.9201
0.138666		0.0305535		-17.6029
0.138666		0.0329037		-10.7948
0.138666		0.035254		1.49818
0.141016		-0.035254		-1.39691
0.141016		-0.0329037		17.7003
0.141016		-0.0305535		30.92
0.141016		-0.0282032		32.9362
0.141016		-0.0258529		19.4088
0.141016		-0.0235027		-13.0149
0.141016		-0.0211524		-65.9256
0.141016		-0.0188021		-139.209
0.141016		-0.0164519		-231.15
0.141016		-0.0141016		-338.254
0.141016		-0.0117513		-455.582
0.141016		-0.00940107		-332.945
0.141016		-0.0070508		-234.047
0.141016		-0.00470053		-148.232
0.141016		-0.00235027		-71.8446
0.141016		0		-2.13528
0.141016		0.00235027		71.8096
0.141016		0.00470053		142.319
0.141016		0.0070508		221.64
0.141016		0.00940107		327.944
0.141016		0.0117513		454.504
0.141016		0.0141016		338.143
0.141016		0.0164519		231.436
0.141016		0.0188021		139.626
0.141016		0.0211524		66.3464
0.141016		0.0235027		13.3854
0.141016		0.0258529		-19.0973
0.141016		0.0282032		-32.7051
0.141016		0.0305535		-30.7666
0.141016		0.0329037		-17.6245
0.141016		0.035254		1.39692
0.143366		-0.035254		-1.20285
0.143366		-0.0329037		29.0644
0.143366		-0.0305535		53.0301
0.143366		-0.0282032		65.0236
0.143366		-0.0258529		60.3106
0.143366		-0.0235027		35.3151
0.143366		-0.0211524		-11.7922
0.143366		-0.0188021		-81.0497
0.143366		-0.0164519		-170.696
0.143366		-0.0141016		-277.023
0.143366		-0.0117513		-394.712
0.143366		-0.00940107		-281.833
0.143366		-0.0070508		-191.083
0.143366		-0.00470053		-121.092
0.143366		-0.00235027		-57.9012
0.143366		0		1.43674
0.143366		0.00235027		58.1905
0.143366		0.00470053		120.996
0.143366		0.0070508		196.653
0.143366		0.00940107		284.113
0.143366		0.0117513		396.176
0.143366		0.0141016		277.745
0.143366		0.0164519		171.266
0.143366		0.0188021		81.5853
0.143366		0.0211524		12.2825
0.143366		0.0235027		-34.8847
0.143366		0.0258529		-59.9664
0.143366		0.0282032		-64.7713
0.143366		0.0305535		-52.8436
0.143366		0.0329037		-28.9765
0.143366		0.035254		1.20286
0.145717		-0.035254		-0.924773
0.145717		-0.0329037		44.5178
0.145717		-0.0305535		83.2508
0.145717		-0.0282032		109.193
0.145717		-0.0258529		117.154
0.145717		-0.0235027		103.26
0.145717		-0.0211524		65.4471
0.145717		-0.0188021		3.39692
0.145717		-0.0164519		-81.1276
0.145717		-0.0141016		-184.41
0.145717		-0.0117513		-300.626
0.145717		-0.00940107		-206.736
0.145717		-0.0070508		-132.025
0.145717		-0.00470053		-87.4247
0.145717		-0.00235027		-44.2727
0.145717		0		0.746339
0.145717		0.00235027		39.8878
0.145717		0.00470053		84.5268
0.145717		0.0070508		148.412
0.145717		0.00940107		211.064
0.145717		0.0117513		302.274
0.145717		0.0141016		185.374
0.145717		0.0164519		81.892
0.145717		0.0188021		-2.73899
0.145717		0.0211524		-64.8576
0.145717		0.0235027		-102.76
0.145717		0.0258529		-116.771
0.145717		0.0282032		-108.918
0.145717		0.0305535		-83.0435
0.145717		0.0329037		-44.4075
0.145717		0.035254		0.924781
0.148067		-0.035254		-0.57684
0.148067		-0.0329037		63.41
0.148067		-0.0305535		120.288
0.148067		-0.0282032		163.472
0.148067		-0.0258529		187.346
0.148067		-0.0235027		187.71
0.148067		-0.0211524		162.176
0.148067		-0.0188021		110.115
0.148067		-0.0164519		33.1083
0.148067		-0.0141016		-65.4624
0.148067		-0.0117513		-180.526
0.148067		-0.00940107		-119.942
0.148067		-0.0070508		-71.1783
0.148067		-0.00470053		-41.1181
0.148067		-0.00235027		-22.0639
0.148067		0		1.79608
0.148067		0.00235027		21.2598
0.148067		0.00470053		47.7644
0.148067		0.0070508		79.8908
0.148067		0.00940107		123.405
0.148067		0.0117513		180.98
0.148067		0.0141016		66.2058
0.148067		0.0164519		-32.2732
0.148067		0.0188021		-109.34
0.148067		0.0211524		-161.48
0.148067		0.0235027		-187.133
0.148067		0.0258529		-186.91
0.148067		0.0282032		-163.151
0.148067		0.0305535		-120.095
0.148067		0.0329037		-63.2985
0.148067		0.035254		0.576843
0.150417		-0.035254		-0.177284
0.150417		-0.0329037		84.8822
0.150417		-0.0305535		162.408
0.150417		-0.0282032		225.267
0.150417		-0.0258529		267.5
0.150417		-0.0235027		284.57
0.150417		-0.0211524		273.681
0.150417		-0.0188021		233.929
0.150417		-0.0164519		166.611
0.150417		-0.0141016		74.7941
0.150417		-0.0117513		-37.4956
0.150417		-0.00940107		-15.0196
0.150417		-0.0070508		1.62532
0.150417		-0.00470053		14.6539
0.150417		-0.00235027		11.5351
0.150417		0		5.17469
0.150417		0.00235027		-2.19248
0.150417		0.00470053		-2.5549
0.150417		0.0070508		-4.18909
0.150417		0.00940107		17.3998
0.150417		0.0117513		36.8619
0.150417		0.0141016		-74.0601
0.150417		0.0164519		-165.602
0.150417		0.0188021		-232.978
0.150417		0.0211524		-272.886
0.150417		0.0235027		-283.941
0.150417		0.0258529		-267.012
0.150417		0.0282032		-224.89
0.150417		0.0305535		-162.197
0.150417		0.0329037		-84.7692
0.150417		0.035254		0.177306
0.152767		-0.035254		0.251461
0.152767		-0.0329037		107.784
0.152767		-0.0305535		207.416
0.152767		-0.0282032		291.417
0.152767		-0.0258529		353.581
0.152767		-0.0235027		388.893
0.152767		-0.0211524		394.276
0.152767		-0.0188021		368.539
0.152767		-0.0164519		312.765
0.152767		-0.0141016		230.147
0.152767		-0.0117513		125.631
0.152767		-0.00940107		106.525
0.152767		-0.0070508		88.5578
0.152767		-0.00470053		69.9732
0.152767		-0.00235027		41.2753
0.152767		0		6.60111
0.152767		0.00235027		-34.4211
0.152767		0.00470053		-67.2702
0.152767		0.0070508		-89.8383
0.152767		0.00940107		-105.412
0.152767		0.0117513		-124.507
0.152767		0.0141016		-228.395
0.152767		0.0164519		-311.218
0.152767		0.0188021		-367.307
0.152767		0.0211524		-393.351
0.152767		0.0235027		-388.231
0.152767		0.0258529		-353.05
0.152767		0.0282032		-291.031
0.152767		0.0305535		-207.181
0.152767		0.0329037		-107.686
0.152767		0.035254		-0.251442
0.155118		-0.035254		0.687417
0.155118		-0.0329037		130.971
0.155118		-0.0305535		252.894
0.155118		-0.0282032		358.429
0.155118		-0.0258529		440.98
0.155118		-0.0235027		495.111
0.155118		-0.0211524		517.477
0.155118		-0.0188021		506.608
0.155118		-0.0164519		463.339
0.155118		-0.0141016		390.89
0.155118		-0.0117513		294.974
0.155118		-0.00940107		237.625
0.155118		-0.0070508		181.739
0.155118		-0.00470053		125.627
0.155118		-0.00235027		68.8589
0.155118		0		12.8882
0.155118		0.00235027		-54.0785
0.155118		0.00470053		-117.606
0.155118		0.0070508		-174.666
0.155118		0.00940107		-231.313
0.155118		0.0117513		-288.224
0.155118		0.0141016		-387.277
0.155118		0.0164519		-461.152
0.155118		0.0188021		-505.151
0.155118		0.0211524		-516.483
0.155118		0.0235027		-494.41
0.155118		0.0258529		-440.449
0.155118		0.0282032		-358.07
0.155118		0.0305535		-252.669
0.155118		0.0329037		-130.872
0.155118		0.035254		-0.687411
0.157468		-0.035254		1.11003
0.157468		-0.0329037		153.143
0.157468		-0.0305535		296.397
0.157468		-0.0282032		422.674
0.157468		-0.0258529		524.91
0.157468		-0.0235027		597.434
0.157468		-0.0211524		636.568
0.157468		-0.0188021		640.491
0.157468		-0.0164519		609.772
0.157468		-0.0141016		547.095
0.157468		-0.0117513		457.535
0.157468		-0.00940107		359.979
0.157468		-0.0070508		269.934
0.157468		-0.00470053		179.802
0.157468		-0.00235027		92.2415
0.157468		0		5.43566
0.157468		0.00235027		-77.9986
0.157468		0.00470053		-168.727
0.157468		0.0070508		-265.812
0.157468		0.00940107		-361.743
0.157468		0.0117513		-449.942
0.157468		0.0141016		-543.317
0.157468		0.0164519		-607.646
0.157468		0.0188021		-639.165
0.157468		0.0211524		-635.657
0.157468		0.0235027		-596.804
0.157468		0.0258529		-524.467
0.157468		0.0282032		-422.35
0.157468		0.0305535		-296.203
0.157468		0.0329037		-153.031
0.157468		0.035254		-1.11003
0.159818		-0.035254		1.49589
0.159818		-0.0329037		172.976
0.159818		-0.0305535		335.456
0.159818		-0.0282032		480.418
0.159818		-0.0258529		600.654
0.159818		-0.0235027		690.163
0.159818		-0.0211524		744.882
0.159818		-0.0188021		762.815
0.159818		-0.0164519		744.11
0.159818		-0.0141016		690.908
0.159818		-0.0117513		607.707
0.159818		-0.00940107		472.221
0.159818		-0.0070508		348.463
0.159818		-0.00470053		226.697
0.159818		-0.00235027		104.888
0.159818		0		-11.9714
0.159818		0.00235027		-117.344
0.159818		0.00470053		-225.057
0.159818		0.0070508		-348.392
0.159818		0.00940107		-480.639
0.159818		0.0117513		-605.193
0.159818		0.0141016		-689.151
0.159818		0.0164519		-742.827
0.159818		0.0188021		-761.915
0.159818		0.0211524		-744.216
0.159818		0.0235027		-689.638
0.159818		0.0258529		-600.302
0.159818		0.0282032		-480.162
0.159818		0.0305535		-335.277
0.159818		0.0329037		-172.885
0.159818		0.035254		-1.49592
0.162168		-0.035254		1.82323
0.162168		-0.0329037		189.305
0.162168		-0.0305535		367.681
0.162168		-0.0282032		528.277
0.162168		-0.0258529		663.744
0.162168		-0.0235027		767.835
0.162168		-0.0211524		836.203
0.162168		-0.0188021		866.669
0.162168		-0.0164519		859.059
0.162168		-0.0141016		814.953
0.162168		-0.0117513		737.265
0.162168		-0.00940107		572.239
0.162168		-0.0070508		414.211
0.162168		-0.00470053		267.733
0.162168		-0.00235027		123.908
0.162168		0		-17.0918
0.162168		0.00235027		-148.064
0.162168		0.00470053		-278.962
0.162168		0.0070508		-424.176
0.162168		0.00940107		-579.843
0.162168		0.0117513		-740.583
0.162168		0.0141016		-815.484
0.162168		0.0164519		-858.838
0.162168		0.0188021		-866.271
0.162168		0.0211524		-835.821
0.162168		0.0235027		-767.467
0.162168		0.0258529		-663.468
0.162168		0.0282032		-528.09
0.162168		0.0305535		-367.556
0.162168		0.0329037		-189.248
0.162168		0.035254		-1.82326
0.164519		-0.035254		2.07418
0.164519		-0.0329037		201.112
0.164519		-0.0305535		391.054
0.164519		-0.0282032		563.239
0.164519		-0.0258529		710.201
0.164519		-0.0235027		825.621
0.164519		-0.0211524		905.058
0.164519		-0.0188021		946.139
0.164519		-0.0164519		948.52
0.164519		-0.0141016		913.627
0.164519		-0.0117513		844.446
0.164519		-0.00940107		652.152
0.164519		-0.0070508		472.612
0.164519		-0.00470053		309.641
0.164519		-0.00235027		154.599
0.164519		0		-3.7494
0.164519		0.00235027		-159.215
0.164519		0.00470053		-318.199
0.164519		0.0070508		-480.974
0.164519		0.00940107		-652.985
0.164519		0.0117513		-846.499
0.164519		0.0141016		-914.409
0.164519		0.0164519		-948.728
0.164519		0.0188021		-946.082
0.164519		0.0211524		-904.897
0.164519		0.0235027		-825.468
0.164519		0.0258529		-710.071
0.164519		0.0282032		-563.151
0.164519		0.0305535		-391.008
0.164519		0.0329037		-201.089
0.164519		0.035254		-2.07419
0.166869		-0.035254		2.23465
0.166869		-0.0329037		207.58
0.166869		-0.0305535		403.952
0.166869		-0.0282032		582.818
0.166869		-0.0258529		736.787
0.166869		-0.0235027		859.632
0.166869		-0.0211524		946.864
0.166869		-0.0188021		996.072
0.166869		-0.0164519		1006.74
0.166869		-0.0141016		980.395
0.166869		-0.0117513		920.859
0.166869		-0.00940107		709.458
0.166869		-0.0070508		515.458
0.166869		-0.00470053		334.785
0.166869		-0.00235027		171.283
0.166869		0		6.92919
0.166869		0.00235027		-157.999
0.166869		0.00470053		-330.951
0.166869		0.0070508		-512.172
0.166869		0.00940107		-706.891
0.166869		0.0117513		-921.609
0.166869		0.0141016		-980.772
0.166869		0.0164519		-1006.92
0.166869		0.0188021		-996.157
0.166869		0.0211524		-946.885
0.166869		0.0235027		-859.647
0.166869		0.0258529		-736.792
0.166869		0.0282032		-582.828
0.166869		0.0305535		-403.946
0.166869		0.0329037		-207.584
0.166869		0.035254		-2.23464
0.169219		-0.035254		2.29686
0.169219		-0.0329037		208.033
0.169219		-0.0305535		405.14
0.169219		-0.0282032		585.298
0.169219		-0.0258529		741.239
0.169219		-0.0235027		867.056
0.169219		-0.0211524		958.323
0.169219		-0.0188021		1012.53
0.169219		-0.0164519		1029.08
0.169219		-0.0141016		1009.37
0.169219		-0.0117513		956.685
0.169219		-0.00940107		737.103
0.169219		-0.0070508		533.853
0.169219		-0.00470053		345.378
0.169219		-0.00235027		169.674
0.169219		0		3.45663
0.169219		0.00235027		-161.506
0.169219		0.00470053		-335.866
0.169219		0.0070508		-525.569
0.169219		0.00940107		-731.932
0.169219		0.0117513		-955.504
0.169219		0.0141016		-1009.2
0.169219		0.0164519		-1029.28
0.169219		0.0188021		-1012.78
0.169219		0.0211524		-958.553
0.169219		0.0235027		-867.241
0.169219		0.0258529		-741.363
0.169219		0.0282032		-585.375
0.169219		0.0305535		-405.185
0.169219		0.0329037		-208.07
0.169219		0.035254		-2.29687
0.171569		-0.035254		2.25626
0.171569		-0.0329037		202.203
0.171569		-0.0305535		393.967
0.171569		-0.0282032		569.661
0.171569		-0.0258529		722.334
0.171569		-0.0235027		846.389
0.171569		-0.0211524		937.629
0.171569		-0.0188021		993.488
0.171569		-0.0164519		1013.33
0.171569		-0.0141016		998.271
0.171569		-0.0117513		951.113
0.171569		-0.00940107		736.138
0.171569		-0.0070508		535.5
0.171569		-0.00470053		350.421
0.171569		-0.00235027		168.996
0.171569		0		-5.44128
0.171569		0.00235027		-172.372
0.171569		0.00470053		-343.171
0.171569		0.0070508		-527.973
0.171569		0.00940107		-728.264
0.171569		0.0117513		-948.708
0.171569		0.0141016		-998.221
0.171569		0.0164519		-1013.83
0.171569		0.0188021		-994.04
0.171569		0.0211524		-938.074
0.171569		0.0235027		-846.713
0.171569		0.0258529		-722.562
0.171569		0.0282032		-569.789
0.171569		0.0305535		-394.031
0.171569		0.0329037		-202.248
0.171569		0.035254		-2.25626
0.17392		-0.035254		2.11248
0.17392		-0.0329037		190.047
0.17392		-0.0305535		370.328
0.17392		-0.0282032		535.757
0.17392		-0.0258529		679.88
0.17392		-0.0235027		797.401
0.17392		-0.0211524		884.472
0.17392		-0.0188021		938.692
0.17392		-0.0164519		959.214
0.17392		-0.0141016		947.065
0.17392		-0.0117513		904.748
0.17392		-0.00940107		700.007
0.17392		-0.0070508		509.777
0.17392		-0.00470053		334.406
0.17392		-0.00235027		165.779
0.17392		0		-5.99853
0.17392		0.00235027		-171.908
0.17392		0.00470053		-339.533
0.17392		0.0070508		-516.25
0.17392		0.00940107		-700.866
0.17392		0.0117513		-907.258
0.17392		0.0141016		-948.865
0.17392		0.0164519		-960.511
0.17392		0.0188021		-939.605
0.17392		0.0211524		-885.118
0.17392		0.0235027		-797.822
0.17392		0.0258529		-680.16
0.17392		0.0282032		-535.92
0.17392		0.0305535		-370.416
0.17392		0.0329037		-190.095
0.17392		0.035254		-2.11247
0.17627		-0.035254		1.8723
0.17627		-0.0329037		171.788
0.17627		-0.0305535		334.785
0.17627		-0.0282032		484.426
0.17627		-0.0258529		614.864
0.17627		-0.0235027		721.32
0.17627		-0.0211524		800.29
0.17627		-0.0188021		849.633
0.17627		-0.0164519		868.449
0.17627		-0.0141016		857.612
0.17627		-0.0117513		818.916
0.17627		-0.00940107		631.582
0.17627		-0.0070508		462.938
0.17627		-0.00470053		302.857
0.17627		-0.00235027		152.53
0.17627		0		2.28747
0.17627		0.00235027		-154.881
0.17627		0.00470053		-311.936
0.17627		0.0070508		-471.184
0.17627		0.00940107		-634.643
0.17627		0.0117513		-825.589
0.17627		0.0141016		-861.048
0.17627		0.0164519		-870.439
0.17627		0.0188021		-850.842
0.17627		0.0211524		-801.055
0.17627		0.0235027		-721.806
0.17627		0.0258529		-615.174
0.17627		0.0282032		-484.605
0.17627		0.0305535		-334.913
0.17627		0.0329037		-171.842
0.17627		0.035254		-1.8723
0.17862		-0.035254		1.54704
0.17862		-0.0329037		148.022
0.17862		-0.0305535		288.483
0.17862		-0.0282032		417.312
0.17862		-0.0258529		529.397
0.17862		-0.0235027		620.642
0.17862		-0.0211524		687.969
0.17862		-0.0188021		729.492
0.17862		-0.0164519		744.604
0.17862		-0.0141016		733.974
0.17862		-0.0117513		698.921
0.17862		-0.00940107		535.178
0.17862		-0.0070508		391.061
0.17862		-0.00470053		251.585
0.17862		-0.00235027		126.258
0.17862		0		1.82823
0.17862		0.00235027		-139.001
0.17862		0.00470053		-270.911
0.17862		0.0070508		-400.234
0.17862		0.00940107		-541.2
0.17862		0.0117513		-705.131
0.17862		0.0141016		-737.334
0.17862		0.0164519		-746.549
0.17862		0.0188021		-730.659
0.17862		0.0211524		-688.666
0.17862		0.0235027		-621.102
0.17862		0.0258529		-529.68
0.17862		0.0282032		-417.479
0.17862		0.0305535		-288.601
0.17862		0.0329037		-148.066
0.17862		0.035254		-1.54703
0.180971		-0.035254		1.15201
0.180971		-0.0329037		119.58
0.180971		-0.0305535		233.003
0.180971		-0.0282032		336.723
0.180971		-0.0258529		426.537
0.180971		-0.0235027		499
0.180971		-0.0211524		551.659
0.180971		-0.0188021		583.004
0.180971		-0.0164519		592.67
0.180971		-0.0141016		581.553
0.180971		-0.0117513		551.952
0.180971		-0.00940107		418.791
0.180971		-0.0070508		300.883
0.180971		-0.00470053		190.291
0.180971		-0.00235027		89.8189
0.180971		0		-5.82155
0.180971		0.00235027		-109.758
0.180971		0.00470053		-214.419
0.180971		0.0070508		-312.76
0.180971		0.00940107		-424.957
0.180971		0.0117513		-553.87
0.180971		0.0141016		-583.406
0.180971		0.0164519		-593.907
0.180971		0.0188021		-583.772
0.180971		0.0211524		-552.147
0.180971		0.0235027		-499.318
0.180971		0.0258529		-426.692
0.180971		0.0282032		-336.856
0.180971		0.0305535		-233.057
0.180971		0.0329037		-119.616
0.180971		0.035254		-1.15202
0.183321		-0.035254		0.705599
0.183321		-0.0329037		87.5025
0.183321		-0.0305535		170.379
0.183321		-0.0282032		245.712
0.183321		-0.0258529		310.16
0.183321		-0.0235027		361.195
0.183321		-0.0211524		396.859
0.183321		-0.0188021		416.093
0.183321		-0.0164519		418.736
0.183321		-0.0141016		405.582
0.183321		-0.0117513		378.48
0.183321		-0.00940107		291.1
0.183321		-0.0070508		206.589
0.183321		-0.00470053		134.994
0.183321		-0.00235027		63.9994
0.183321		0		-4.24073
0.183321		0.00235027		-64.4042
0.183321		0.00470053		-138.312
0.183321		0.0070508		-210.605
0.183321		0.00940107		-291.893
0.183321		0.0117513		-380.573
0.183321		0.0141016		-406.496
0.183321		0.0164519		-419.172
0.183321		0.0188021		-416.327
0.183321		0.0211524		-396.998
0.183321		0.0235027		-361.277
0.183321		0.0258529		-310.205
0.183321		0.0282032		-245.746
0.183321		0.0305535		-170.359
0.183321		0.0329037		-87.5296
0.183321		0.035254		-0.705606
0.185671		-0.035254		0.228549
0.185671		-0.0329037		53.0018
0.185671		-0.0305535		102.993
0.185671		-0.0282032		147.738
0.185671		-0.0258529		184.818
0.185671		-0.0235027		212.663
0.185671		-0.0211524		229.792
0.185671		-0.0188021		235.698
0.185671		-0.0164519		230.392
0.185671		-0.0141016		214.307
0.185671		-0.0117513		187.805
0.185671		-0.00940107		144.008
0.185671		-0.0070508		102.868
0.185671		-0.00470053		70.9294
0.185671		-0.00235027		34.1425
0.185671		0		2.1382
0.185671		0.00235027		-26.9282
0.185671		0.00470053		-62.3079
0.185671		0.0070508		-103.713
0.185671		0.00940107		-147.651
0.185671		0.0117513		-188.094
0.185671		0.0141016		-213.591
0.185671		0.0164519		-229.767
0.185671		0.0188021		-235.271
0.185671		0.0211524		-229.532
0.185671		0.0235027		-212.489
0.185671		0.0258529		-184.762
0.185671		0.0282032		-147.671
0.185671		0.0305535		-102.948
0.185671		0.0329037		-52.9774
0.185671		0.035254		-0.228523
0.188021		-0.035254		-0.254739
0.188021		-0.0329037		17.3924
0.188021		-0.0305535		33.5019
0.188021		-0.0282032		46.5868
0.188021		-0.0258529		55.5259
0.188021		-0.0235027		59.3274
0.188021		-0.0211524		57.3297
0.188021		-0.0188021		49.5289
0.188021		-0.0164519		36.2138
0.188021		-0.0141016		17.977
0.188021		-0.0117513		-4.27964
0.188021		-0.00940107		-6.89994
0.188021		-0.0070508		0.202557
0.188021		-0.00470053		2.82096
0.188021		-0.00235027		4.52573
0.188021		0		5.72905
0.188021		0.00235027		6.98008
0.188021		0.00470053		9.29856
0.188021		0.0070508		5.73314
0.188021		0.00940107		7.1266
0.188021		0.0117513		10.8623
0.188021		0.0141016		-14.5359
0.188021		0.0164519		-34.3606
0.188021		0.0188021		-48.515
0.188021		0.0211524		-56.7362
0.188021		0.0235027		-58.979
0.188021		0.0258529		-55.3102
0.188021		0.0282032		-46.4728
0.188021		0.0305535		-33.4443
0.188021		0.0329037		-17.3497
0.188021		0.035254		0.254754
0.190372		-0.035254		-0.720787
0.190372		-0.0329037		-17.8524
0.190372		-0.0305535		-35.3828
0.190372		-0.0282032		-53.6432
0.190372		-0.0258529		-72.6305
0.190372		-0.0235027		-92.5854
0.190372		-0.0211524		-113.392
0.190372		-0.0188021		-134.605
0.190372		-0.0164519		-155.664
0.190372		-0.0141016		-175.546
0.190372		-0.0117513		-192.425
0.190372		-0.00940107		-145.378
0.190372		-0.0070508		-100.18
0.190372		-0.00470053		-62.3568
0.190372		-0.00235027		-24.8795
0.190372		0		-0.251107
0.190372		0.00235027		32.1519
0.190372		0.00470053		71.298
0.190372		0.0070508		110.207
0.190372		0.00940107		152.142
0.190372		0.0117513		202.183
0.190372		0.0141016		180.184
0.190372		0.0164519		157.972
0.190372		0.0188021		135.828
0.190372		0.0211524		114.099
0.190372		0.0235027		93.0247
0.190372		0.0258529		72.9257
0.190372		0.0282032		53.8153
0.190372		0.0305535		35.4826
0.190372		0.0329037		17.9035
0.190372		0.035254		0.720771
0.192722		-0.035254		-1.14888
0.192722		-0.0329037		-51.4441
0.192722		-0.0305535		-101.078
0.192722		-0.0282032		-149.064
0.192722		-0.0258529		-194.611
0.192722		-0.0235027		-237.016
0.192722		-0.0211524		-275.48
0.192722		-0.0188021		-309.193
0.192722		-0.0164519		-337.477
0.192722		-0.0141016		-359.233
0.192722		-0.0117513		-372.65
0.192722		-0.00940107		-279.23
0.192722		-0.0070508		-205.626
0.192722		-0.00470053		-135.136
0.192722		-0.00235027		-68.2543
0.192722		0		-5.15324
0.192722		0.00235027		60.9858
0.192722		0.00470053		134.4
0.192722		0.0070508		210.978
0.192722		0.00940107		289.148
0.192722		0.0117513		379.441
0.192722		0.0141016		362.279
0.192722		0.0164519		338.976
0.192722		0.0188021		310.05
0.192722		0.0211524		276.025
0.192722		0.0235027		237.428
0.192722		0.0258529		194.9
0.192722		0.0282032		149.288
0.192722		0.0305535		101.204
0.192722		0.0329037		51.5507
0.192722		0.035254		1.14888
0.195072		-0.035254		-1.5182
0.195072		-0.0329037		-82.225
0.195072		-0.0305535		-161.079
0.195072		-0.0282032		-236.094
0.195072		-0.0258529		-305.671
0.195072		-0.0235027		-368.192
0.195072		-0.0211524		-422.289
0.195072		-0.0188021		-466.915
0.195072		-0.0164519		-501.345
0.195072		-0.0141016		-525.076
0.195072		-0.0117513		-538.055
0.195072		-0.00940107		-403.316
0.195072		-0.0070508		-290.468
0.195072		-0.00470053		-192.335
0.195072		-0.00235027		-98.5133
0.195072		0		5.89521
0.195072		0.00235027		101.874
0.195072		0.00470053		196.091
0.195072		0.0070508		299.571
0.195072		0.00940107		413.942
0.195072		0.0117513		536.009
0.195072		0.0141016		524.274
0.195072		0.0164519		501.192
0.195072		0.0188021		467.059
0.195072		0.0211524		422.564
0.195072		0.0235027		368.504
0.195072		0.0258529		305.947
0.195072		0.0282032		236.327
0.195072		0.0305535		161.226
0.195072		0.0329037		82.3278
0.195072		0.035254		1.51822
0.197422		-0.035254		-1.81053
0.197422		-0.0329037		-109.005
0.197422		-0.0305535		-213.189
0.197422		-0.0282032		-311.564
0.197422		-0.0258529		-401.677
0.197422		-0.0235027		-481.089
0.197422		-0.0211524		-547.992
0.197422		-0.0188021		-601.11
0.197422		-0.0164519		-639.659
0.197422		-0.0141016		-663.681
0.197422		-0.0117513		-674.757
0.197422		-0.00940107		-505.143
0.197422		-0.0070508		-350.616
0.197422		-0.00470053		-226.621
0.197422		-0.00235027		-110
0.197422		0		11.9009
0.197422		0.00235027		130.497
0.197422		0.00470053		242.029
0.197422		0.0070508		365.099
0.197422		0.00940107		504.988
0.197422		0.0117513		664.531
0.197422		0.0141016		659.645
0.197422		0.0164519		638.201
0.197422		0.0188021		600.755
0.197422		0.0211524		548.087
0.197422		0.0235027		481.372
0.197422		0.0258529		401.971
0.197422		0.0282032		311.839
0.197422		0.0305535		213.38
0.197422		0.0329037		109.1
0.197422		0.035254		1.81051
0.199773		-0.035254		-2.01207
0.199773		-0.0329037		-130.836
0.199773		-0.0305535		-255.7
0.199773		-0.0282032		-372.965
0.199773		-0.0258529		-479.294
0.199773		-0.0235027		-571.773
0.199773		-0.0211524		-648
0.199773		-0.0188021		-706.476
0.199773		-0.0164519		-746.315
0.199773		-0.0141016		-767.468
0.199773		-0.0117513		-771.008
0.199773		-0.00940107		-585.939
0.199773		-0.0070508		-416.099
0.199773		-0.00470053		-267.054
0.199773		-0.00235027		-131.88
0.199773		0		-4.96515
0.199773		0.00235027		133.875
0.199773		0.00470053		273.99
0.199773		0.0070508		416.558
0.199773		0.00940107		575.382
0.199773		0.0117513		761.935
0.199773		0.0141016		763.827
0.199773		0.0164519		745.024
0.199773		0.0188021		706.238
0.199773		0.0211524		648.204
0.199773		0.0235027		572.151
0.199773		0.0258529		479.705
0.199773		0.0282032		373.321
0.199773		0.0305535		255.968
0.199773		0.0329037		130.971
0.199773		0.035254		2.01204
0.202123		-0.035254		-2.11489
0.202123		-0.0329037		-147.097
0.202123		-0.0305535		-287.336
0.202123		-0.0282032		-418.393
0.202123		-0.0258529		-536.157
0.202123		-0.0235027		-637.295
0.202123		-0.0211524		-718.971
0.202123		-0.0188021		-779.445
0.202123		-0.0164519		-817.721
0.202123		-0.0141016		-833.571
0.202123		-0.0117513		-827.376
0.202123		-0.00940107		-636.75
0.202123		-0.0070508		-466.621
0.202123		-0.00470053		-301.462
0.202123		-0.00235027		-150.629
0.202123		0		-7.12261
0.202123		0.00235027		142.756
0.202123		0.00470053		296.201
0.202123		0.0070508		456.019
0.202123		0.00940107		630.751
0.202123		0.0117513		827.595
0.202123		0.0141016		833.343
0.202123		0.0164519		817.88
0.202123		0.0188021		779.903
0.202123		0.0211524		719.592
0.202123		0.0235027		637.923
0.202123		0.0258529		536.735
0.202123		0.0282032		418.848
0.202123		0.0305535		287.671
0.202123		0.0329037		147.261
0.202123		0.035254		2.11491
0.204473		-0.035254		-2.11716
0.204473		-0.0329037		-157.461
0.204473		-0.0305535		-307.376
0.204473		-0.0282032		-446.752
0.204473		-0.0258529		-570.94
0.204473		-0.0235027		-676.125
0.204473		-0.0211524		-759.221
0.204473		-0.0188021		-818.303
0.204473		-0.0164519		-852.395
0.204473		-0.0141016		-861.575
0.204473		-0.0117513		-847.309
0.204473		-0.00940107		-646.107
0.204473		-0.0070508		-473.614
0.204473		-0.00470053		-308.371
0.204473		-0.00235027		-149.18
0.204473		0		7.58874
0.204473		0.00235027		155.902
0.204473		0.00470053		306.291
0.204473		0.0070508		470.066
0.204473		0.00940107		652.738
0.204473		0.0117513		850.979
0.204473		0.0141016		863.897
0.204473		0.0164519		854.054
0.204473		0.0188021		819.652
0.204473		0.0211524		760.363
0.204473		0.0235027		677.08
0.204473		0.0258529		571.705
0.204473		0.0282032		447.347
0.204473		0.0305535		307.768
0.204473		0.0329037		157.653
0.204473		0.035254		2.11717
0.206823		-0.035254		-2.01964
0.206823		-0.0329037		-161.84
0.206823		-0.0305535		-315.708
0.206823		-0.0282032		-457.948
0.206823		-0.0258529		-583.461
0.206823		-0.0235027		-688.147
0.206823		-0.0211524		-768.643
0.206823		-0.0188021		-822.981
0.206823		-0.0164519		-850.24
0.206823		-0.0141016		-850.694
0.206823		-0.0117513		-825.708
0.206823		-0.00940107		-629.205
0.206823		-0.0070508		-460.481
0.206823		-0.00470053		-299.694
0.206823		-0.00235027		-143.104
0.206823		0		8.95993
0.206823		0.00235027		154.18
0.206823		0.00470053		299.099
0.206823		0.0070508		459.478
0.206823		0.00940107		636.945
0.206823		0.0117513		832.264
0.206823		0.0141016		854.953
0.206823		0.0164519		853.109
0.206823		0.0188021		825.116
0.206823		0.0211524		770.288
0.206823		0.0235027		689.457
0.206823		0.0258529		584.479
0.206823		0.0282032		458.694
0.206823		0.0305535		316.202
0.206823		0.0329037		162.089
0.206823		0.035254		2.01963
0.209174		-0.035254		-1.82716
0.209174		-0.0329037		-160.51
0.209174		-0.0305535		-312.867
0.209174		-0.0282032		-452.723
0.209174		-0.0258529		-574.723
0.209174		-0.0235027		-674.523
0.209174		-0.0211524		-748.67
0.209174		-0.0188021		-795.177
0.209174		-0.0164519		-813.349
0.209174		-0.0141016		-803.605
0.209174		-0.0117513		-766.706
0.209174		-0.00940107		-594.909
0.209174		-0.0070508		-433.899
0.209174		-0.00470053		-281.518
0.209174		-0.00235027		-136.798
0.209174		0		0.670819
0.209174		0.00235027		134.567
0.209174		0.00470053		282.153
0.209174		0.0070508		434.946
0.209174		0.00940107		592.958
0.209174		0.0117513		776.108
0.209174		0.0141016		808.852
0.209174		0.0164519		816.824
0.209174		0.0188021		797.767
0.209174		0.0211524		750.686
0.209174		0.0235027		676.122
0.209174		0.0258529		575.958
0.209174		0.0282032		453.614
0.209174		0.0305535		313.455
0.209174		0.0329037		160.799
0.209174		0.035254		1.82715
0.211524		-0.035254		-1.55137
0.211524		-0.0329037		-154.045
0.211524		-0.0305535		-299.874
0.211524		-0.0282032		-432.609
0.211524		-0.0258529		-546.707
0.211524		-0.0235027		-637.694
0.211524		-0.0211524		-702.174
0.211524		-0.0188021		-738.232
0.211524		-0.0164519		-745.566
0.211524		-0.0141016		-725.406
0.211524		-0.0117513		-680.52
0.211524		-0.00940107		-529.988
0.211524		-0.0070508		-382.111
0.211524		-0.00470053		-246.339
0.211524		-0.00235027		-124.002
0.211524		0		-9.36866
0.211524		0.00235027		107.244
0.211524		0.00470053		244.456
0.211524		0.0070508		383.593
0.211524		0.00940107		525.719
0.211524		0.0117513		685.243
0.211524		0.0141016		729.237
0.211524		0.0164519		748.762
0.211524		0.0188021		740.898
0.211524		0.0211524		704.365
0.211524		0.0235027		639.469
0.211524		0.0258529		548.095
0.211524		0.0282032		433.643
0.211524		0.0305535		300.541
0.211524		0.0329037		154.367
0.211524		0.035254		1.55137
0.213874		-0.035254		-1.20918
0.213874		-0.0329037		-143.154
0.213874		-0.0305535		-278.171
0.213874		-0.0282032		-399.823
0.213874		-0.0258529		-502.316
0.213874		-0.0235027		-581.183
0.213874		-0.0211524		-633.196
0.213874		-0.0188021		-656.58
0.213874		-0.0164519		-651.349
0.213874		-0.0141016		-619.304
0.213874		-0.0117513		-564.399
0.213874		-0.00940107		-433.43
0.213874		-0.0070508		-313.839
0.213874		-0.00470053		-201.921
0.213874		-0.00235027		-100.508
0.213874		0		-4.39799
0.213874		0.00235027		91.9109
0.213874		0.00470053		198.146
0.213874		0.0070508		312.691
0.213874		0.00940107		431.927
0.213874		0.0117513		563.972
0.213874		0.0141016		621.525
0.213874		0.0164519		654.161
0.213874		0.0188021		659.276
0.213874		0.0211524		635.536
0.213874		0.0235027		583.147
0.213874		0.0258529		503.837
0.213874		0.0282032		400.953
0.213874		0.0305535		278.921
0.213874		0.0329037		143.535
0.213874		0.035254		1.20918
0.216225		-0.035254		-0.82112
0.216225		-0.0329037		-128.801
0.216225		-0.0305535		-249.718
0.216225		-0.0282032		-357.129
0.216225		-0.0258529		-445.22
0.216225		-0.0235027		-509.526
0.216225		-0.0211524		-546.947
0.216225		-0.0188021		-555.941
0.216225		-0.0164519		-536.706
0.216225		-0.0141016		-491.235
0.216225		-0.0117513		-422.95
0.216225		-0.00940107		-326.757
0.216225		-0.0070508		-240.884
0.216225		-0.00470053		-158.134
0.216225		-0.00235027		-77.5683
0.216225		0		4.08824
0.216225		0.00235027		80.3222
0.216225		0.00470053		159.604
0.216225		0.0070508		237.979
0.216225		0.00940107		325.494
0.216225		0.0117513		423.838
0.216225		0.0141016		493.878
0.216225		0.0164519		539.839
0.216225		0.0188021		558.916
0.216225		0.0211524		549.556
0.216225		0.0235027		511.675
0.216225		0.0258529		446.874
0.216225		0.0282032		358.337
0.216225		0.0305535		250.519
0.216225		0.0329037		129.221
0.216225		0.035254		0.821121
0.218575		-0.035254		-0.407962
0.218575		-0.0329037		-112.125
0.218575		-0.0305535		-216.763
0.218575		-0.0282032		-307.823
0.218575		-0.0258529		-379.708
0.218575		-0.0235027		-427.924
0.218575		-0.0211524		-449.482
0.218575		-0.0188021		-443.156
0.218575		-0.0164519		-409.361
0.218575		-0.0141016		-350.426
0.218575		-0.0117513		-270.169
0.218575		-0.00940107		-216.229
0.218575		-0.0070508		-163.224
0.218575		-0.00470053		-109.986
0.218575		-0.00235027		-55.2466
0.218575		0		-2.27919
0.218575		0.00235027		57.5533
0.218575		0.00470053		114.322
0.218575		0.0070508		163.281
0.218575		0.00940107		218.003
0.218575		0.0117513		274.249
0.218575		0.0141016		354.77
0.218575		0.0164519		413.418
0.218575		0.0188021		446.661
0.218575		0.0211524		452.417
0.218575		0.0235027		430.253
0.218575		0.0258529		381.53
0.218575		0.0282032		309.133
0.218575		0.0305535		217.61
0.218575		0.0329037		112.548
0.218575		0.035254		0.407939
0.220925		-0.035254		0.0101574
0.220925		-0.0329037		-94.3396
0.220925		-0.0305535		-181.66
0.220925		-0.0282032		-255.51
0.220925		-0.0258529		-310.421
0.220925		-0.0235027		-341.938
0.220925		-0.0211524		-347.329
0.220925		-0.0188021		-325.568
0.220925		-0.0164519		-277.412
0.220925		-0.0141016		-205.409
0.220925		-0.0117513		-113.733
0.220925		-0.00940107		-95.9974
0.220925		-0.0070508		-75.6581
0.220925		-0.00470053		-49.4431
0.220925		-0.00235027		-21.2421
0.220925		0		-0.157263
0.220925		0.00235027		30.948
0.220925		0.00470053		61.0432
0.220925		0.0070508		87.9055
0.220925		0.00940107		108.503
0.220925		0.0117513		122.098
0.220925		0.0141016		212.046
0.220925		0.0164519		282.63
0.220925		0.0188021		329.68
0.220925		0.0211524		350.551
0.220925		0.0235027		344.452
0.220925		0.0258529		312.352
0.220925		0.0282032		256.895
0.220925		0.0305535		182.535
0.220925		0.0329037		94.7585
0.220925		0.035254		-0.0101833
0.223275		-0.035254		0.410041
0.223275		-0.0329037		-76.6799
0.223275		-0.0305535		-146.83
0.223275		-0.0282032		-203.743
0.223275		-0.0258529		-242.003
0.223275		-0.0235027		-257.297
0.223275		-0.0211524		-247.127
0.223275		-0.0188021		-210.701
0.223275		-0.0164519		-149.06
0.223275		-0.0141016		-64.9363
0.223275		-0.0117513		37.9597
0.223275		-0.00940107		19.8072
0.223275		-0.0070508		7.07246
0.223275		-0.00470053		5.58168
0.223275		-0.00235027		9.12696
0.223275		0		13.812
0.223275		0.00235027		15.8962
0.223275		0.00470053		16.1007
0.223275		0.0070508		13.102
0.223275		0.00940107		-0.621332
0.223275		0.0117513		-24.7047
0.223275		0.0141016		73.5273
0.223275		0.0164519		155.126
0.223275		0.0188021		215.166
0.223275		0.0211524		250.499
0.223275		0.0235027		259.861
0.223275		0.0258529		243.936
0.223275		0.0282032		205.135
0.223275		0.0305535		147.713
0.223275		0.0329037		77.0999
0.223275		0.035254		-0.410055
0.225626		-0.035254		0.76865
0.225626		-0.0329037		-60.3213
0.225626		-0.0305535		-114.635
0.225626		-0.0282032		-155.935
0.225626		-0.0258529		-178.914
0.225626		-0.0235027		-179.42
0.225626		-0.0211524		-155.2
0.225626		-0.0188021		-105.704
0.225626		-0.0164519		-32.2607
0.225626		-0.0141016		61.8674
0.225626		-0.0117513		171.567
0.225626		-0.00940107		118.808
0.225626		-0.0070508		80.0035
0.225626		-0.00470053		50.9832
0.225626		-0.00235027		28.7501
0.225626		0		18.9282
0.225626		0.00235027		3.22502
0.225626		0.00470053		-23.4965
0.225626		0.0070508		-56.0194
0.225626		0.00940107		-99.3652
0.225626		0.0117513		-160.585
0.225626		0.0141016		-53.4697
0.225626		0.0164519		38.241
0.225626		0.0188021		110.01
0.225626		0.0211524		158.435
0.225626		0.0235027		181.848
0.225626		0.0258529		180.759
0.225626		0.0282032		157.263
0.225626		0.0305535		115.505
0.225626		0.0329037		60.7449
0.225626		0.035254		-0.768661
0.227976		-0.035254		1.06638
0.227976		-0.0329037		-46.3685
0.227976		-0.0305535		-87.188
0.227976		-0.0282032		-115.184
0.227976		-0.0258529		-125.15
0.227976		-0.0235027		-113.192
0.227976		-0.0211524		-77.2399
0.227976		-0.0188021		-16.8566
0.227976		-0.0164519		66.338
0.227976		-0.0141016		168.982
0.227976		-0.0117513		285.88
0.227976		-0.00940107		208.124
0.227976		-0.0070508		147.5
0.227976		-0.00470053		95.1529
0.227976		-0.00235027		51.4541
0.227976		0		21.3945
0.227976		0.00235027		-16.9466
0.227976		0.00470053		-65.8835
0.227976		0.0070508		-117.254
0.227976		0.00940107		-182.327
0.227976		0.0117513		-271.97
0.227976		0.0141016		-160.922
0.227976		0.0164519		-61.2139
0.227976		0.0188021		20.4767
0.227976		0.0211524		79.9843
0.227976		0.0235027		115.333
0.227976		0.0258529		126.817
0.227976		0.0282032		116.409
0.227976		0.0305535		88.0145
0.227976		0.0329037		46.7858
0.227976		0.035254		-1.06638
0.230326		-0.035254		1.28775
0.230326		-0.0329037		-35.7249
0.230326		-0.0305535		-66.2254
0.230326		-0.0282032		-84.0489
0.230326		-0.0258529		-84.1585
0.230326		-0.0235027		-62.7922
0.230326		-0.0211524		-18.0141
0.230326		-0.0188021		50.4551
0.230326		-0.0164519		140.804
0.230326		-0.0141016		249.774
0.230326		-0.0117513		373.604
0.230326		-0.00940107		281.349
0.230326		-0.0070508		204.884
0.230326		-0.00470053		135.744
0.230326		-0.00235027		76.5339
0.230326		0		24.0586
0.230326		0.00235027		-32.7423
0.230326		0.00470053		-91.9139
0.230326		0.0070508		-158.352
0.230326		0.00940107		-247.327
0.230326		0.0117513		-361.673
0.230326		0.0141016		-244.995
0.230326		0.0164519		-137.935
0.230326		0.0188021		-48.1567
0.230326		0.0211524		20.0074
0.230326		0.0235027		64.5291
0.230326		0.0258529		85.5963
0.230326		0.0282032		85.1653
0.230326		0.0305535		66.997
0.230326		0.0329037		36.1095
0.230326		0.035254		-1.28773
0.232676		-0.035254		1.42273
0.232676		-0.0329037		-29.062
0.232676		-0.0305535		-53.0779
0.232676		-0.0282032		-64.5462
0.232676		-0.0258529		-58.5462
0.232676		-0.0235027		-31.2931
0.232676		-0.0211524		18.9694
0.232676		-0.0188021		92.2561
0.232676		-0.0164519		186.576
0.232676		-0.0141016		297.794
0.232676		-0.0117513		419.995
0.232676		-0.00940107		326.017
0.232676		-0.0070508		247.221
0.232676		-0.00470053		175.808
0.232676		-0.00235027		110.877
0.232676		0		44.3763
0.232676		0.00235027		-16.2699
0.232676		0.00470053		-85.1501
0.232676		0.0070508		-171.985
0.232676		0.00940107		-283.247
0.232676		0.0117513		-430.316
0.232676		0.0141016		-301.567
0.232676		0.0164519		-187.269
0.232676		0.0188021		-91.5611
0.232676		0.0211524		-17.7258
0.232676		0.0235027		32.649
0.232676		0.0258529		59.7823
0.232676		0.0282032		65.5601
0.232676		0.0305535		53.7881
0.232676		0.0329037		29.4213
0.232676		0.035254		-1.42272
0.235027		-0.035254		1.46768
0.235027		-0.0329037		-26.7995
0.235027		-0.0305535		-48.5997
0.235027		-0.0282032		-57.9154
0.235027		-0.0258529		-49.8399
0.235027		-0.0235027		-20.5758
0.235027		-0.0211524		31.546
0.235027		-0.0188021		106.403
0.235027		-0.0164519		201.897
0.235027		-0.0141016		313.162
0.235027		-0.0117513		432.066
0.235027		-0.00940107		341.797
0.235027		-0.0070508		264.262
0.235027		-0.00470053		194.204
0.235027		-0.00235027		132.234
0.235027		0		64.1171
0.235027		0.00235027		1.5206
0.235027		0.00470053		-73.9644
0.235027		0.0070508		-172.236
0.235027		0.00940107		-293.678
0.235027		0.0117513		-457.348
0.235027		0.0141016		-322.019
0.235027		0.0164519		-204.467
0.235027		0.0188021		-106.465
0.235027		0.0211524		-30.6378
0.235027		0.0235027		21.7672
0.235027		0.0258529		51.0032
0.235027		0.0282032		58.888
0.235027		0.0305535		49.2823
0.235027		0.0329037		27.152
0.235027		0.035254		-1.46769
