
##### time= 3.236646307e-06, label: 
0		-0.035254		-982.258
0		-0.0329037		-982.258
0		-0.0305535		-982.258
0		-0.0282032		-982.258
0		-0.0258529		-982.258
0		-0.0235027		-982.258
0		-0.0211524		-982.258
0		-0.0188021		-982.258
0		-0.0164519		-982.258
0		-0.0141016		-982.258
0		-0.0117513		-490.858
0		-0.00940107		0.54298
0		-0.0070508		0.543293
0		-0.00470053		0.539699
0		-0.00235027		0.536179
0		0		0.534749
0		0.00235027		0.536139
0		0.00470053		0.539652
0		0.0070508		0.543233
0		0.00940107		0.542971
0		0.0117513		-490.858
0		0.0141016		-982.258
0		0.0164519		-982.258
0		0.0188021		-982.258
0		0.0211524		-982.258
0		0.0235027		-982.258
0		0.0258529		-982.258
0		0.0282032		-982.258
0		0.0305535		-982.258
0		0.0329037		-982.258
0		0.035254		-982.258
0.00235027		-0.035254		-897.067
0.00235027		-0.0329037		-896.337
0.00235027		-0.0305535		-893.97
0.00235027		-0.0282032		-889.36
0.00235027		-0.0258529		-881.202
0.00235027		-0.0235027		-867.128
0.00235027		-0.0211524		-842.879
0.00235027		-0.0188021		-799.675
0.00235027		-0.0164519		-717.257
0.00235027		-0.0141016		-541.642
0.00235027		-0.0117513		-297.961
0.00235027		-0.00940107		-177.055
0.00235027		-0.0070508		-3.68024
0.00235027		-0.00470053		72.1712
0.00235027		-0.00235027		102.898
0.00235027		0		118.042
0.00235027		0.00235027		117.099
0.00235027		0.00470053		91.1379
0.00235027		0.0070508		31.4143
0.00235027		0.00940107		-121.655
0.00235027		0.0117513		-232.22
0.00235027		0.0141016		-547.675
0.00235027		0.0164519		-718.946
0.00235027		0.0188021		-799.719
0.00235027		0.0211524		-842.299
0.00235027		0.0235027		-866.316
0.00235027		0.0258529		-880.317
0.00235027		0.0282032		-888.471
0.00235027		0.0305535		-893.079
0.00235027		0.0329037		-895.47
0.00235027		0.035254		-896.22
0.00470053		-0.035254		-748.306
0.00470053		-0.0329037		-747.087
0.00470053		-0.0305535		-743.199
0.00470053		-0.0282032		-735.628
0.00470053		-0.0258529		-722.225
0.00470053		-0.0235027		-699.463
0.00470053		-0.0211524		-661.508
0.00470053		-0.0188021		-598.514
0.00470053		-0.0164519		-493.776
0.00470053		-0.0141016		-320.933
0.00470053		-0.0117513		-190.158
0.00470053		-0.00940107		-81.3278
0.00470053		-0.0070508		90.8713
0.00470053		-0.00470053		189.171
0.00470053		-0.00235027		234.253
0.00470053		0		252.941
0.00470053		0.00235027		250.739
0.00470053		0.00470053		216.57
0.00470053		0.0070508		145.213
0.00470053		0.00940107		3.82324
0.00470053		0.0117513		-89.6392
0.00470053		0.0141016		-325.75
0.00470053		0.0164519		-494.471
0.00470053		0.0188021		-597.566
0.00470053		0.0211524		-659.926
0.00470053		0.0235027		-697.697
0.00470053		0.0258529		-720.403
0.00470053		0.0282032		-733.807
0.00470053		0.0305535		-741.444
0.00470053		0.0329037		-745.359
0.00470053		0.035254		-746.571
0.0070508		-0.035254		-548.16
0.0070508		-0.0329037		-546.99
0.0070508		-0.0305535		-543.075
0.0070508		-0.0282032		-535.166
0.0070508		-0.0258529		-521.003
0.0070508		-0.0235027		-497.01
0.0070508		-0.0211524		-457.871
0.0070508		-0.0188021		-396.259
0.0070508		-0.0164519		-302.909
0.0070508		-0.0141016		-169.114
0.0070508		-0.0117513		39.0213
0.0070508		-0.00940107		123.571
0.0070508		-0.0070508		261.986
0.0070508		-0.00470053		352.772
0.0070508		-0.00235027		399.55
0.0070508		0		412.235
0.0070508		0.00235027		400.327
0.0070508		0.00470053		371.89
0.0070508		0.0070508		317.695
0.0070508		0.00940107		218.497
0.0070508		0.0117513		159.792
0.0070508		0.0141016		-166.224
0.0070508		0.0164519		-300.094
0.0070508		0.0188021		-393.313
0.0070508		0.0211524		-454.882
0.0070508		0.0235027		-494.087
0.0070508		0.0258529		-518.185
0.0070508		0.0282032		-532.454
0.0070508		0.0305535		-540.437
0.0070508		0.0329037		-544.392
0.0070508		0.035254		-545.582
0.00940107		-0.035254		-310.656
0.00940107		-0.0329037		-310.022
0.00940107		-0.0305535		-307.682
0.00940107		-0.0282032		-302.423
0.00940107		-0.0258529		-292.14
0.00940107		-0.0235027		-273.857
0.00940107		-0.0211524		-243.732
0.00940107		-0.0188021		-197.322
0.00940107		-0.0164519		-130.806
0.00940107		-0.0141016		-43.9207
0.00940107		-0.0117513		319.548
0.00940107		-0.00940107		376.518
0.00940107		-0.0070508		477.846
0.00940107		-0.00470053		545.978
0.00940107		-0.00235027		578.3
0.00940107		0		587.635
0.00940107		0.00235027		577.709
0.00940107		0.00470053		559.815
0.00940107		0.0070508		528.655
0.00940107		0.00940107		476.7
0.00940107		0.0117513		448.724
0.00940107		0.0141016		-35.9206
0.00940107		0.0164519		-124.679
0.00940107		0.0188021		-192.242
0.00940107		0.0211524		-239.259
0.00940107		0.0235027		-269.771
0.00940107		0.0258529		-288.311
0.00940107		0.0282032		-298.796
0.00940107		0.0305535		-304.198
0.00940107		0.0329037		-306.607
0.00940107		0.035254		-307.27
0.0117513		-0.035254		-52.1046
0.0117513		-0.0329037		-52.4226
0.0117513		-0.0305535		-53.0179
0.0117513		-0.0282032		-52.8127
0.0117513		-0.0258529		-50.1101
0.0117513		-0.0235027		-42.7397
0.0117513		-0.0211524		-28.2281
0.0117513		-0.0188021		-4.27171
0.0117513		-0.0164519		30.1626
0.0117513		-0.0141016		72.8941
0.0117513		-0.0117513		614.36
0.0117513		-0.00940107		643.457
0.0117513		-0.0070508		704.187
0.0117513		-0.00470053		750.861
0.0117513		-0.00235027		772.178
0.0117513		0		776.929
0.0117513		0.00235027		770.344
0.0117513		0.00470053		763.622
0.0117513		0.0070508		757.058
0.0117513		0.00940107		743.992
0.0117513		0.0117513		735.829
0.0117513		0.0141016		85.3666
0.0117513		0.0164519		38.77
0.0117513		0.0188021		2.49057
0.0117513		0.0211524		-22.4697
0.0117513		0.0235027		-37.5893
0.0117513		0.0258529		-45.3603
0.0117513		0.0282032		-48.3477
0.0117513		0.0305535		-48.736
0.0117513		0.0329037		-48.2409
0.0117513		0.035254		-47.9594
0.0141016		-0.035254		210.15
0.0141016		-0.0329037		208.533
0.0141016		-0.0305535		204.05
0.0141016		-0.0282032		197.564
0.0141016		-0.0258529		190.292
0.0141016		-0.0235027		183.703
0.0141016		-0.0211524		179.264
0.0141016		-0.0188021		178.066
0.0141016		-0.0164519		180.129
0.0141016		-0.0141016		183.599
0.0141016		-0.0117513		896.439
0.0141016		-0.00940107		907.482
0.0141016		-0.0070508		931.356
0.0141016		-0.00470053		952.222
0.0141016		-0.00235027		964.011
0.0141016		0		965.291
0.0141016		0.00235027		967.087
0.0141016		0.00470053		973.538
0.0141016		0.0070508		985.159
0.0141016		0.00940107		1005.92
0.0141016		0.0117513		1017.24
0.0141016		0.0141016		195.328
0.0141016		0.0164519		189.222
0.0141016		0.0188021		185.664
0.0141016		0.0211524		185.905
0.0141016		0.0235027		189.701
0.0141016		0.0258529		195.833
0.0141016		0.0282032		202.777
0.0141016		0.0305535		209.048
0.0141016		0.0329037		213.413
0.0141016		0.035254		214.996
0.0164519		-0.035254		460.707
0.0164519		-0.0329037		457.666
0.0164519		-0.0305535		448.86
0.0164519		-0.0282032		434.95
0.0164519		-0.0258529		416.709
0.0164519		-0.0235027		395.051
0.0164519		-0.0211524		370.808
0.0164519		-0.0188021		344.428
0.0164519		-0.0164519		315.71
0.0164519		-0.0141016		283.864
0.0164519		-0.0117513		1150.69
0.0164519		-0.00940107		1150.99
0.0164519		-0.0070508		1153.17
0.0164519		-0.00470053		1151.55
0.0164519		-0.00235027		1144.99
0.0164519		0		1140.18
0.0164519		0.00235027		1147.28
0.0164519		0.00470053		1165.96
0.0164519		0.0070508		1203.31
0.0164519		0.00940107		1253.94
0.0164519		0.0117513		1277.03
0.0164519		0.0141016		291.452
0.0164519		0.0164519		324.104
0.0164519		0.0188021		352.324
0.0164519		0.0211524		378.035
0.0164519		0.0235027		401.7
0.0164519		0.0258529		422.908
0.0164519		0.0282032		440.814
0.0164519		0.0305535		454.489
0.0164519		0.0329037		463.168
0.0164519		0.035254		466.176
0.0188021		-0.035254		683.364
0.0188021		-0.0329037		678.916
0.0188021		-0.0305535		665.87
0.0188021		-0.0282032		644.754
0.0188021		-0.0258529		615.989
0.0188021		-0.0235027		580.044
0.0188021		-0.0211524		537.328
0.0188021		-0.0188021		487.902
0.0188021		-0.0164519		431.303
0.0188021		-0.0141016		366.228
0.0188021		-0.0117513		1389.27
0.0188021		-0.00940107		1369.42
0.0188021		-0.0070508		1337.97
0.0188021		-0.00470053		1317.87
0.0188021		-0.00235027		1301.75
0.0188021		0		1301.64
0.0188021		0.00235027		1317.32
0.0188021		0.00470053		1338.25
0.0188021		0.0070508		1387.47
0.0188021		0.00940107		1466.59
0.0188021		0.0117513		1509.22
0.0188021		0.0141016		376.336
0.0188021		0.0164519		440.36
0.0188021		0.0188021		496.249
0.0188021		0.0211524		545.043
0.0188021		0.0235027		587.235
0.0188021		0.0258529		622.727
0.0188021		0.0282032		651.141
0.0188021		0.0305535		672.045
0.0188021		0.0329037		684.956
0.0188021		0.035254		689.357
0.0211524		-0.035254		864.86
0.0211524		-0.0329037		859.195
0.0211524		-0.0305535		842.478
0.0211524		-0.0282032		815.155
0.0211524		-0.0258529		777.388
0.0211524		-0.0235027		729.325
0.0211524		-0.0211524		671.164
0.0211524		-0.0188021		602.793
0.0211524		-0.0164519		523.767
0.0211524		-0.0141016		433.602
0.0211524		-0.0117513		1575.14
0.0211524		-0.00940107		1545.05
0.0211524		-0.0070508		1489.51
0.0211524		-0.00470053		1456.45
0.0211524		-0.00235027		1437.43
0.0211524		0		1430.23
0.0211524		0.00235027		1446.22
0.0211524		0.00470053		1476.91
0.0211524		0.0070508		1540.29
0.0211524		0.00940107		1636.68
0.0211524		0.0117513		1688.59
0.0211524		0.0141016		443.649
0.0211524		0.0164519		533.115
0.0211524		0.0188021		611.503
0.0211524		0.0211524		679.29
0.0211524		0.0235027		736.932
0.0211524		0.0258529		784.542
0.0211524		0.0282032		821.997
0.0211524		0.0305535		849.105
0.0211524		0.0329037		865.663
0.0211524		0.035254		871.278
0.0235027		-0.035254		995.042
0.0235027		-0.0329037		988.524
0.0235027		-0.0305535		969.241
0.0235027		-0.0282032		937.486
0.0235027		-0.0258529		893.195
0.0235027		-0.0235027		836.366
0.0235027		-0.0211524		767.005
0.0235027		-0.0188021		684.838
0.0235027		-0.0164519		589.443
0.0235027		-0.0141016		480.081
0.0235027		-0.0117513		1699.14
0.0235027		-0.00940107		1662.39
0.0235027		-0.0070508		1599.7
0.0235027		-0.00470053		1560.53
0.0235027		-0.00235027		1536.77
0.0235027		0		1523.12
0.0235027		0.00235027		1534.55
0.0235027		0.00470053		1577.2
0.0235027		0.0070508		1652.93
0.0235027		0.00940107		1759.67
0.0235027		0.0117513		1818.81
0.0235027		0.0141016		489.836
0.0235027		0.0164519		599.04
0.0235027		0.0188021		693.88
0.0235027		0.0211524		775.45
0.0235027		0.0235027		844.302
0.0235027		0.0258529		900.693
0.0235027		0.0282032		944.652
0.0235027		0.0305535		976.216
0.0235027		0.0329037		995.357
0.0235027		0.035254		1001.81
0.0258529		-0.035254		1065.03
0.0258529		-0.0329037		1058.14
0.0258529		-0.0305535		1037.69
0.0258529		-0.0282032		1003.79
0.0258529		-0.0258529		956.265
0.0258529		-0.0235027		894.982
0.0258529		-0.0211524		819.678
0.0258529		-0.0188021		730.077
0.0258529		-0.0164519		626.005
0.0258529		-0.0141016		507.768
0.0258529		-0.0117513		1764.17
0.0258529		-0.00940107		1722.67
0.0258529		-0.0070508		1659.49
0.0258529		-0.00470053		1615.49
0.0258529		-0.00235027		1581.9
0.0258529		0		1572.55
0.0258529		0.00235027		1588.88
0.0258529		0.00470053		1632.35
0.0258529		0.0070508		1709.43
0.0258529		0.00940107		1824.15
0.0258529		0.0117513		1890.87
0.0258529		0.0141016		518.813
0.0258529		0.0164519		636.245
0.0258529		0.0188021		739.489
0.0258529		0.0211524		828.379
0.0258529		0.0235027		903.133
0.0258529		0.0258529		963.989
0.0258529		0.0282032		1011.22
0.0258529		0.0305535		1044.93
0.0258529		0.0329037		1065.22
0.0258529		0.035254		1072.06
0.0282032		-0.035254		1071.4
0.0282032		-0.0329037		1064.65
0.0282032		-0.0305535		1044.5
0.0282032		-0.0282032		1010.97
0.0282032		-0.0258529		963.822
0.0282032		-0.0235027		902.702
0.0282032		-0.0211524		827.127
0.0282032		-0.0188021		736.732
0.0282032		-0.0164519		631.156
0.0282032		-0.0141016		509.906
0.0282032		-0.0117513		1769.29
0.0282032		-0.00940107		1726.38
0.0282032		-0.0070508		1662.6
0.0282032		-0.00470053		1623.32
0.0282032		-0.00235027		1589.62
0.0282032		0		1576.83
0.0282032		0.00235027		1598.13
0.0282032		0.00470053		1639.6
0.0282032		0.0070508		1709.91
0.0282032		0.00940107		1829.71
0.0282032		0.0117513		1901.87
0.0282032		0.0141016		523.362
0.0282032		0.0164519		642.067
0.0282032		0.0188021		746.34
0.0282032		0.0211524		835.943
0.0282032		0.0235027		910.947
0.0282032		0.0258529		971.669
0.0282032		0.0282032		1018.55
0.0282032		0.0305535		1051.89
0.0282032		0.0329037		1071.92
0.0282032		0.035254		1078.66
0.0305535		-0.035254		1013.57
0.0305535		-0.0329037		1007.48
0.0305535		-0.0305535		989.273
0.0305535		-0.0282032		958.858
0.0305535		-0.0258529		915.83
0.0305535		-0.0235027		859.64
0.0305535		-0.0211524		789.63
0.0305535		-0.0188021		705.304
0.0305535		-0.0164519		606.213
0.0305535		-0.0141016		492.295
0.0305535		-0.0117513		1710.09
0.0305535		-0.00940107		1671.91
0.0305535		-0.0070508		1611.94
0.0305535		-0.00470053		1575.69
0.0305535		-0.00235027		1546.65
0.0305535		0		1538.76
0.0305535		0.00235027		1555.68
0.0305535		0.00470053		1591.64
0.0305535		0.0070508		1663.51
0.0305535		0.00940107		1780.72
0.0305535		0.0117513		1851.78
0.0305535		0.0141016		504.991
0.0305535		0.0164519		616.598
0.0305535		0.0188021		714.587
0.0305535		0.0211524		798.274
0.0305535		0.0235027		867.823
0.0305535		0.0258529		923.697
0.0305535		0.0282032		966.501
0.0305535		0.0305535		996.742
0.0305535		0.0329037		1014.87
0.0305535		0.035254		1020.95
0.0329037		-0.035254		893.583
0.0329037		-0.0329037		888.694
0.0329037		-0.0305535		874.043
0.0329037		-0.0282032		849.382
0.0329037		-0.0258529		814.126
0.0329037		-0.0235027		767.545
0.0329037		-0.0211524		708.789
0.0329037		-0.0188021		637.066
0.0329037		-0.0164519		551.709
0.0329037		-0.0141016		452.375
0.0329037		-0.0117513		1599.48
0.0329037		-0.00940107		1566.56
0.0329037		-0.0070508		1513.24
0.0329037		-0.00470053		1476.15
0.0329037		-0.00235027		1449.49
0.0329037		0		1454.81
0.0329037		0.00235027		1480.43
0.0329037		0.00470053		1508.42
0.0329037		0.0070508		1565.85
0.0329037		0.00940107		1668.32
0.0329037		0.0117513		1730.99
0.0329037		0.0141016		460.666
0.0329037		0.0164519		560.409
0.0329037		0.0188021		645.593
0.0329037		0.0211524		717.048
0.0329037		0.0235027		775.548
0.0329037		0.0258529		821.927
0.0329037		0.0282032		857.018
0.0329037		0.0305535		881.551
0.0329037		0.0329037		896.135
0.0329037		0.035254		901.003
0.035254		-0.035254		718.982
0.035254		-0.0329037		715.725
0.035254		-0.0305535		705.973
0.035254		-0.0282032		689.365
0.035254		-0.0258529		665.084
0.035254		-0.0235027		632.19
0.035254		-0.0211524		589.637
0.035254		-0.0188021		536.307
0.035254		-0.0164519		471.14
0.035254		-0.0141016		393.099
0.035254		-0.0117513		1425.36
0.035254		-0.00940107		1404.58
0.035254		-0.0070508		1367.33
0.035254		-0.00470053		1336.94
0.035254		-0.00235027		1322.59
0.035254		0		1330.41
0.035254		0.00235027		1344.8
0.035254		0.00470053		1375.44
0.035254		0.0070508		1429.16
0.035254		0.00940107		1509.29
0.035254		0.0117513		1560.19
0.035254		0.0141016		399.719
0.035254		0.0164519		478.695
0.035254		0.0188021		544.159
0.035254		0.0211524		597.524
0.035254		0.0235027		639.969
0.035254		0.0258529		672.755
0.035254		0.0282032		696.943
0.035254		0.0305535		713.468
0.035254		0.0329037		723.169
0.035254		0.035254		726.405
0.0376043		-0.035254		498.229
0.0376043		-0.0329037		497.052
0.0376043		-0.0305535		493.431
0.0376043		-0.0282032		486.854
0.0376043		-0.0258529		476.3
0.0376043		-0.0235027		460.628
0.0376043		-0.0211524		438.488
0.0376043		-0.0188021		408.425
0.0376043		-0.0164519		369.193
0.0376043		-0.0141016		320.101
0.0376043		-0.0117513		1205.63
0.0376043		-0.00940107		1202.37
0.0376043		-0.0070508		1184.28
0.0376043		-0.00470053		1163.54
0.0376043		-0.00235027		1159.56
0.0376043		0		1164.8
0.0376043		0.00235027		1174.52
0.0376043		0.00470053		1200.96
0.0376043		0.0070508		1241.36
0.0376043		0.00940107		1304.08
0.0376043		0.0117513		1346.42
0.0376043		0.0141016		326.441
0.0376043		0.0164519		376.268
0.0376043		0.0188021		415.877
0.0376043		0.0211524		446.084
0.0376043		0.0235027		468.234
0.0376043		0.0258529		483.86
0.0376043		0.0282032		494.341
0.0376043		0.0305535		500.877
0.0376043		0.0329037		504.463
0.0376043		0.035254		505.617
0.0399545		-0.035254		242.802
0.0399545		-0.0329037		244.037
0.0399545		-0.0305535		247.479
0.0399545		-0.0282032		252.384
0.0399545		-0.0258529		257.606
0.0399545		-0.0235027		261.692
0.0399545		-0.0211524		262.955
0.0399545		-0.0188021		259.617
0.0399545		-0.0164519		249.915
0.0399545		-0.0141016		232.141
0.0399545		-0.0117513		956.654
0.0399545		-0.00940107		962.977
0.0399545		-0.0070508		968.026
0.0399545		-0.00470053		969.992
0.0399545		-0.00235027		969.599
0.0399545		0		970.308
0.0399545		0.00235027		978.975
0.0399545		0.00470053		991.153
0.0399545		0.0070508		1018.96
0.0399545		0.00940107		1071.08
0.0399545		0.0117513		1103.26
0.0399545		0.0141016		238.798
0.0399545		0.0164519		256.896
0.0399545		0.0188021		266.899
0.0399545		0.0211524		270.381
0.0399545		0.0235027		269.166
0.0399545		0.0258529		265.067
0.0399545		0.0282032		259.802
0.0399545		0.0305535		254.858
0.0399545		0.0329037		251.387
0.0399545		0.035254		250.142
0.0423048		-0.035254		-32.1822
0.0423048		-0.0329037		-28.4525
0.0423048		-0.0305535		-17.5719
0.0423048		-0.0282032		-0.440897
0.0423048		-0.0258529		21.5806
0.0423048		-0.0235027		46.7494
0.0423048		-0.0211524		73.0451
0.0423048		-0.0188021		98.3265
0.0423048		-0.0164519		120.513
0.0423048		-0.0141016		138.001
0.0423048		-0.0117513		686.127
0.0423048		-0.00940107		703.135
0.0423048		-0.0070508		731.526
0.0423048		-0.00470053		750.528
0.0423048		-0.00235027		752.648
0.0423048		0		755.19
0.0423048		0.00235027		765.275
0.0423048		0.00470053		772.154
0.0423048		0.0070508		786.893
0.0423048		0.00940107		808.609
0.0423048		0.0117513		820.422
0.0423048		0.0141016		143.706
0.0423048		0.0164519		127.415
0.0423048		0.0188021		105.594
0.0423048		0.0211524		80.4172
0.0423048		0.0235027		54.1458
0.0423048		0.0258529		28.9554
0.0423048		0.0282032		6.89394
0.0423048		0.0305535		-10.2686
0.0423048		0.0329037		-21.1743
0.0423048		0.035254		-24.9113
0.0446551		-0.035254		-312.771
0.0446551		-0.0329037		-306.508
0.0446551		-0.0305535		-288.13
0.0446551		-0.0282032		-258.688
0.0446551		-0.0258529		-219.71
0.0446551		-0.0235027		-173.162
0.0446551		-0.0211524		-121.421
0.0446551		-0.0188021		-67.1485
0.0446551		-0.0164519		-13.1088
0.0446551		-0.0141016		37.7966
0.0446551		-0.0117513		406.633
0.0446551		-0.00940107		435.075
0.0446551		-0.0070508		488.24
0.0446551		-0.00470053		518.517
0.0446551		-0.00235027		528.298
0.0446551		0		542.28
0.0446551		0.00235027		549.712
0.0446551		0.00470053		539.777
0.0446551		0.0070508		538.019
0.0446551		0.00940107		531.764
0.0446551		0.0117513		519.654
0.0446551		0.0141016		45.8017
0.0446551		0.0164519		-5.46534
0.0446551		0.0188021		-59.6617
0.0446551		0.0211524		-114.019
0.0446551		0.0235027		-165.812
0.0446551		0.0258529		-212.398
0.0446551		0.0282032		-251.425
0.0446551		0.0305535		-280.907
0.0446551		0.0329037		-299.303
0.0446551		0.035254		-305.574
0.0470053		-0.035254		-582.979
0.0470053		-0.0329037		-574.324
0.0470053		-0.0305535		-548.87
0.0470053		-0.0282032		-507.76
0.0470053		-0.0258529		-452.654
0.0470053		-0.0235027		-385.785
0.0470053		-0.0211524		-309.809
0.0470053		-0.0188021		-227.744
0.0470053		-0.0164519		-142.842
0.0470053		-0.0141016		-58.6732
0.0470053		-0.0117513		120.271
0.0470053		-0.00940107		165.599
0.0470053		-0.0070508		244.317
0.0470053		-0.00470053		285.051
0.0470053		-0.00235027		305.01
0.0470053		0		328.03
0.0470053		0.00235027		331.073
0.0470053		0.00470053		308.735
0.0470053		0.0070508		289.778
0.0470053		0.00940107		260.752
0.0470053		0.0117513		235.705
0.0470053		0.0141016		-48.8746
0.0470053		0.0164519		-134.643
0.0470053		0.0188021		-220.093
0.0470053		0.0211524		-302.397
0.0470053		0.0235027		-378.474
0.0470053		0.0258529		-445.415
0.0470053		0.0282032		-500.592
0.0470053		0.0305535		-541.742
0.0470053		0.0329037		-567.218
0.0470053		0.035254		-575.885
0.0493556		-0.035254		-828.096
0.0493556		-0.0329037		-817.31
0.0493556		-0.0305535		-785.548
0.0493556		-0.0282032		-734.058
0.0493556		-0.0258529		-664.583
0.0493556		-0.0235027		-579.577
0.0493556		-0.0211524		-481.939
0.0493556		-0.0188021		-374.861
0.0493556		-0.0164519		-261.688
0.0493556		-0.0141016		-145.478
0.0493556		-0.0117513		-149.379
0.0493556		-0.00940107		-91.5789
0.0493556		-0.0070508		10.5412
0.0493556		-0.00470053		70.564
0.0493556		-0.00235027		98.2194
0.0493556		0		113.486
0.0493556		0.00235027		115.843
0.0493556		0.00470053		92.4015
0.0493556		0.0070508		53.2169
0.0493556		0.00940107		3.83666
0.0493556		0.0117513		-28.8454
0.0493556		0.0141016		-138.178
0.0493556		0.0164519		-254.012
0.0493556		0.0188021		-367.355
0.0493556		0.0211524		-474.614
0.0493556		0.0235027		-572.375
0.0493556		0.0258529		-657.451
0.0493556		0.0282032		-726.969
0.0493556		0.0305535		-778.51
0.0493556		0.0329037		-810.324
0.0493556		0.035254		-821.133
0.0517059		-0.035254		-1035.87
0.0517059		-0.0329037		-1023.37
0.0517059		-0.0305535		-986.387
0.0517059		-0.0282032		-926.287
0.0517059		-0.0258529		-844.986
0.0517059		-0.0235027		-745.01
0.0517059		-0.0211524		-629.372
0.0517059		-0.0188021		-501.52
0.0517059		-0.0164519		-365.131
0.0517059		-0.0141016		-223.806
0.0517059		-0.0117513		-390.794
0.0517059		-0.00940107		-324.559
0.0517059		-0.0070508		-205.24
0.0517059		-0.00470053		-127.263
0.0517059		-0.00235027		-86.9285
0.0517059		0		-70.0265
0.0517059		0.00235027		-76.6071
0.0517059		0.00470053		-106.126
0.0517059		0.0070508		-159.467
0.0517059		0.00940107		-230.202
0.0517059		0.0117513		-269.073
0.0517059		0.0141016		-215.85
0.0517059		0.0164519		-357.459
0.0517059		0.0188021		-494.146
0.0517059		0.0211524		-622.176
0.0517059		0.0235027		-737.953
0.0517059		0.0258529		-838.008
0.0517059		0.0282032		-919.319
0.0517059		0.0305535		-979.44
0.0517059		0.0329037		-1016.5
0.0517059		0.035254		-1029.06
0.0540561		-0.035254		-1193.15
0.0540561		-0.0329037		-1179.42
0.0540561		-0.0305535		-1138.77
0.0540561		-0.0282032		-1072.6
0.0540561		-0.0258529		-982.881
0.0540561		-0.0235027		-872.213
0.0540561		-0.0211524		-743.642
0.0540561		-0.0188021		-600.697
0.0540561		-0.0164519		-447.28
0.0540561		-0.0141016		-287.533
0.0540561		-0.0117513		-588.457
0.0540561		-0.00940107		-521.628
0.0540561		-0.0070508		-391.971
0.0540561		-0.00470053		-298.57
0.0540561		-0.00235027		-246.119
0.0540561		0		-227.039
0.0540561		0.00235027		-244.005
0.0540561		0.00470053		-281.365
0.0540561		0.0070508		-342.222
0.0540561		0.00940107		-421.973
0.0540561		0.0117513		-464.061
0.0540561		0.0141016		-278.048
0.0540561		0.0164519		-439.587
0.0540561		0.0188021		-593.546
0.0540561		0.0211524		-736.664
0.0540561		0.0235027		-865.323
0.0540561		0.0258529		-976.074
0.0540561		0.0282032		-1065.8
0.0540561		0.0305535		-1131.98
0.0540561		0.0329037		-1172.66
0.0540561		0.035254		-1186.41
0.0564064		-0.035254		-1291.24
0.0564064		-0.0329037		-1276.82
0.0564064		-0.0305535		-1234.27
0.0564064		-0.0282032		-1164.98
0.0564064		-0.0258529		-1070.81
0.0564064		-0.0235027		-954.354
0.0564064		-0.0211524		-818.591
0.0564064		-0.0188021		-667.005
0.0564064		-0.0164519		-503.458
0.0564064		-0.0141016		-331.949
0.0564064		-0.0117513		-745.952
0.0564064		-0.00940107		-674.903
0.0564064		-0.0070508		-536.88
0.0564064		-0.00470053		-435.778
0.0564064		-0.00235027		-376.037
0.0564064		0		-356.828
0.0564064		0.00235027		-376.502
0.0564064		0.00470053		-417.252
0.0564064		0.0070508		-482.746
0.0564064		0.00940107		-567.511
0.0564064		0.0117513		-614.261
0.0564064		0.0141016		-326.125
0.0564064		0.0164519		-496.997
0.0564064		0.0188021		-660.43
0.0564064		0.0211524		-811.944
0.0564064		0.0235027		-947.658
0.0564064		0.0258529		-1064.19
0.0564064		0.0282032		-1158.37
0.0564064		0.0305535		-1227.63
0.0564064		0.0329037		-1270.19
0.0564064		0.035254		-1284.61
0.0587567		-0.035254		-1324.94
0.0587567		-0.0329037		-1310.54
0.0587567		-0.0305535		-1268.01
0.0587567		-0.0282032		-1198.67
0.0587567		-0.0258529		-1104.26
0.0587567		-0.0235027		-987.258
0.0587567		-0.0211524		-850.476
0.0587567		-0.0188021		-697.279
0.0587567		-0.0164519		-531.405
0.0587567		-0.0141016		-356.813
0.0587567		-0.0117513		-854.572
0.0587567		-0.00940107		-773.984
0.0587567		-0.0070508		-625.376
0.0587567		-0.00470053		-525.908
0.0587567		-0.00235027		-476.076
0.0587567		0		-457.503
0.0587567		0.00235027		-474.9
0.0587567		0.00470053		-517.792
0.0587567		0.0070508		-584.003
0.0587567		0.00940107		-669.27
0.0587567		0.0117513		-713.633
0.0587567		0.0141016		-351.583
0.0587567		0.0164519		-525.649
0.0587567		0.0188021		-691.194
0.0587567		0.0211524		-844.158
0.0587567		0.0235027		-980.808
0.0587567		0.0258529		-1097.82
0.0587567		0.0282032		-1192.19
0.0587567		0.0305535		-1261.51
0.0587567		0.0329037		-1304.04
0.0587567		0.035254		-1318.41
0.0611069		-0.035254		-1290.8
0.0611069		-0.0329037		-1277.12
0.0611069		-0.0305535		-1236.64
0.0611069		-0.0282032		-1170.51
0.0611069		-0.0258529		-1080.33
0.0611069		-0.0235027		-968.341
0.0611069		-0.0211524		-837.192
0.0611069		-0.0188021		-689.906
0.0611069		-0.0164519		-529.786
0.0611069		-0.0141016		-359.942
0.0611069		-0.0117513		-900.448
0.0611069		-0.00940107		-823.043
0.0611069		-0.0070508		-682.436
0.0611069		-0.00470053		-582.296
0.0611069		-0.00235027		-530.072
0.0611069		0		-517.983
0.0611069		0.00235027		-536.333
0.0611069		0.00470053		-575.618
0.0611069		0.0070508		-634.146
0.0611069		0.00940107		-715.608
0.0611069		0.0117513		-762.675
0.0611069		0.0141016		-356.144
0.0611069		0.0164519		-524.557
0.0611069		0.0188021		-684.133
0.0611069		0.0211524		-831.138
0.0611069		0.0235027		-962.099
0.0611069		0.0258529		-1074.01
0.0611069		0.0282032		-1164.14
0.0611069		0.0305535		-1230.26
0.0611069		0.0329037		-1270.75
0.0611069		0.035254		-1284.41
0.0634572		-0.035254		-1191.18
0.0634572		-0.0329037		-1178.83
0.0634572		-0.0305535		-1142.24
0.0634572		-0.0282032		-1082.43
0.0634572		-0.0258529		-1000.78
0.0634572		-0.0235027		-899.222
0.0634572		-0.0211524		-780.014
0.0634572		-0.0188021		-645.881
0.0634572		-0.0164519		-499.923
0.0634572		-0.0141016		-345.611
0.0634572		-0.0117513		-890.123
0.0634572		-0.00940107		-818.28
0.0634572		-0.0070508		-691.456
0.0634572		-0.00470053		-599.577
0.0634572		-0.00235027		-550.523
0.0634572		0		-537.63
0.0634572		0.00235027		-552.366
0.0634572		0.00470053		-588.279
0.0634572		0.0070508		-640.977
0.0634572		0.00940107		-715.894
0.0634572		0.0117513		-758.554
0.0634572		0.0141016		-339.81
0.0634572		0.0164519		-494.372
0.0634572		0.0188021		-640.152
0.0634572		0.0211524		-774.068
0.0634572		0.0235027		-893.109
0.0634572		0.0258529		-994.583
0.0634572		0.0282032		-1076.18
0.0634572		0.0305535		-1135.96
0.0634572		0.0329037		-1172.56
0.0634572		0.035254		-1184.93
0.0658075		-0.035254		-1030.24
0.0658075		-0.0329037		-1019.82
0.0658075		-0.0305535		-988.92
0.0658075		-0.0282032		-938.386
0.0658075		-0.0258529		-869.256
0.0658075		-0.0235027		-783.039
0.0658075		-0.0211524		-681.699
0.0658075		-0.0188021		-567.356
0.0658075		-0.0164519		-442.474
0.0658075		-0.0141016		-309.658
0.0658075		-0.0117513		-834.62
0.0658075		-0.00940107		-771.574
0.0658075		-0.0070508		-662.803
0.0658075		-0.00470053		-580.689
0.0658075		-0.00235027		-533.051
0.0658075		0		-521.524
0.0658075		0.00235027		-528.614
0.0658075		0.00470053		-554.43
0.0658075		0.0070508		-601.501
0.0658075		0.00940107		-669.346
0.0658075		0.0117513		-708.567
0.0658075		0.0141016		-304.698
0.0658075		0.0164519		-437.04
0.0658075		0.0188021		-561.666
0.0658075		0.0211524		-675.82
0.0658075		0.0235027		-777.036
0.0658075		0.0258529		-863.14
0.0658075		0.0282032		-932.218
0.0658075		0.0305535		-982.723
0.0658075		0.0329037		-1013.63
0.0658075		0.035254		-1024.07
0.0681577		-0.035254		-814.939
0.0681577		-0.0329037		-806.982
0.0681577		-0.0305535		-783.365
0.0681577		-0.0282032		-744.638
0.0681577		-0.0258529		-691.596
0.0681577		-0.0235027		-625.306
0.0681577		-0.0211524		-547.04
0.0681577		-0.0188021		-458.381
0.0681577		-0.0164519		-361.134
0.0681577		-0.0141016		-257.478
0.0681577		-0.0117513		-734.718
0.0681577		-0.00940107		-682.506
0.0681577		-0.0070508		-588.802
0.0681577		-0.00470053		-519.292
0.0681577		-0.00235027		-478.643
0.0681577		0		-467.682
0.0681577		0.00235027		-482.324
0.0681577		0.00470053		-504.17
0.0681577		0.0070508		-530.852
0.0681577		0.00940107		-576.612
0.0681577		0.0117513		-604.565
0.0681577		0.0141016		-252.412
0.0681577		0.0164519		-355.614
0.0681577		0.0188021		-452.647
0.0681577		0.0211524		-541.175
0.0681577		0.0235027		-619.333
0.0681577		0.0258529		-685.564
0.0681577		0.0282032		-738.554
0.0681577		0.0305535		-777.238
0.0681577		0.0329037		-800.837
0.0681577		0.035254		-808.783
0.070508		-0.035254		-557.243
0.070508		-0.0329037		-552.157
0.070508		-0.0305535		-537.024
0.070508		-0.0282032		-512.145
0.070508		-0.0258529		-477.899
0.070508		-0.0235027		-434.838
0.070508		-0.0211524		-383.713
0.070508		-0.0188021		-325.282
0.070508		-0.0164519		-260.401
0.070508		-0.0141016		-189.822
0.070508		-0.0117513		-609.874
0.070508		-0.00940107		-561.443
0.070508		-0.0070508		-483.895
0.070508		-0.00470053		-429.457
0.070508		-0.00235027		-396.825
0.070508		0		-392.145
0.070508		0.00235027		-406.372
0.070508		0.00470053		-421.014
0.070508		0.0070508		-429.741
0.070508		0.00940107		-453.62
0.070508		0.0117513		-471.816
0.070508		0.0141016		-183.66
0.070508		0.0164519		-254.573
0.070508		0.0188021		-319.419
0.070508		0.0211524		-377.828
0.070508		0.0235027		-428.944
0.070508		0.0258529		-471.88
0.070508		0.0282032		-506.061
0.070508		0.0305535		-530.97
0.070508		0.0329037		-546.079
0.070508		0.035254		-551.132
0.0728583		-0.035254		-269.307
0.0728583		-0.0329037		-267.378
0.0728583		-0.0305535		-261.613
0.0728583		-0.0282032		-251.983
0.0728583		-0.0258529		-238.508
0.0728583		-0.0235027		-221.17
0.0728583		-0.0211524		-199.949
0.0728583		-0.0188021		-174.997
0.0728583		-0.0164519		-146.491
0.0728583		-0.0141016		-114.893
0.0728583		-0.0117513		-440.872
0.0728583		-0.00940107		-409.755
0.0728583		-0.0070508		-360.026
0.0728583		-0.00470053		-332.337
0.0728583		-0.00235027		-309.678
0.0728583		0		-298.74
0.0728583		0.00235027		-304.781
0.0728583		0.00470053		-308.761
0.0728583		0.0070508		-302.83
0.0728583		0.00940107		-300.959
0.0728583		0.0117513		-305.599
0.0728583		0.0141016		-108.951
0.0728583		0.0164519		-140.664
0.0728583		0.0188021		-169.144
0.0728583		0.0211524		-194.039
0.0728583		0.0235027		-215.198
0.0728583		0.0258529		-232.523
0.0728583		0.0282032		-245.972
0.0728583		0.0305535		-255.572
0.0728583		0.0329037		-261.342
0.0728583		0.035254		-263.255
0.0752085		-0.035254		34.2543
0.0752085		-0.0329037		32.882
0.0752085		-0.0305535		28.8651
0.0752085		-0.0282032		22.4837
0.0752085		-0.0258529		14.2027
0.0752085		-0.0235027		4.59489
0.0752085		-0.0211524		-5.66221
0.0752085		-0.0188021		-15.8652
0.0752085		-0.0164519		-25.3077
0.0752085		-0.0141016		-33.1743
0.0752085		-0.0117513		-262.761
0.0752085		-0.00940107		-248.77
0.0752085		-0.0070508		-225.302
0.0752085		-0.00470053		-216.944
0.0752085		-0.00235027		-210.075
0.0752085		0		-200.483
0.0752085		0.00235027		-194.495
0.0752085		0.00470053		-183.085
0.0752085		0.0070508		-161.845
0.0752085		0.00940107		-136.869
0.0752085		0.0117513		-126.105
0.0752085		0.0141016		-28.0857
0.0752085		0.0164519		-19.6078
0.0752085		0.0188021		-9.99449
0.0752085		0.0211524		0.270769
0.0752085		0.0235027		10.5708
0.0752085		0.0258529		20.1853
0.0752085		0.0282032		28.4716
0.0752085		0.0305535		34.8605
0.0752085		0.0329037		38.8847
0.0752085		0.035254		40.263
0.0775588		-0.035254		337.206
0.0775588		-0.0329037		332.526
0.0775588		-0.0305535		318.772
0.0775588		-0.0282032		296.536
0.0775588		-0.0258529		266.641
0.0775588		-0.0235027		230.211
0.0775588		-0.0211524		188.571
0.0775588		-0.0188021		143.203
0.0775588		-0.0164519		95.7286
0.0775588		-0.0141016		48.0287
0.0775588		-0.0117513		-85.4054
0.0775588		-0.00940107		-86.3001
0.0775588		-0.0070508		-88.9822
0.0775588		-0.00470053		-95.1932
0.0775588		-0.00235027		-98.3668
0.0775588		0		-93.085
0.0775588		0.00235027		-81.273
0.0775588		0.00470053		-60.3722
0.0775588		0.0070508		-28.1835
0.0775588		0.00940107		22.2496
0.0775588		0.0117513		53.6148
0.0775588		0.0141016		53.5854
0.0775588		0.0164519		101.649
0.0775588		0.0188021		149.193
0.0775588		0.0211524		194.585
0.0775588		0.0235027		236.21
0.0775588		0.0258529		272.628
0.0775588		0.0282032		302.5
0.0775588		0.0305535		324.742
0.0775588		0.0329037		338.518
0.0775588		0.035254		343.192
0.0799091		-0.035254		625.289
0.0799091		-0.0329037		617.469
0.0799091		-0.0305535		594.431
0.0799091		-0.0282032		557.045
0.0799091		-0.0258529		506.551
0.0799091		-0.0235027		444.59
0.0799091		-0.0211524		373.004
0.0799091		-0.0188021		294.017
0.0799091		-0.0164519		209.978
0.0799091		-0.0141016		122.866
0.0799091		-0.0117513		88.7532
0.0799091		-0.00940107		72.2368
0.0799091		-0.0070508		43.5825
0.0799091		-0.00470053		24.5297
0.0799091		-0.00235027		6.63539
0.0799091		0		1.75164
0.0799091		0.00235027		15.7314
0.0799091		0.00470053		45.7488
0.0799091		0.0070508		98.4672
0.0799091		0.00940107		176.921
0.0799091		0.0117513		224.79
0.0799091		0.0141016		130.561
0.0799091		0.0164519		216.543
0.0799091		0.0188021		300.231
0.0799091		0.0211524		379.049
0.0799091		0.0235027		450.569
0.0799091		0.0258529		512.544
0.0799091		0.0282032		563.018
0.0799091		0.0305535		600.377
0.0799091		0.0329037		623.415
0.0799091		0.035254		631.233
0.0822593		-0.035254		883.116
0.0822593		-0.0329037		872.431
0.0822593		-0.0305535		840.992
0.0822593		-0.0282032		789.951
0.0822593		-0.0258529		720.845
0.0822593		-0.0235027		635.829
0.0822593		-0.0211524		537.39
0.0822593		-0.0188021		428.362
0.0822593		-0.0164519		311.839
0.0822593		-0.0141016		191.051
0.0822593		-0.0117513		241.573
0.0822593		-0.00940107		212.334
0.0822593		-0.0070508		157.374
0.0822593		-0.00470053		114.22
0.0822593		-0.00235027		90.3577
0.0822593		0		84.7684
0.0822593		0.00235027		95.9526
0.0822593		0.00470053		139.09
0.0822593		0.0070508		213.097
0.0822593		0.00940107		311.774
0.0822593		0.0117513		369.236
0.0822593		0.0141016		198.166
0.0822593		0.0164519		318.308
0.0822593		0.0188021		434.519
0.0822593		0.0211524		543.418
0.0822593		0.0235027		641.811
0.0822593		0.0258529		726.798
0.0822593		0.0282032		795.875
0.0822593		0.0305535		846.922
0.0822593		0.0329037		878.367
0.0822593		0.035254		889.02
0.0846096		-0.035254		1097.6
0.0846096		-0.0329037		1084.5
0.0846096		-0.0305535		1045.98
0.0846096		-0.0282032		983.444
0.0846096		-0.0258529		898.661
0.0846096		-0.0235027		794.234
0.0846096		-0.0211524		673.204
0.0846096		-0.0188021		538.981
0.0846096		-0.0164519		395.225
0.0846096		-0.0141016		245.69
0.0846096		-0.0117513		359.708
0.0846096		-0.00940107		316.315
0.0846096		-0.0070508		238.757
0.0846096		-0.00470053		182.332
0.0846096		-0.00235027		152.568
0.0846096		0		142.421
0.0846096		0.00235027		160.445
0.0846096		0.00470053		213.663
0.0846096		0.0070508		297.5
0.0846096		0.00940107		416.784
0.0846096		0.0117513		484.781
0.0846096		0.0141016		251.383
0.0846096		0.0164519		401.149
0.0846096		0.0188021		544.961
0.0846096		0.0211524		679.167
0.0846096		0.0235027		800.151
0.0846096		0.0258529		904.569
0.0846096		0.0282032		989.346
0.0846096		0.0305535		1051.9
0.0846096		0.0329037		1090.4
0.0846096		0.035254		1103.46
0.0869599		-0.035254		1258.96
0.0869599		-0.0329037		1244.02
0.0869599		-0.0305535		1200
0.0869599		-0.0282032		1128.53
0.0869599		-0.0258529		1031.64
0.0869599		-0.0235027		912.197
0.0869599		-0.0211524		773.767
0.0869599		-0.0188021		620.205
0.0869599		-0.0164519		455.662
0.0869599		-0.0141016		284.656
0.0869599		-0.0117513		422.715
0.0869599		-0.00940107		372.159
0.0869599		-0.0070508		285.595
0.0869599		-0.00470053		228.555
0.0869599		-0.00235027		189.221
0.0869599		0		169.589
0.0869599		0.00235027		198.948
0.0869599		0.00470053		262.293
0.0869599		0.0070508		348.341
0.0869599		0.00940107		477.219
0.0869599		0.0117513		552.704
0.0869599		0.0141016		289.23
0.0869599		0.0164519		461.271
0.0869599		0.0188021		626.016
0.0869599		0.0211524		779.648
0.0869599		0.0235027		918.077
0.0869599		0.0258529		1037.47
0.0869599		0.0282032		1134.39
0.0869599		0.0305535		1205.92
0.0869599		0.0329037		1249.9
0.0869599		0.035254		1264.79
0.0893101		-0.035254		1357.98
0.0893101		-0.0329037		1341.81
0.0893101		-0.0305535		1294.16
0.0893101		-0.0282032		1216.81
0.0893101		-0.0258529		1111.96
0.0893101		-0.0235027		982.715
0.0893101		-0.0211524		832.975
0.0893101		-0.0188021		666.978
0.0893101		-0.0164519		489.128
0.0893101		-0.0141016		303.798
0.0893101		-0.0117513		457.208
0.0893101		-0.00940107		398.443
0.0893101		-0.0070508		296.544
0.0893101		-0.00470053		229.124
0.0893101		-0.00235027		183.487
0.0893101		0		170.434
0.0893101		0.00235027		202.918
0.0893101		0.00470053		264.211
0.0893101		0.0070508		355.924
0.0893101		0.00940107		488.831
0.0893101		0.0117513		567.131
0.0893101		0.0141016		311.249
0.0893101		0.0164519		495.28
0.0893101		0.0188021		672.835
0.0893101		0.0211524		838.798
0.0893101		0.0235027		988.521
0.0893101		0.0258529		1117.74
0.0893101		0.0282032		1222.62
0.0893101		0.0305535		1300.03
0.0893101		0.0329037		1347.67
0.0893101		0.035254		1363.81
0.0916604		-0.035254		1390.25
0.0916604		-0.0329037		1373.61
0.0916604		-0.0305535		1324.41
0.0916604		-0.0282032		1244.41
0.0916604		-0.0258529		1136.03
0.0916604		-0.0235027		1002.6
0.0916604		-0.0211524		848.181
0.0916604		-0.0188021		677.23
0.0916604		-0.0164519		494.508
0.0916604		-0.0141016		304.683
0.0916604		-0.0117513		437.191
0.0916604		-0.00940107		373.076
0.0916604		-0.0070508		264.878
0.0916604		-0.00470053		188.764
0.0916604		-0.00235027		140.664
0.0916604		0		137.208
0.0916604		0.00235027		166.328
0.0916604		0.00470053		223.242
0.0916604		0.0070508		322.495
0.0916604		0.00940107		460.816
0.0916604		0.0117513		540.289
0.0916604		0.0141016		311.164
0.0916604		0.0164519		500.211
0.0916604		0.0188021		682.839
0.0916604		0.0211524		853.856
0.0916604		0.0235027		1008.34
0.0916604		0.0258529		1141.79
0.0916604		0.0282032		1250.2
0.0916604		0.0305535		1330.24
0.0916604		0.0329037		1379.44
0.0916604		0.035254		1396.09
0.0940107		-0.035254		1355.08
0.0940107		-0.0329037		1338.54
0.0940107		-0.0305535		1289.74
0.0940107		-0.0282032		1210.4
0.0940107		-0.0258529		1103.01
0.0940107		-0.0235027		971.03
0.0940107		-0.0211524		818.538
0.0940107		-0.0188021		650.212
0.0940107		-0.0164519		471.139
0.0940107		-0.0141016		286.912
0.0940107		-0.0117513		349.321
0.0940107		-0.00940107		288.913
0.0940107		-0.0070508		185.465
0.0940107		-0.00470053		112.073
0.0940107		-0.00235027		73.867
0.0940107		0		70.9318
0.0940107		0.00235027		89.2419
0.0940107		0.00470053		144.24
0.0940107		0.0070508		247.957
0.0940107		0.00940107		387.783
0.0940107		0.0117513		465.497
0.0940107		0.0141016		289.369
0.0940107		0.0164519		475.725
0.0940107		0.0188021		655.445
0.0940107		0.0211524		824.048
0.0940107		0.0235027		976.671
0.0940107		0.0258529		1108.75
0.0940107		0.0282032		1216.18
0.0940107		0.0305535		1295.56
0.0940107		0.0329037		1344.4
0.0940107		0.035254		1360.89
0.096361		-0.035254		1253.87
0.096361		-0.0329037		1238.14
0.096361		-0.0305535		1191.67
0.096361		-0.0282032		1116.19
0.096361		-0.0258529		1014.23
0.096361		-0.0235027		889.176
0.096361		-0.0211524		745.092
0.096361		-0.0188021		586.59
0.096361		-0.0164519		418.623
0.096361		-0.0141016		246.247
0.096361		-0.0117513		212.403
0.096361		-0.00940107		156.948
0.096361		-0.0070508		71.8179
0.096361		-0.00470053		15.2388
0.096361		-0.00235027		-26.6817
0.096361		0		-39.0179
0.096361		0.00235027		-23.9744
0.096361		0.00470053		26.1573
0.096361		0.0070508		126.342
0.096361		0.00940107		264.554
0.096361		0.0117513		340.35
0.096361		0.0141016		251.353
0.096361		0.0164519		423.567
0.096361		0.0188021		591.844
0.096361		0.0211524		750.576
0.096361		0.0235027		894.805
0.096361		0.0258529		1019.97
0.096361		0.0282032		1121.99
0.096361		0.0305535		1197.49
0.096361		0.0329037		1243.99
0.096361		0.035254		1259.72
0.0987112		-0.035254		1093.7
0.0987112		-0.0329037		1079.36
0.0987112		-0.0305535		1037.01
0.0987112		-0.0282032		968.313
0.0987112		-0.0258529		875.716
0.0987112		-0.0235027		762.511
0.0987112		-0.0211524		632.581
0.0987112		-0.0188021		490.271
0.0987112		-0.0164519		340.38
0.0987112		-0.0141016		188.049
0.0987112		-0.0117513		35.861
0.0987112		-0.00940107		-10.1668
0.0987112		-0.0070508		-80.4819
0.0987112		-0.00470053		-128.373
0.0987112		-0.00235027		-163.932
0.0987112		0		-175.38
0.0987112		0.00235027		-165.003
0.0987112		0.00470053		-119.411
0.0987112		0.0070508		-28.2862
0.0987112		0.00940107		103.862
0.0987112		0.0117513		180.609
0.0987112		0.0141016		191.289
0.0987112		0.0164519		345.205
0.0987112		0.0188021		495.585
0.0987112		0.0211524		638.116
0.0987112		0.0235027		768.204
0.0987112		0.0258529		881.505
0.0987112		0.0282032		974.115
0.0987112		0.0305535		1042.86
0.0987112		0.0329037		1085.24
0.0987112		0.035254		1099.56
0.101061		-0.035254		882.74
0.101061		-0.0329037		870.276
0.101061		-0.0305535		833.558
0.101061		-0.0282032		774.164
0.101061		-0.0258529		694.347
0.101061		-0.0235027		597.184
0.101061		-0.0211524		486.342
0.101061		-0.0188021		365.809
0.101061		-0.0164519		239.828
0.101061		-0.0141016		112.358
0.101061		-0.0117513		-169.866
0.101061		-0.00940107		-205.884
0.101061		-0.0070508		-262.935
0.101061		-0.00470053		-300.718
0.101061		-0.00235027		-326.233
0.101061		0		-337.846
0.101061		0.00235027		-326.627
0.101061		0.00470053		-284.13
0.101061		0.0070508		-209.745
0.101061		0.00940107		-100.189
0.101061		0.0117513		-36.589
0.101061		0.0141016		119.187
0.101061		0.0164519		245.609
0.101061		0.0188021		371.47
0.101061		0.0211524		492.051
0.101061		0.0235027		602.979
0.101061		0.0258529		700.182
0.101061		0.0282032		780.019
0.101061		0.0305535		839.468
0.101061		0.0329037		876.197
0.101061		0.035254		888.632
0.103412		-0.035254		631.688
0.103412		-0.0329037		621.582
0.103412		-0.0305535		591.775
0.103412		-0.0282032		543.685
0.103412		-0.0258529		479.392
0.103412		-0.0235027		401.747
0.103412		-0.0211524		314.079
0.103412		-0.0188021		219.938
0.103412		-0.0164519		123.089
0.103412		-0.0141016		27.0607
0.103412		-0.0117513		-404.555
0.103412		-0.00940107		-426.077
0.103412		-0.0070508		-462.52
0.103412		-0.00470053		-488.647
0.103412		-0.00235027		-506.173
0.103412		0		-514.579
0.103412		0.00235027		-507.739
0.103412		0.00470053		-475.452
0.103412		0.0070508		-414.146
0.103412		0.00940107		-325.79
0.103412		0.0117513		-275.376
0.103412		0.0141016		32.8485
0.103412		0.0164519		128.885
0.103412		0.0188021		225.76
0.103412		0.0211524		319.936
0.103412		0.0235027		407.652
0.103412		0.0258529		485.306
0.103412		0.0282032		549.606
0.103412		0.0305535		597.742
0.103412		0.0329037		627.54
0.103412		0.035254		637.619
0.105762		-0.035254		355.188
0.105762		-0.0329037		347.721
0.105762		-0.0305535		325.722
0.105762		-0.0282032		290.337
0.105762		-0.0258529		243.463
0.105762		-0.0235027		187.62
0.105762		-0.0211524		125.732
0.105762		-0.0188021		60.9925
0.105762		-0.0164519		-3.35681
0.105762		-0.0141016		-64.1848
0.105762		-0.0117513		-653.193
0.105762		-0.00940107		-659.863
0.105762		-0.0070508		-675.893
0.105762		-0.00470053		-689.163
0.105762		-0.00235027		-697.011
0.105762		0		-704.399
0.105762		0.00235027		-697.788
0.105762		0.00470053		-668.26
0.105762		0.0070508		-624.989
0.105762		0.00940107		-569.036
0.105762		0.0117513		-536.885
0.105762		0.0141016		-58.9813
0.105762		0.0164519		2.47697
0.105762		0.0188021		66.95
0.105762		0.0211524		131.72
0.105762		0.0235027		193.625
0.105762		0.0258529		249.473
0.105762		0.0282032		296.33
0.105762		0.0305535		331.724
0.105762		0.0329037		353.746
0.105762		0.035254		361.211
0.108112		-0.035254		67.6302
0.108112		-0.0329037		62.9017
0.108112		-0.0305535		49.0451
0.108112		-0.0282032		27.0412
0.108112		-0.0258529		-1.52377
0.108112		-0.0235027		-34.4855
0.108112		-0.0211524		-69.2479
0.108112		-0.0188021		-103.139
0.108112		-0.0164519		-133.431
0.108112		-0.0141016		-157.395
0.108112		-0.0117513		-915.023
0.108112		-0.00940107		-905.589
0.108112		-0.0070508		-891.085
0.108112		-0.00470053		-884.736
0.108112		-0.00235027		-885.745
0.108112		0		-889.366
0.108112		0.00235027		-888.792
0.108112		0.00470053		-868.616
0.108112		0.0070508		-836.407
0.108112		0.00940107		-807.362
0.108112		0.0117513		-792.257
0.108112		0.0141016		-150.827
0.108112		0.0164519		-127.083
0.108112		0.0188021		-96.9194
0.108112		0.0211524		-63.0991
0.108112		0.0235027		-28.369
0.108112		0.0258529		4.55934
0.108112		0.0282032		33.1115
0.108112		0.0305535		55.12
0.108112		0.0329037		68.9878
0.108112		0.035254		73.7204
0.110463		-0.035254		-215.175
0.110463		-0.0329037		-217.186
0.110463		-0.0305535		-222.991
0.110463		-0.0282032		-231.779
0.110463		-0.0258529		-242.173
0.110463		-0.0235027		-252.353
0.110463		-0.0211524		-260.19
0.110463		-0.0188021		-263.524
0.110463		-0.0164519		-260.295
0.110463		-0.0141016		-248.813
0.110463		-0.0117513		-1159.93
0.110463		-0.00940107		-1140.55
0.110463		-0.0070508		-1104.28
0.110463		-0.00470053		-1073.69
0.110463		-0.00235027		-1056.72
0.110463		0		-1057.49
0.110463		0.00235027		-1062.1
0.110463		0.00470053		-1055.9
0.110463		0.0070508		-1043.06
0.110463		0.00940107		-1038.81
0.110463		0.0117513		-1040.62
0.110463		0.0141016		-241.396
0.110463		0.0164519		-253.532
0.110463		0.0188021		-257.111
0.110463		0.0211524		-253.92
0.110463		0.0235027		-246.159
0.110463		0.0258529		-236.013
0.110463		0.0282032		-225.628
0.110463		0.0305535		-216.846
0.110463		0.0329037		-211.039
0.110463		0.035254		-209.033
0.112813		-0.035254		-478.206
0.112813		-0.0329037		-477.627
0.112813		-0.0305535		-475.83
0.112813		-0.0282032		-472.177
0.112813		-0.0258529		-465.448
0.112813		-0.0235027		-454.208
0.112813		-0.0211524		-436.824
0.112813		-0.0188021		-411.515
0.112813		-0.0164519		-376.726
0.112813		-0.0141016		-331.396
0.112813		-0.0117513		-1384.19
0.112813		-0.00940107		-1350.31
0.112813		-0.0070508		-1288.26
0.112813		-0.00470053		-1242.63
0.112813		-0.00235027		-1217.52
0.112813		0		-1210.66
0.112813		0.00235027		-1215.42
0.112813		0.00470053		-1222.9
0.112813		0.0070508		-1229.99
0.112813		0.00940107		-1248.47
0.112813		0.0117513		-1263.34
0.112813		0.0141016		-322.972
0.112813		0.0164519		-369.835
0.112813		0.0188021		-405.056
0.112813		0.0211524		-430.531
0.112813		0.0235027		-447.986
0.112813		0.0258529		-459.23
0.112813		0.0282032		-465.964
0.112813		0.0305535		-469.63
0.112813		0.0329037		-471.431
0.112813		0.035254		-471.992
0.115163		-0.035254		-708.476
0.115163		-0.0329037		-705.631
0.115163		-0.0305535		-697.055
0.115163		-0.0282032		-682.322
0.115163		-0.0258529		-660.455
0.115163		-0.0235027		-630.242
0.115163		-0.0211524		-590.457
0.115163		-0.0188021		-539.817
0.115163		-0.0164519		-477.115
0.115163		-0.0141016		-401.603
0.115163		-0.0117513		-1576.03
0.115163		-0.00940107		-1525.88
0.115163		-0.0070508		-1438.67
0.115163		-0.00470053		-1380.12
0.115163		-0.00235027		-1349.56
0.115163		0		-1337.33
0.115163		0.00235027		-1341.93
0.115163		0.00470053		-1360.62
0.115163		0.0070508		-1383.5
0.115163		0.00940107		-1421.25
0.115163		0.0117513		-1447.05
0.115163		0.0141016		-396.468
0.115163		0.0164519		-471.195
0.115163		0.0188021		-533.636
0.115163		0.0211524		-584.223
0.115163		0.0235027		-623.994
0.115163		0.0258529		-654.179
0.115163		0.0282032		-676.038
0.115163		0.0305535		-690.789
0.115163		0.0329037		-699.379
0.115163		0.035254		-702.228
0.117513		-0.035254		-892.815
0.117513		-0.0329037		-888.128
0.117513		-0.0305535		-874.021
0.117513		-0.0282032		-850.196
0.117513		-0.0258529		-815.949
0.117513		-0.0235027		-770.293
0.117513		-0.0211524		-712.313
0.117513		-0.0188021		-641.107
0.117513		-0.0164519		-555.803
0.117513		-0.0141016		-455.479
0.117513		-0.0117513		-1717.07
0.117513		-0.00940107		-1651.83
0.117513		-0.0070508		-1547.31
0.117513		-0.00470053		-1486.24
0.117513		-0.00235027		-1453.23
0.117513		0		-1432.91
0.117513		0.00235027		-1433.51
0.117513		0.00470053		-1461.81
0.117513		0.0070508		-1498.78
0.117513		0.00940107		-1550.31
0.117513		0.0117513		-1583.45
0.117513		0.0141016		-451.598
0.117513		0.0164519		-550.331
0.117513		0.0188021		-635.052
0.117513		0.0211524		-706.076
0.117513		0.0235027		-763.998
0.117513		0.0258529		-809.611
0.117513		0.0282032		-843.859
0.117513		0.0305535		-867.692
0.117513		0.0329037		-881.817
0.117513		0.035254		-886.515
0.119864		-0.035254		-1021.88
0.119864		-0.0329037		-1015.8
0.119864		-0.0305535		-997.643
0.119864		-0.0282032		-967.228
0.119864		-0.0258529		-923.973
0.119864		-0.0235027		-867.158
0.119864		-0.0211524		-796.149
0.119864		-0.0188021		-710.343
0.119864		-0.0164519		-609.471
0.119864		-0.0141016		-493.861
0.119864		-0.0117513		-1798.28
0.119864		-0.00940107		-1729.31
0.119864		-0.0070508		-1610.11
0.119864		-0.00470053		-1539.85
0.119864		-0.00235027		-1503.29
0.119864		0		-1485.6
0.119864		0.00235027		-1496.72
0.119864		0.00470053		-1525.14
0.119864		0.0070508		-1565.42
0.119864		0.00940107		-1626.5
0.119864		0.0117513		-1663.45
0.119864		0.0141016		-488.278
0.119864		0.0164519		-603.418
0.119864		0.0188021		-704.063
0.119864		0.0211524		-789.779
0.119864		0.0235027		-860.76
0.119864		0.0258529		-917.569
0.119864		0.0282032		-960.837
0.119864		0.0305535		-991.258
0.119864		0.0329037		-1009.44
0.119864		0.035254		-1015.52
0.122214		-0.035254		-1089.48
0.122214		-0.0329037		-1082.61
0.122214		-0.0305535		-1062.13
0.122214		-0.0282032		-1027.9
0.122214		-0.0258529		-979.452
0.122214		-0.0235027		-916.274
0.122214		-0.0211524		-837.879
0.122214		-0.0188021		-743.898
0.122214		-0.0164519		-634.374
0.122214		-0.0141016		-510.308
0.122214		-0.0117513		-1824.22
0.122214		-0.00940107		-1748.02
0.122214		-0.0070508		-1622.67
0.122214		-0.00470053		-1550.62
0.122214		-0.00235027		-1512.35
0.122214		0		-1496.3
0.122214		0.00235027		-1508.25
0.122214		0.00470053		-1534.27
0.122214		0.0070508		-1581.59
0.122214		0.00940107		-1653.19
0.122214		0.0117513		-1690.83
0.122214		0.0141016		-502.382
0.122214		0.0164519		-627.483
0.122214		0.0188021		-737.253
0.122214		0.0211524		-831.316
0.122214		0.0235027		-909.759
0.122214		0.0258529		-972.956
0.122214		0.0282032		-1021.44
0.122214		0.0305535		-1055.69
0.122214		0.0329037		-1076.2
0.122214		0.035254		-1083.11
0.124564		-0.035254		-1091.36
0.124564		-0.0329037		-1084.32
0.124564		-0.0305535		-1063.32
0.124564		-0.0282032		-1028.21
0.124564		-0.0258529		-978.678
0.124564		-0.0235027		-914.265
0.124564		-0.0211524		-834.491
0.124564		-0.0188021		-739.128
0.124564		-0.0164519		-627.968
0.124564		-0.0141016		-500.362
0.124564		-0.0117513		-1785.05
0.124564		-0.00940107		-1710.43
0.124564		-0.0070508		-1588.75
0.124564		-0.00470053		-1513.69
0.124564		-0.00235027		-1474.17
0.124564		0		-1459.78
0.124564		0.00235027		-1474.17
0.124564		0.00470053		-1500.08
0.124564		0.0070508		-1541.8
0.124564		0.00940107		-1616.22
0.124564		0.0117513		-1657.59
0.124564		0.0141016		-493.977
0.124564		0.0164519		-621.083
0.124564		0.0188021		-732.297
0.124564		0.0211524		-827.749
0.124564		0.0235027		-907.595
0.124564		0.0258529		-972.112
0.124564		0.0282032		-1021.7
0.124564		0.0305535		-1056.81
0.124564		0.0329037		-1077.89
0.124564		0.035254		-1084.97
0.126914		-0.035254		-1028.76
0.126914		-0.0329037		-1022.1
0.126914		-0.0305535		-1002.29
0.126914		-0.0282032		-969.274
0.126914		-0.0258529		-922.64
0.126914		-0.0235027		-861.981
0.126914		-0.0211524		-786.892
0.126914		-0.0188021		-697.179
0.126914		-0.0164519		-592.927
0.126914		-0.0141016		-474.707
0.126914		-0.0117513		-1674.33
0.126914		-0.00940107		-1613.73
0.126914		-0.0070508		-1509.82
0.126914		-0.00470053		-1427.55
0.126914		-0.00235027		-1378.24
0.126914		0		-1372.81
0.126914		0.00235027		-1386.64
0.126914		0.00470053		-1412.78
0.126914		0.0070508		-1454.21
0.126914		0.00940107		-1521.72
0.126914		0.0117513		-1565.02
0.126914		0.0141016		-467.282
0.126914		0.0164519		-585.515
0.126914		0.0188021		-690.05
0.126914		0.0211524		-779.982
0.126914		0.0235027		-855.243
0.126914		0.0258529		-916.041
0.126914		0.0282032		-962.702
0.126914		0.0305535		-995.774
0.126914		0.0329037		-1015.65
0.126914		0.035254		-1022.31
0.129265		-0.035254		-905.126
0.129265		-0.0329037		-899.438
0.129265		-0.0305535		-882.55
0.129265		-0.0282032		-854.351
0.129265		-0.0258529		-814.395
0.129265		-0.0235027		-762.234
0.129265		-0.0211524		-697.463
0.129265		-0.0188021		-619.845
0.129265		-0.0164519		-529.426
0.129265		-0.0141016		-427.047
0.129265		-0.0117513		-1521.66
0.129265		-0.00940107		-1466.13
0.129265		-0.0070508		-1370.26
0.129265		-0.00470053		-1293.31
0.129265		-0.00235027		-1250.86
0.129265		0		-1244.58
0.129265		0.00235027		-1248.93
0.129265		0.00470053		-1279.64
0.129265		0.0070508		-1321.38
0.129265		0.00940107		-1373.84
0.129265		0.0117513		-1410.47
0.129265		0.0141016		-416.708
0.129265		0.0164519		-521.216
0.129265		0.0188021		-612.457
0.129265		0.0211524		-690.484
0.129265		0.0235027		-755.457
0.129265		0.0258529		-807.744
0.129265		0.0282032		-847.777
0.129265		0.0305535		-876.023
0.129265		0.0329037		-892.969
0.129265		0.035254		-898.674
0.131615		-0.035254		-726.738
0.131615		-0.0329037		-722.578
0.131615		-0.0305535		-710.13
0.131615		-0.0282032		-689.183
0.131615		-0.0258529		-659.251
0.131615		-0.0235027		-619.807
0.131615		-0.0211524		-570.337
0.131615		-0.0188021		-510.417
0.131615		-0.0164519		-439.771
0.131615		-0.0141016		-358.433
0.131615		-0.0117513		-1316.64
0.131615		-0.00940107		-1267.58
0.131615		-0.0070508		-1185.93
0.131615		-0.00470053		-1127.94
0.131615		-0.00235027		-1093.43
0.131615		0		-1072.62
0.131615		0.00235027		-1074.27
0.131615		0.00470053		-1104.99
0.131615		0.0070508		-1136.03
0.131615		0.00940107		-1175.64
0.131615		0.0117513		-1201.59
0.131615		0.0141016		-349.575
0.131615		0.0164519		-432.029
0.131615		0.0188021		-503.226
0.131615		0.0211524		-563.447
0.131615		0.0235027		-613.08
0.131615		0.0258529		-652.635
0.131615		0.0282032		-682.629
0.131615		0.0305535		-703.631
0.131615		0.0329037		-716.119
0.131615		0.035254		-720.276
0.133965		-0.035254		-504.819
0.133965		-0.0329037		-502.565
0.133965		-0.0305535		-495.708
0.133965		-0.0282032		-483.953
0.133965		-0.0258529		-466.751
0.133965		-0.0235027		-443.417
0.133965		-0.0211524		-413.233
0.133965		-0.0188021		-375.492
0.133965		-0.0164519		-329.595
0.133965		-0.0141016		-275.273
0.133965		-0.0117513		-1059.09
0.133965		-0.00940107		-1025.65
0.133965		-0.0070508		-968.015
0.133965		-0.00470053		-926.569
0.133965		-0.00235027		-897.621
0.133965		0		-877.633
0.133965		0.00235027		-876.87
0.133965		0.00470053		-891.724
0.133965		0.0070508		-913.443
0.133965		0.00940107		-937.076
0.133965		0.0117513		-946.312
0.133965		0.0141016		-268.649
0.133965		0.0164519		-322.871
0.133965		0.0188021		-368.751
0.133965		0.0211524		-406.545
0.133965		0.0235027		-436.812
0.133965		0.0258529		-460.203
0.133965		0.0282032		-477.441
0.133965		0.0305535		-489.245
0.133965		0.0329037		-496.132
0.133965		0.035254		-498.401
0.136315		-0.035254		-250.863
0.136315		-0.0329037		-250.784
0.136315		-0.0305535		-250.404
0.136315		-0.0282032		-249.276
0.136315		-0.0258529		-246.77
0.136315		-0.0235027		-242.048
0.136315		-0.0211524		-234.096
0.136315		-0.0188021		-221.895
0.136315		-0.0164519		-204.319
0.136315		-0.0141016		-179.879
0.136315		-0.0117513		-783.073
0.136315		-0.00940107		-757.829
0.136315		-0.0070508		-717.96
0.136315		-0.00470053		-694.237
0.136315		-0.00235027		-674.779
0.136315		0		-660.171
0.136315		0.00235027		-653.509
0.136315		0.00470053		-656.415
0.136315		0.0070508		-666.197
0.136315		0.00940107		-666.627
0.136315		0.0117513		-662.594
0.136315		0.0141016		-175.994
0.136315		0.0164519		-198.518
0.136315		0.0188021		-215.534
0.136315		0.0211524		-227.607
0.136315		0.0235027		-235.556
0.136315		0.0258529		-240.294
0.136315		0.0282032		-242.83
0.136315		0.0305535		-243.989
0.136315		0.0329037		-244.397
0.136315		0.035254		-244.49
0.138666		-0.035254		21.0619
0.138666		-0.0329037		18.8153
0.138666		-0.0305535		12.2696
0.138666		-0.0282032		1.98293
0.138666		-0.0258529		-11.2557
0.138666		-0.0235027		-26.432
0.138666		-0.0211524		-42.3309
0.138666		-0.0188021		-57.6654
0.138666		-0.0164519		-71.1755
0.138666		-0.0141016		-81.8738
0.138666		-0.0117513		-486.782
0.138666		-0.00940107		-477.881
0.138666		-0.0070508		-454.656
0.138666		-0.00470053		-435.814
0.138666		-0.00235027		-429.31
0.138666		0		-425.368
0.138666		0.00235027		-419.268
0.138666		0.00470053		-408.322
0.138666		0.0070508		-397.478
0.138666		0.00940107		-379.38
0.138666		0.0117513		-365.325
0.138666		0.0141016		-75.6501
0.138666		0.0164519		-64.9274
0.138666		0.0188021		-51.2913
0.138666		0.0211524		-35.9058
0.138666		0.0235027		-20.0095
0.138666		0.0258529		-4.85333
0.138666		0.0282032		8.36103
0.138666		0.0305535		18.6169
0.138666		0.0329037		25.1398
0.138666		0.035254		27.3826
0.141016		-0.035254		295.234
0.141016		-0.0329037		290.646
0.141016		-0.0305535		277.164
0.141016		-0.0282032		255.446
0.141016		-0.0258529		226.422
0.141016		-0.0235027		191.28
0.141016		-0.0211524		151.42
0.141016		-0.0188021		108.419
0.141016		-0.0164519		63.8716
0.141016		-0.0141016		19.3167
0.141016		-0.0117513		-179.658
0.141016		-0.00940107		-187.385
0.141016		-0.0070508		-189.317
0.141016		-0.00470053		-180.998
0.141016		-0.00235027		-181.464
0.141016		0		-180.449
0.141016		0.00235027		-177.125
0.141016		0.00470053		-163.397
0.141016		0.0070508		-127.969
0.141016		0.00940107		-80.9606
0.141016		0.0117513		-54.9701
0.141016		0.0141016		26.2383
0.141016		0.0164519		70.4795
0.141016		0.0188021		114.896
0.141016		0.0211524		157.829
0.141016		0.0235027		197.647
0.141016		0.0258529		232.755
0.141016		0.0282032		261.748
0.141016		0.0305535		283.439
0.141016		0.0329037		296.895
0.141016		0.035254		301.475
0.143366		-0.035254		557.266
0.143366		-0.0329037		550.495
0.143366		-0.0305535		530.492
0.143366		-0.0282032		498.001
0.143366		-0.0258529		454.038
0.143366		-0.0235027		399.947
0.143366		-0.0211524		337.353
0.143366		-0.0188021		268.056
0.143366		-0.0164519		193.977
0.143366		-0.0141016		116.84
0.143366		-0.0117513		117.728
0.143366		-0.00940107		98.0564
0.143366		-0.0070508		76.3264
0.143366		-0.00470053		67.191
0.143366		-0.00235027		54.4802
0.143366		0		55.0498
0.143366		0.00235027		62.9583
0.143366		0.00470053		82.3743
0.143366		0.0070508		134.452
0.143366		0.00940107		207.927
0.143366		0.0117513		247.037
0.143366		0.0141016		124.43
0.143366		0.0164519		200.763
0.143366		0.0188021		274.564
0.143366		0.0211524		343.73
0.143366		0.0235027		406.257
0.143366		0.0258529		460.292
0.143366		0.0282032		504.217
0.143366		0.0305535		536.683
0.143366		0.0329037		556.67
0.143366		0.035254		563.436
0.145717		-0.035254		791.71
0.145717		-0.0329037		783.021
0.145717		-0.0305535		757.313
0.145717		-0.0282032		715.409
0.145717		-0.0258529		658.376
0.145717		-0.0235027		587.679
0.145717		-0.0211524		505.109
0.145717		-0.0188021		412.706
0.145717		-0.0164519		312.761
0.145717		-0.0141016		207.73
0.145717		-0.0117513		404.128
0.145717		-0.00940107		370.137
0.145717		-0.0070508		318.361
0.145717		-0.00470053		294.561
0.145717		-0.00235027		280.823
0.145717		0		274.513
0.145717		0.00235027		282.101
0.145717		0.00470053		317.363
0.145717		0.0070508		382.031
0.145717		0.00940107		472.38
0.145717		0.0117513		527.147
0.145717		0.0141016		213.77
0.145717		0.0164519		319.184
0.145717		0.0188021		419.098
0.145717		0.0211524		511.413
0.145717		0.0235027		593.896
0.145717		0.0258529		664.539
0.145717		0.0282032		721.55
0.145717		0.0305535		763.426
0.145717		0.0329037		789.096
0.145717		0.035254		797.778
0.148067		-0.035254		985.7
0.148067		-0.0329037		975.44
0.148067		-0.0305535		945.137
0.148067		-0.0282032		895.75
0.148067		-0.0258529		828.346
0.148067		-0.0235027		744.4
0.148067		-0.0211524		645.785
0.148067		-0.0188021		534.732
0.148067		-0.0164519		413.736
0.148067		-0.0141016		285.595
0.148067		-0.0117513		654.01
0.148067		-0.00940107		612.048
0.148067		-0.0070508		535.83
0.148067		-0.00470053		491.833
0.148067		-0.00235027		477.685
0.148067		0		473.636
0.148067		0.00235027		481.843
0.148067		0.00470053		527.828
0.148067		0.0070508		601.257
0.148067		0.00940107		707.298
0.148067		0.0117513		778.048
0.148067		0.0141016		292.29
0.148067		0.0164519		420.212
0.148067		0.0188021		541.068
0.148067		0.0211524		651.997
0.148067		0.0235027		750.5
0.148067		0.0258529		834.383
0.148067		0.0282032		901.784
0.148067		0.0305535		951.163
0.148067		0.0329037		981.408
0.148067		0.035254		991.644
0.150417		-0.035254		1128.98
0.150417		-0.0329037		1117.69
0.150417		-0.0305535		1084.36
0.150417		-0.0282032		1029.9
0.150417		-0.0258529		955.359
0.150417		-0.0235027		862.267
0.150417		-0.0211524		752.5
0.150417		-0.0188021		628.23
0.150417		-0.0164519		491.917
0.150417		-0.0141016		346.305
0.150417		-0.0117513		857.069
0.150417		-0.00940107		809.43
0.150417		-0.0070508		724.168
0.150417		-0.00470053		668.834
0.150417		-0.00235027		647.915
0.150417		0		641.691
0.150417		0.00235027		652.181
0.150417		0.00470053		701.144
0.150417		0.0070508		784.609
0.150417		0.00940107		903.314
0.150417		0.0117513		974.01
0.150417		0.0141016		352.716
0.150417		0.0164519		498.374
0.150417		0.0188021		634.487
0.150417		0.0211524		758.605
0.150417		0.0235027		868.226
0.150417		0.0258529		961.264
0.150417		0.0282032		1035.8
0.150417		0.0305535		1090.26
0.150417		0.0329037		1123.56
0.150417		0.035254		1134.82
0.152767		-0.035254		1212
0.152767		-0.0329037		1200.28
0.152767		-0.0305535		1165.66
0.152767		-0.0282032		1109.01
0.152767		-0.0258529		1031.31
0.152767		-0.0235027		934.019
0.152767		-0.0211524		818.876
0.152767		-0.0188021		687.96
0.152767		-0.0164519		543.518
0.152767		-0.0141016		387.632
0.152767		-0.0117513		1007.1
0.152767		-0.00940107		959.092
0.152767		-0.0070508		873.244
0.152767		-0.00470053		809.613
0.152767		-0.00235027		776.182
0.152767		0		767.935
0.152767		0.00235027		782.153
0.152767		0.00470053		833.693
0.152767		0.0070508		928.929
0.152767		0.00940107		1056.32
0.152767		0.0117513		1125.2
0.152767		0.0141016		395.963
0.152767		0.0164519		550.222
0.152767		0.0188021		694.076
0.152767		0.0211524		824.774
0.152767		0.0235027		939.822
0.152767		0.0258529		1037.08
0.152767		0.0282032		1114.77
0.152767		0.0305535		1171.43
0.152767		0.0329037		1206.04
0.152767		0.035254		1217.73
0.155118		-0.035254		1230.24
0.155118		-0.0329037		1218.75
0.155118		-0.0305535		1184.68
0.155118		-0.0282032		1128.82
0.155118		-0.0258529		1052.1
0.155118		-0.0235027		955.809
0.155118		-0.0211524		841.542
0.155118		-0.0188021		711.172
0.155118		-0.0164519		566.946
0.155118		-0.0141016		411.522
0.155118		-0.0117513		1098.5
0.155118		-0.00940107		1053.55
0.155118		-0.0070508		971.527
0.155118		-0.00470053		907.516
0.155118		-0.00235027		871.837
0.155118		0		853.721
0.155118		0.00235027		865.609
0.155118		0.00470053		931.744
0.155118		0.0070508		1030.42
0.155118		0.00940107		1149.84
0.155118		0.0117513		1215.45
0.155118		0.0141016		418.361
0.155118		0.0164519		572.889
0.155118		0.0188021		716.801
0.155118		0.0211524		847.078
0.155118		0.0235027		961.377
0.155118		0.0258529		1057.72
0.155118		0.0282032		1134.42
0.155118		0.0305535		1190.29
0.155118		0.0329037		1224.4
0.155118		0.035254		1235.9
0.157468		-0.035254		1182.18
0.157468		-0.0329037		1171.49
0.157468		-0.0305535		1139.88
0.157468		-0.0282032		1087.96
0.157468		-0.0258529		1016.45
0.157468		-0.0235027		926.478
0.157468		-0.0211524		819.378
0.157468		-0.0188021		696.722
0.157468		-0.0164519		560.531
0.157468		-0.0141016		413.308
0.157468		-0.0117513		1139.61
0.157468		-0.00940107		1096.44
0.157468		-0.0070508		1017.84
0.157468		-0.00470053		957.658
0.157468		-0.00235027		926.969
0.157468		0		909.435
0.157468		0.00235027		915.133
0.157468		0.00470053		973.917
0.157468		0.0070508		1071.75
0.157468		0.00940107		1193.34
0.157468		0.0117513		1258.6
0.157468		0.0141016		417.075
0.157468		0.0164519		565.075
0.157468		0.0188021		701.648
0.157468		0.0211524		824.521
0.157468		0.0235027		931.811
0.157468		0.0258529		1021.89
0.157468		0.0282032		1093.42
0.157468		0.0305535		1145.38
0.157468		0.0329037		1177.02
0.157468		0.035254		1187.7
0.159818		-0.035254		1068.65
0.159818		-0.0329037		1059.46
0.159818		-0.0305535		1032.2
0.159818		-0.0282032		987.305
0.159818		-0.0258529		925.274
0.159818		-0.0235027		846.861
0.159818		-0.0211524		752.997
0.159818		-0.0188021		645.003
0.159818		-0.0164519		524.486
0.159818		-0.0141016		393.54
0.159818		-0.0117513		1116.35
0.159818		-0.00940107		1084.13
0.159818		-0.0070508		1018.53
0.159818		-0.00470053		963.351
0.159818		-0.00235027		934.876
0.159818		0		922.192
0.159818		0.00235027		928.892
0.159818		0.00470053		977.515
0.159818		0.0070508		1064.64
0.159818		0.00940107		1183.9
0.159818		0.0117513		1251.96
0.159818		0.0141016		394.914
0.159818		0.0164519		527.971
0.159818		0.0188021		649.42
0.159818		0.0211524		757.844
0.159818		0.0235027		851.964
0.159818		0.0258529		930.576
0.159818		0.0282032		992.653
0.159818		0.0305535		1037.6
0.159818		0.0329037		1064.9
0.159818		0.035254		1074.08
0.162168		-0.035254		896.559
0.162168		-0.0329037		889.376
0.162168		-0.0305535		868.034
0.162168		-0.0282032		832.845
0.162168		-0.0258529		783.967
0.162168		-0.0235027		721.679
0.162168		-0.0211524		646.59
0.162168		-0.0188021		559.414
0.162168		-0.0164519		461.036
0.162168		-0.0141016		352.915
0.162168		-0.0117513		1047.05
0.162168		-0.00940107		1022.47
0.162168		-0.0070508		969.469
0.162168		-0.00470053		919.581
0.162168		-0.00235027		898.868
0.162168		0		899.466
0.162168		0.00235027		912.558
0.162168		0.00470053		948.356
0.162168		0.0070508		1013.3
0.162168		0.00940107		1121.82
0.162168		0.0117513		1187.94
0.162168		0.0141016		355.45
0.162168		0.0164519		464.729
0.162168		0.0188021		563.718
0.162168		0.0211524		651.355
0.162168		0.0235027		726.705
0.162168		0.0258529		789.126
0.162168		0.0282032		838.128
0.162168		0.0305535		873.38
0.162168		0.0329037		894.731
0.162168		0.035254		901.902
0.164519		-0.035254		673.404
0.164519		-0.0329037		668.745
0.164519		-0.0305535		654.824
0.164519		-0.0282032		631.656
0.164519		-0.0258529		599.102
0.164519		-0.0235027		557.083
0.164519		-0.0211524		505.528
0.164519		-0.0188021		444.431
0.164519		-0.0164519		373.918
0.164519		-0.0141016		293.919
0.164519		-0.0117513		931.401
0.164519		-0.00940107		914.488
0.164519		-0.0070508		881.867
0.164519		-0.00470053		850.963
0.164519		-0.00235027		833.935
0.164519		0		836.157
0.164519		0.00235027		850.9
0.164519		0.00470053		879.255
0.164519		0.0070508		931.578
0.164519		0.00940107		1020.94
0.164519		0.0117513		1075.64
0.164519		0.0141016		298.835
0.164519		0.0164519		378.335
0.164519		0.0188021		449
0.164519		0.0211524		510.333
0.164519		0.0235027		562.08
0.164519		0.0258529		604.229
0.164519		0.0282032		636.859
0.164519		0.0305535		660.098
0.164519		0.0329037		674.059
0.164519		0.035254		678.72
0.166869		-0.035254		409.986
0.166869		-0.0329037		408.184
0.166869		-0.0305535		402.767
0.166869		-0.0282032		393.47
0.166869		-0.0258529		379.826
0.166869		-0.0235027		361.227
0.166869		-0.0211524		336.965
0.166869		-0.0188021		306.372
0.166869		-0.0164519		268.875
0.166869		-0.0141016		223.977
0.166869		-0.0117513		777.096
0.166869		-0.00940107		774.764
0.166869		-0.0070508		767.375
0.166869		-0.00470053		753.311
0.166869		-0.00235027		744.012
0.166869		0		746.471
0.166869		0.00235027		756.697
0.166869		0.00470053		778.414
0.166869		0.0070508		818.942
0.166869		0.00940107		880.358
0.166869		0.0117513		915.485
0.166869		0.0141016		228.359
0.166869		0.0164519		273.414
0.166869		0.0188021		311.05
0.166869		0.0211524		341.815
0.166869		0.0235027		366.222
0.166869		0.0258529		384.922
0.166869		0.0282032		398.662
0.166869		0.0305535		408.048
0.166869		0.0329037		413.492
0.166869		0.035254		415.279
0.169219		-0.035254		120.889
0.169219		-0.0329037		122.215
0.169219		-0.0305535		125.979
0.169219		-0.0282032		131.622
0.169219		-0.0258529		138.352
0.169219		-0.0235027		145.065
0.169219		-0.0211524		150.407
0.169219		-0.0188021		153.066
0.169219		-0.0164519		151.742
0.169219		-0.0141016		145.279
0.169219		-0.0117513		596.518
0.169219		-0.00940107		607.188
0.169219		-0.0070508		623.005
0.169219		-0.00470053		635.019
0.169219		-0.00235027		641.668
0.169219		0		644.908
0.169219		0.00235027		648.548
0.169219		0.00470053		653.248
0.169219		0.0070508		671.46
0.169219		0.00940107		709.636
0.169219		0.0117513		734.117
0.169219		0.0141016		150.756
0.169219		0.0164519		156.456
0.169219		0.0188021		157.802
0.169219		0.0211524		155.278
0.169219		0.0235027		150.076
0.169219		0.0258529		143.486
0.169219		0.0282032		136.84
0.169219		0.0305535		131.258
0.169219		0.0329037		127.525
0.169219		0.035254		126.21
0.171569		-0.035254		-180.295
0.171569		-0.0329037		-175.779
0.171569		-0.0305535		-162.526
0.171569		-0.0282032		-141.345
0.171569		-0.0258529		-113.511
0.171569		-0.0235027		-80.6414
0.171569		-0.0211524		-44.6432
0.171569		-0.0188021		-7.61188
0.171569		-0.0164519		28.4773
0.171569		-0.0141016		61.7755
0.171569		-0.0117513		403.994
0.171569		-0.00940107		428.602
0.171569		-0.0070508		470.67
0.171569		-0.00470053		496.957
0.171569		-0.00235027		517.476
0.171569		0		533.212
0.171569		0.00235027		532.796
0.171569		0.00470053		522.199
0.171569		0.0070508		517.935
0.171569		0.00940107		527.093
0.171569		0.0117513		534.379
0.171569		0.0141016		64.7857
0.171569		0.0164519		32.6041
0.171569		0.0188021		-2.97117
0.171569		0.0211524		-39.7351
0.171569		0.0235027		-75.5483
0.171569		0.0258529		-108.305
0.171569		0.0282032		-136.068
0.171569		0.0305535		-157.205
0.171569		0.0329037		-170.429
0.171569		0.035254		-174.928
0.17392		-0.035254		-477.567
0.17392		-0.0329037		-469.904
0.17392		-0.0305535		-447.331
0.17392		-0.0282032		-410.959
0.17392		-0.0258529		-362.421
0.17392		-0.0235027		-303.833
0.17392		-0.0211524		-237.736
0.17392		-0.0188021		-166.873
0.17392		-0.0164519		-94.0612
0.17392		-0.0141016		-22.0202
0.17392		-0.0117513		216.197
0.17392		-0.00940107		251.795
0.17392		-0.0070508		315.759
0.17392		-0.00470053		359.726
0.17392		-0.00235027		384.56
0.17392		0		404.726
0.17392		0.00235027		409.566
0.17392		0.00470053		388.88
0.17392		0.0070508		364.817
0.17392		0.00940107		349.096
0.17392		0.0117513		342.847
0.17392		0.0141016		-19.4532
0.17392		0.0164519		-89.9455
0.17392		0.0188021		-162.091
0.17392		0.0211524		-232.635
0.17392		0.0235027		-298.599
0.17392		0.0258529		-357.084
0.17392		0.0282032		-405.579
0.17392		0.0305535		-441.968
0.17392		0.0329037		-464.524
0.17392		0.035254		-472.162
0.17627		-0.035254		-755.161
0.17627		-0.0329037		-744.549
0.17627		-0.0305535		-713.347
0.17627		-0.0282032		-662.917
0.17627		-0.0258529		-595.135
0.17627		-0.0235027		-512.623
0.17627		-0.0211524		-418.44
0.17627		-0.0188021		-316.058
0.17627		-0.0164519		-209.087
0.17627		-0.0141016		-100.916
0.17627		-0.0117513		33.4083
0.17627		-0.00940107		82.5213
0.17627		-0.0070508		171.406
0.17627		-0.00470053		231.48
0.17627		-0.00235027		262.627
0.17627		0		283.394
0.17627		0.00235027		284.793
0.17627		0.00470053		256.327
0.17627		0.0070508		222.987
0.17627		0.00940107		185.024
0.17627		0.0117513		160.459
0.17627		0.0141016		-96.6917
0.17627		0.0164519		-204.072
0.17627		0.0188021		-310.774
0.17627		0.0211524		-413.033
0.17627		0.0235027		-507.16
0.17627		0.0258529		-589.669
0.17627		0.0282032		-657.449
0.17627		0.0305535		-707.909
0.17627		0.0329037		-739.112
0.17627		0.035254		-749.704
0.17862		-0.035254		-1000.09
0.17862		-0.0329037		-986.886
0.17862		-0.0305535		-948.025
0.17862		-0.0282032		-885.114
0.17862		-0.0258529		-800.303
0.17862		-0.0235027		-696.64
0.17862		-0.0211524		-577.749
0.17862		-0.0188021		-447.601
0.17862		-0.0164519		-310.594
0.17862		-0.0141016		-171.292
0.17862		-0.0117513		-124.807
0.17862		-0.00940107		-61.3654
0.17862		-0.0070508		45.5786
0.17862		-0.00470053		118.767
0.17862		-0.00235027		159.835
0.17862		0		175.234
0.17862		0.00235027		171.231
0.17862		0.00470053		142.116
0.17862		0.0070508		100.666
0.17862		0.00940107		37.4751
0.17862		0.0117513		-5.36238
0.17862		0.0141016		-164.036
0.17862		0.0164519		-304.246
0.17862		0.0188021		-441.597
0.17862		0.0211524		-571.929
0.17862		0.0235027		-690.951
0.17862		0.0258529		-794.673
0.17862		0.0282032		-879.548
0.17862		0.0305535		-942.523
0.17862		0.0329037		-981.381
0.17862		0.035254		-994.574
0.180971		-0.035254		-1198.51
0.180971		-0.0329037		-1183.23
0.180971		-0.0305535		-1138.13
0.180971		-0.0282032		-1065.01
0.180971		-0.0258529		-966.337
0.180971		-0.0235027		-845.452
0.180971		-0.0211524		-706.43
0.180971		-0.0188021		-553.757
0.180971		-0.0164519		-392.31
0.180971		-0.0141016		-227.279
0.180971		-0.0117513		-260.704
0.180971		-0.00940107		-184.141
0.180971		-0.0070508		-57.4905
0.180971		-0.00470053		30.7433
0.180971		-0.00235027		82.3543
0.180971		0		89.3159
0.180971		0.00235027		81.4726
0.180971		0.00470053		59.0716
0.180971		0.0070508		7.34367
0.180971		0.00940107		-78.6927
0.180971		0.0117513		-134.061
0.180971		0.0141016		-218.796
0.180971		0.0164519		-385.092
0.180971		0.0188021		-547.219
0.180971		0.0211524		-700.322
0.180971		0.0235027		-839.581
0.180971		0.0258529		-960.578
0.180971		0.0282032		-1059.37
0.180971		0.0305535		-1132.56
0.180971		0.0329037		-1177.68
0.180971		0.035254		-1192.96
0.183321		-0.035254		-1340.5
0.183321		-0.0329037		-1323.69
0.183321		-0.0305535		-1274.1
0.183321		-0.0282032		-1193.61
0.183321		-0.0258529		-1084.88
0.183321		-0.0235027		-951.546
0.183321		-0.0211524		-797.937
0.183321		-0.0188021		-628.896
0.183321		-0.0164519		-449.499
0.183321		-0.0141016		-264.616
0.183321		-0.0117513		-353.866
0.183321		-0.00940107		-269.052
0.183321		-0.0070508		-128.911
0.183321		-0.00470053		-30.9102
0.183321		-0.00235027		29.379
0.183321		0		42.7957
0.183321		0.00235027		28.3832
0.183321		0.00470053		0.570926
0.183321		0.0070508		-55.7524
0.183321		0.00940107		-160.173
0.183321		0.0117513		-225.867
0.183321		0.0141016		-256.693
0.183321		0.0164519		-442.059
0.183321		0.0188021		-622.137
0.183321		0.0211524		-791.669
0.183321		0.0235027		-945.541
0.183321		0.0258529		-1079.06
0.183321		0.0282032		-1187.93
0.183321		0.0305535		-1268.51
0.183321		0.0329037		-1318.13
0.183321		0.035254		-1334.91
0.185671		-0.035254		-1419.74
0.185671		-0.0329037		-1402.04
0.185671		-0.0305535		-1349.8
0.185671		-0.0282032		-1265.02
0.185671		-0.0258529		-1150.42
0.185671		-0.0235027		-1009.82
0.185671		-0.0211524		-847.795
0.185671		-0.0188021		-669.389
0.185671		-0.0164519		-480.05
0.185671		-0.0141016		-285.313
0.185671		-0.0117513		-390.94
0.185671		-0.00940107		-307.267
0.185671		-0.0070508		-157.63
0.185671		-0.00470053		-50.8746
0.185671		-0.00235027		7.11006
0.185671		0		25.8344
0.185671		0.00235027		11.2979
0.185671		0.00470053		-26.2339
0.185671		0.0070508		-90.3875
0.185671		0.00940107		-200.033
0.185671		0.0117513		-266.989
0.185671		0.0141016		-275.164
0.185671		0.0164519		-472.155
0.185671		0.0188021		-662.562
0.185671		0.0211524		-841.527
0.185671		0.0235027		-1003.85
0.185671		0.0258529		-1144.62
0.185671		0.0282032		-1259.3
0.185671		0.0305535		-1344.23
0.185671		0.0329037		-1396.51
0.185671		0.035254		-1414.14
0.188021		-0.035254		-1430.95
0.188021		-0.0329037		-1413.06
0.188021		-0.0305535		-1360.22
0.188021		-0.0282032		-1274.46
0.188021		-0.0258529		-1158.61
0.188021		-0.0235027		-1016.5
0.188021		-0.0211524		-852.748
0.188021		-0.0188021		-672.534
0.188021		-0.0164519		-481.522
0.188021		-0.0141016		-285.747
0.188021		-0.0117513		-388.245
0.188021		-0.00940107		-298.634
0.188021		-0.0070508		-142.893
0.188021		-0.00470053		-37.9619
0.188021		-0.00235027		23.8002
0.188021		0		45.5285
0.188021		0.00235027		27.2314
0.188021		0.00470053		-14.4541
0.188021		0.0070508		-81.8983
0.188021		0.00940107		-189.074
0.188021		0.0117513		-253.425
0.188021		0.0141016		-276.905
0.188021		0.0164519		-474.374
0.188021		0.0188021		-666.145
0.188021		0.0211524		-846.728
0.188021		0.0235027		-1010.69
0.188021		0.0258529		-1152.9
0.188021		0.0282032		-1268.8
0.188021		0.0305535		-1354.66
0.188021		0.0329037		-1407.55
0.188021		0.035254		-1425.41
0.190372		-0.035254		-1374.51
0.190372		-0.0329037		-1357.09
0.190372		-0.0305535		-1305.72
0.190372		-0.0282032		-1222.38
0.190372		-0.0258529		-1109.86
0.190372		-0.0235027		-971.908
0.190372		-0.0211524		-813.022
0.190372		-0.0188021		-638.355
0.190372		-0.0164519		-453.36
0.190372		-0.0141016		-263.721
0.190372		-0.0117513		-333.256
0.190372		-0.00940107		-239.957
0.190372		-0.0070508		-85.2007
0.190372		-0.00470053		16.1027
0.190372		-0.00235027		72.7329
0.190372		0		91.0539
0.190372		0.00235027		77.5323
0.190372		0.00470053		35.1439
0.190372		0.0070508		-29.9323
0.190372		0.00940107		-132.176
0.190372		0.0117513		-196.672
0.190372		0.0141016		-258.288
0.190372		0.0164519		-447.886
0.190372		0.0188021		-632.787
0.190372		0.0211524		-807.431
0.190372		0.0235027		-966.309
0.190372		0.0258529		-1104.28
0.190372		0.0282032		-1216.84
0.190372		0.0305535		-1300.23
0.190372		0.0329037		-1351.61
0.190372		0.035254		-1368.99
0.192722		-0.035254		-1253.45
0.192722		-0.0329037		-1237.2
0.192722		-0.0305535		-1189.26
0.192722		-0.0282032		-1111.49
0.192722		-0.0258529		-1006.58
0.192722		-0.0235027		-878.181
0.192722		-0.0211524		-730.586
0.192722		-0.0188021		-568.581
0.192722		-0.0164519		-397.195
0.192722		-0.0141016		-221.346
0.192722		-0.0117513		-223.035
0.192722		-0.00940107		-137.434
0.192722		-0.0070508		5.3881
0.192722		-0.00470053		100.089
0.192722		-0.00235027		147.14
0.192722		0		163.29
0.192722		0.00235027		160.023
0.192722		0.00470053		126.299
0.192722		0.0070508		64.2353
0.192722		0.00940107		-28.1024
0.192722		0.0117513		-82.256
0.192722		0.0141016		-219.949
0.192722		0.0164519		-393.458
0.192722		0.0188021		-563.793
0.192722		0.0211524		-725.35
0.192722		0.0235027		-872.771
0.192722		0.0258529		-1001.13
0.192722		0.0282032		-1106.03
0.192722		0.0305535		-1183.83
0.192722		0.0329037		-1231.79
0.192722		0.035254		-1248.01
0.195072		-0.035254		-1073.58
0.195072		-0.0329037		-1059.09
0.195072		-0.0305535		-1016.32
0.195072		-0.0282032		-947.027
0.195072		-0.0258529		-853.802
0.195072		-0.0235027		-740.007
0.195072		-0.0211524		-609.648
0.195072		-0.0188021		-467.111
0.195072		-0.0164519		-316.86
0.195072		-0.0141016		-162.97
0.195072		-0.0117513		-69.5257
0.195072		-0.00940107		-0.177963
0.195072		-0.0070508		124.529
0.195072		-0.00470053		214.212
0.195072		-0.00235027		260.689
0.195072		0		277.423
0.195072		0.00235027		275.09
0.195072		0.00470053		245.962
0.195072		0.0070508		190.508
0.195072		0.00940107		109.074
0.195072		0.0117513		60.8793
0.195072		0.0141016		-162.833
0.195072		0.0164519		-313.578
0.195072		0.0188021		-462.506
0.195072		0.0211524		-604.502
0.195072		0.0235027		-734.665
0.195072		0.0258529		-848.415
0.195072		0.0282032		-941.643
0.195072		0.0305535		-1010.93
0.195072		0.0329037		-1053.74
0.195072		0.035254		-1068.27
0.197422		-0.035254		-845.764
0.197422		-0.0329037		-833.521
0.197422		-0.0305535		-797.409
0.197422		-0.0282032		-739.049
0.197422		-0.0258529		-660.784
0.197422		-0.0235027		-565.682
0.197422		-0.0211524		-457.429
0.197422		-0.0188021		-340.033
0.197422		-0.0164519		-217.717
0.197422		-0.0141016		-94.6607
0.197422		-0.0117513		125.572
0.197422		-0.00940107		183.358
0.197422		-0.0070508		279.397
0.197422		-0.00470053		348.075
0.197422		-0.00235027		397.354
0.197422		0		414.305
0.197422		0.00235027		402.14
0.197422		0.00470053		379.95
0.197422		0.0070508		344.996
0.197422		0.00940107		281.436
0.197422		0.0117513		240.902
0.197422		0.0141016		-91.368
0.197422		0.0164519		-213.026
0.197422		0.0188021		-334.82
0.197422		0.0211524		-452.032
0.197422		0.0235027		-560.278
0.197422		0.0258529		-655.408
0.197422		0.0282032		-733.715
0.197422		0.0305535		-792.115
0.197422		0.0329037		-828.26
0.197422		0.035254		-840.532
0.199773		-0.035254		-581.1
0.199773		-0.0329037		-571.508
0.199773		-0.0305535		-543.258
0.199773		-0.0282032		-497.708
0.199773		-0.0258529		-436.929
0.199773		-0.0235027		-363.724
0.199773		-0.0211524		-281.343
0.199773		-0.0188021		-193.37
0.199773		-0.0164519		-103.656
0.199773		-0.0141016		-16.27
0.199773		-0.0117513		345.75
0.199773		-0.00940107		392.683
0.199773		-0.0070508		459.177
0.199773		-0.00470053		502.337
0.199773		-0.00235027		541.676
0.199773		0		558.75
0.199773		0.00235027		547.768
0.199773		0.00470053		528.159
0.199773		0.0070508		509.744
0.199773		0.00940107		477.373
0.199773		0.0117513		456.123
0.199773		0.0141016		-7.37372
0.199773		0.0164519		-96.6902
0.199773		0.0188021		-187.205
0.199773		0.0211524		-275.559
0.199773		0.0235027		-358.185
0.199773		0.0258529		-431.542
0.199773		0.0282032		-492.424
0.199773		0.0305535		-538.064
0.199773		0.0329037		-566.359
0.199773		0.035254		-575.977
0.202123		-0.035254		-293.176
0.202123		-0.0329037		-286.507
0.202123		-0.0305535		-266.887
0.202123		-0.0282032		-235.415
0.202123		-0.0258529		-193.92
0.202123		-0.0235027		-144.75
0.202123		-0.0211524		-90.6425
0.202123		-0.0188021		-34.6572
0.202123		-0.0164519		19.9871
0.202123		-0.0141016		70.0874
0.202123		-0.0117513		563.531
0.202123		-0.00940107		597.623
0.202123		-0.0070508		643.137
0.202123		-0.00470053		667.078
0.202123		-0.00235027		688.292
0.202123		0		706.984
0.202123		0.00235027		709.891
0.202123		0.00470053		697.317
0.202123		0.0070508		691.115
0.202123		0.00940107		686.092
0.202123		0.0117513		681.786
0.202123		0.0141016		81.1629
0.202123		0.0164519		28.0795
0.202123		0.0188021		-27.9529
0.202123		0.0211524		-84.6334
0.202123		0.0235027		-139.137
0.202123		0.0258529		-188.565
0.202123		0.0282032		-230.229
0.202123		0.0305535		-261.812
0.202123		0.0329037		-281.512
0.202123		0.035254		-288.207
0.204473		-0.035254		1.94805
0.204473		-0.0329037		5.62574
0.204473		-0.0305535		16.363
0.204473		-0.0282032		33.2637
0.204473		-0.0258529		54.8959
0.204473		-0.0235027		79.3309
0.204473		-0.0211524		104.337
0.204473		-0.0188021		127.497
0.204473		-0.0164519		146.359
0.204473		-0.0141016		158.88
0.204473		-0.0117513		779.866
0.204473		-0.00940107		797.24
0.204473		-0.0070508		822.632
0.204473		-0.00470053		835.665
0.204473		-0.00235027		846.906
0.204473		0		860.812
0.204473		0.00235027		861.98
0.204473		0.00470053		858.794
0.204473		0.0070508		872.532
0.204473		0.00940107		892.836
0.204473		0.0117513		902.725
0.204473		0.0141016		167.706
0.204473		0.0164519		154.017
0.204473		0.0188021		134.123
0.204473		0.0211524		110.282
0.204473		0.0235027		84.8291
0.204473		0.0258529		60.1135
0.204473		0.0282032		38.3091
0.204473		0.0305535		21.27
0.204473		0.0329037		10.4421
0.204473		0.035254		6.73869
0.206823		-0.035254		289.671
0.206823		-0.0329037		290.383
0.206823		-0.0305535		292.365
0.206823		-0.0282032		294.991
0.206823		-0.0258529		297.131
0.206823		-0.0235027		297.291
0.206823		-0.0211524		293.751
0.206823		-0.0188021		284.704
0.206823		-0.0164519		268.377
0.206823		-0.0141016		242.841
0.206823		-0.0117513		997.711
0.206823		-0.00940107		993.751
0.206823		-0.0070508		987.156
0.206823		-0.00470053		986.61
0.206823		-0.00235027		992.755
0.206823		0		998.39
0.206823		0.00235027		997.13
0.206823		0.00470053		1006.59
0.206823		0.0070508		1043.82
0.206823		0.00940107		1089.4
0.206823		0.0117513		1110.05
0.206823		0.0141016		251.901
0.206823		0.0164519		275.497
0.206823		0.0188021		290.903
0.206823		0.0211524		299.364
0.206823		0.0235027		302.523
0.206823		0.0258529		302.119
0.206823		0.0282032		299.799
0.206823		0.0305535		297.042
0.206823		0.0329037		294.987
0.206823		0.035254		294.253
0.209174		-0.035254		554.401
0.209174		-0.0329037		552.348
0.209174		-0.0305535		546.161
0.209174		-0.0282032		535.483
0.209174		-0.0258529		519.413
0.209174		-0.0235027		496.913
0.209174		-0.0211524		466.852
0.209174		-0.0188021		428.068
0.209174		-0.0164519		379.69
0.209174		-0.0141016		321.279
0.209174		-0.0117513		1177.19
0.209174		-0.00940107		1157.62
0.209174		-0.0070508		1131.52
0.209174		-0.00470053		1121.38
0.209174		-0.00235027		1117.33
0.209174		0		1117.72
0.209174		0.00235027		1113.87
0.209174		0.00470053		1132.38
0.209174		0.0070508		1189.72
0.209174		0.00940107		1260.78
0.209174		0.0117513		1297.71
0.209174		0.0141016		326.429
0.209174		0.0164519		385.216
0.209174		0.0188021		433.472
0.209174		0.0211524		471.98
0.209174		0.0235027		501.776
0.209174		0.0258529		524.065
0.209174		0.0282032		539.995
0.209174		0.0305535		550.574
0.209174		0.0329037		556.666
0.209174		0.035254		558.695
0.211524		-0.035254		782.445
0.211524		-0.0329037		777.985
0.211524		-0.0305535		764.663
0.211524		-0.0282032		742.265
0.211524		-0.0258529		710.214
0.211524		-0.0235027		667.851
0.211524		-0.0211524		614.556
0.211524		-0.0188021		549.81
0.211524		-0.0164519		473.413
0.211524		-0.0141016		385.841
0.211524		-0.0117513		1312.53
0.211524		-0.00940107		1289.2
0.211524		-0.0070508		1248.29
0.211524		-0.00470053		1221.14
0.211524		-0.00235027		1206.37
0.211524		0		1199.13
0.211524		0.00235027		1210.01
0.211524		0.00470053		1244.41
0.211524		0.0070508		1302.37
0.211524		0.00940107		1393.19
0.211524		0.0117513		1447.55
0.211524		0.0141016		388.977
0.211524		0.0164519		477.871
0.211524		0.0188021		554.547
0.211524		0.0211524		619.18
0.211524		0.0235027		672.303
0.211524		0.0258529		714.491
0.211524		0.0282032		746.426
0.211524		0.0305535		768.729
0.211524		0.0329037		781.997
0.211524		0.035254		786.454
0.213874		-0.035254		963.216
0.213874		-0.0329037		956.781
0.213874		-0.0305535		937.541
0.213874		-0.0282032		905.482
0.213874		-0.0258529		860.347
0.213874		-0.0235027		801.811
0.213874		-0.0211524		729.619
0.213874		-0.0188021		643.692
0.213874		-0.0164519		544.194
0.213874		-0.0141016		431.456
0.213874		-0.0117513		1411.51
0.213874		-0.00940107		1381.72
0.213874		-0.0070508		1327.75
0.213874		-0.00470053		1282.81
0.213874		-0.00235027		1252.16
0.213874		0		1245.08
0.213874		0.00235027		1265.59
0.213874		0.00470053		1312.07
0.213874		0.0070508		1383.52
0.213874		0.00940107		1488.12
0.213874		0.0117513		1550.05
0.213874		0.0141016		435.075
0.213874		0.0164519		548.556
0.213874		0.0188021		648.095
0.213874		0.0211524		733.856
0.213874		0.0235027		805.878
0.213874		0.0258529		864.254
0.213874		0.0282032		909.269
0.213874		0.0305535		941.239
0.213874		0.0329037		960.434
0.213874		0.035254		966.871
0.216225		-0.035254		1086.3
0.216225		-0.0329037		1078.43
0.216225		-0.0305535		1054.87
0.216225		-0.0282032		1015.76
0.216225		-0.0258529		961.142
0.216225		-0.0235027		890.914
0.216225		-0.0211524		805.192
0.216225		-0.0188021		704.216
0.216225		-0.0164519		588.438
0.216225		-0.0141016		458.49
0.216225		-0.0117513		1466.36
0.216225		-0.00940107		1425.28
0.216225		-0.0070508		1354.33
0.216225		-0.00470053		1301.38
0.216225		-0.00235027		1266.27
0.216225		0		1252.41
0.216225		0.00235027		1274.93
0.216225		0.00470053		1332.1
0.216225		0.0070508		1410.71
0.216225		0.00940107		1530.01
0.216225		0.0117513		1603.53
0.216225		0.0141016		464.873
0.216225		0.0164519		593.367
0.216225		0.0188021		708.477
0.216225		0.0211524		809.08
0.216225		0.0235027		894.549
0.216225		0.0258529		964.59
0.216225		0.0282032		1019.15
0.216225		0.0305535		1058.2
0.216225		0.0329037		1081.69
0.216225		0.035254		1089.54
0.218575		-0.035254		1146.16
0.218575		-0.0329037		1137.41
0.218575		-0.0305535		1111.33
0.218575		-0.0282032		1068.18
0.218575		-0.0258529		1008.08
0.218575		-0.0235027		931.199
0.218575		-0.0211524		837.853
0.218575		-0.0188021		728.592
0.218575		-0.0164519		604.258
0.218575		-0.0141016		466.074
0.218575		-0.0117513		1452.23
0.218575		-0.00940107		1407.31
0.218575		-0.0070508		1331.51
0.218575		-0.00470053		1275.45
0.218575		-0.00235027		1240.2
0.218575		0		1227.55
0.218575		0.00235027		1246.87
0.218575		0.00470053		1298.99
0.218575		0.0070508		1384.56
0.218575		0.00940107		1517.49
0.218575		0.0117513		1595.04
0.218575		0.0141016		471.94
0.218575		0.0164519		608.956
0.218575		0.0188021		732.468
0.218575		0.0211524		841.261
0.218575		0.0235027		934.312
0.218575		0.0258529		1011.04
0.218575		0.0282032		1071.11
0.218575		0.0305535		1114.24
0.218575		0.0329037		1140.26
0.218575		0.035254		1148.97
0.220925		-0.035254		1140.55
0.220925		-0.0329037		1131.53
0.220925		-0.0305535		1104.74
0.220925		-0.0282032		1060.52
0.220925		-0.0258529		999.049
0.220925		-0.0235027		920.673
0.220925		-0.0211524		825.897
0.220925		-0.0188021		715.425
0.220925		-0.0164519		590.229
0.220925		-0.0141016		451.435
0.220925		-0.0117513		1378.52
0.220925		-0.00940107		1333.29
0.220925		-0.0070508		1256.15
0.220925		-0.00470053		1201.02
0.220925		-0.00235027		1163.23
0.220925		0		1153.69
0.220925		0.00235027		1180.85
0.220925		0.00470053		1229.55
0.220925		0.0070508		1309.97
0.220925		0.00940107		1442.07
0.220925		0.0117513		1520.32
0.220925		0.0141016		457.783
0.220925		0.0164519		594.318
0.220925		0.0188021		718.564
0.220925		0.0211524		828.614
0.220925		0.0235027		923.196
0.220925		0.0258529		1001.47
0.220925		0.0282032		1062.94
0.220925		0.0305535		1107.18
0.220925		0.0329037		1133.95
0.220925		0.035254		1142.96
0.223275		-0.035254		1069.51
0.223275		-0.0329037		1060.86
0.223275		-0.0305535		1035.16
0.223275		-0.0282032		992.834
0.223275		-0.0258529		934.134
0.223275		-0.0235027		859.423
0.223275		-0.0211524		769.361
0.223275		-0.0188021		664.792
0.223275		-0.0164519		546.77
0.223275		-0.0141016		416.714
0.223275		-0.0117513		1249.24
0.223275		-0.00940107		1205.43
0.223275		-0.0070508		1135.48
0.223275		-0.00470053		1085.36
0.223275		-0.00235027		1043.79
0.223275		0		1033.59
0.223275		0.00235027		1062.35
0.223275		0.00470053		1111.42
0.223275		0.0070508		1189.4
0.223275		0.00940107		1311.71
0.223275		0.0117513		1383.76
0.223275		0.0141016		419.426
0.223275		0.0164519		548.942
0.223275		0.0188021		666.677
0.223275		0.0211524		771.174
0.223275		0.0235027		861.246
0.223275		0.0258529		935.968
0.223275		0.0282032		994.717
0.223275		0.0305535		1037.11
0.223275		0.0329037		1062.84
0.223275		0.035254		1071.48
0.225626		-0.035254		938.569
0.225626		-0.0329037		930.885
0.225626		-0.0305535		908.04
0.225626		-0.0282032		870.41
0.225626		-0.0258529		818.262
0.225626		-0.0235027		751.976
0.225626		-0.0211524		672.23
0.225626		-0.0188021		579.902
0.225626		-0.0164519		476.113
0.225626		-0.0141016		362.545
0.225626		-0.0117513		1063.98
0.225626		-0.00940107		1024.3
0.225626		-0.0070508		963.965
0.225626		-0.00470053		925.122
0.225626		-0.00235027		893.375
0.225626		0		882.289
0.225626		0.00235027		905.074
0.225626		0.00470053		948.837
0.225626		0.0070508		1015.38
0.225626		0.00940107		1126.21
0.225626		0.0117513		1193.95
0.225626		0.0141016		361.708
0.225626		0.0164519		476.077
0.225626		0.0188021		580.343
0.225626		0.0211524		673.05
0.225626		0.0235027		753.068
0.225626		0.0258529		819.519
0.225626		0.0282032		871.776
0.225626		0.0305535		909.505
0.225626		0.0329037		932.419
0.225626		0.035254		940.121
0.227976		-0.035254		754.76
0.227976		-0.0329037		748.525
0.227976		-0.0305535		730.005
0.227976		-0.0282032		699.477
0.227976		-0.0258529		657.151
0.227976		-0.0235027		603.446
0.227976		-0.0211524		538.987
0.227976		-0.0188021		464.505
0.227976		-0.0164519		380.835
0.227976		-0.0141016		288.675
0.227976		-0.0117513		830.494
0.227976		-0.00940107		802.176
0.227976		-0.0070508		758.623
0.227976		-0.00470053		726.786
0.227976		-0.00235027		705.291
0.227976		0		701.918
0.227976		0.00235027		713.495
0.227976		0.00470053		744.83
0.227976		0.0070508		804.432
0.227976		0.00940107		895.397
0.227976		0.0117513		948.039
0.227976		0.0141016		286.38
0.227976		0.0164519		378.918
0.227976		0.0188021		463.646
0.227976		0.0211524		538.921
0.227976		0.0235027		603.874
0.227976		0.0258529		657.876
0.227976		0.0282032		700.386
0.227976		0.0305535		731.051
0.227976		0.0329037		749.636
0.227976		0.035254		755.885
0.230326		-0.035254		528.191
0.230326		-0.0329037		523.788
0.230326		-0.0305535		510.729
0.230326		-0.0282032		489.224
0.230326		-0.0258529		459.455
0.230326		-0.0235027		421.757
0.230326		-0.0211524		376.588
0.230326		-0.0188021		324.542
0.230326		-0.0164519		266.432
0.230326		-0.0141016		203.328
0.230326		-0.0117513		566.095
0.230326		-0.00940107		546.466
0.230326		-0.0070508		516.381
0.230326		-0.00470053		497.593
0.230326		-0.00235027		489.893
0.230326		0		484.683
0.230326		0.00235027		488.048
0.230326		0.00470053		517.043
0.230326		0.0070508		564.326
0.230326		0.00940107		632.066
0.230326		0.0117513		672.313
0.230326		0.0141016		193.703
0.230326		0.0164519		261.967
0.230326		0.0188021		322.603
0.230326		0.0211524		375.929
0.230326		0.0235027		421.763
0.230326		0.0258529		459.796
0.230326		0.0282032		489.745
0.230326		0.0305535		511.382
0.230326		0.0329037		524.499
0.230326		0.035254		528.902
0.232676		-0.035254		272.581
0.232676		-0.0329037		270.305
0.232676		-0.0305535		263.564
0.232676		-0.0282032		252.461
0.232676		-0.0258529		237.12
0.232676		-0.0235027		217.696
0.232676		-0.0211524		194.404
0.232676		-0.0188021		167.685
0.232676		-0.0164519		138.213
0.232676		-0.0141016		107.526
0.232676		-0.0117513		282.033
0.232676		-0.00940107		273.309
0.232676		-0.0070508		259.288
0.232676		-0.00470053		248.925
0.232676		-0.00235027		246.457
0.232676		0		246.278
0.232676		0.00235027		250.421
0.232676		0.00470053		269.754
0.232676		0.0070508		295.303
0.232676		0.00940107		331.928
0.232676		0.0117513		355.415
0.232676		0.0141016		96.175
0.232676		0.0164519		133.829
0.232676		0.0188021		165.944
0.232676		0.0211524		193.776
0.232676		0.0235027		217.567
0.232676		0.0258529		237.233
0.232676		0.0282032		252.7
0.232676		0.0305535		263.877
0.232676		0.0329037		270.654
0.232676		0.035254		272.929
0.235027		-0.035254		1.46768
0.235027		-0.0329037		1.46719
0.235027		-0.0305535		1.46157
0.235027		-0.0282032		1.44499
0.235027		-0.0258529		1.41455
0.235027		-0.0235027		1.36731
0.235027		-0.0211524		1.29965
0.235027		-0.0188021		1.20789
0.235027		-0.0164519		1.08889
0.235027		-0.0141016		0.940757
0.235027		-0.0117513		0.746502
0.235027		-0.00940107		0.732005
0.235027		-0.0070508		0.70719
0.235027		-0.00470053		0.690312
0.235027		-0.00235027		0.680649
0.235027		0		0.677571
0.235027		0.00235027		0.680689
0.235027		0.00470053		0.690318
0.235027		0.0070508		0.70713
0.235027		0.00940107		0.731903
0.235027		0.0117513		0.746399
0.235027		0.0141016		0.940761
0.235027		0.0164519		1.08889
0.235027		0.0188021		1.20787
0.235027		0.0211524		1.29966
0.235027		0.0235027		1.36733
0.235027		0.0258529		1.41456
0.235027		0.0282032		1.44498
0.235027		0.0305535		1.46158
0.235027		0.0329037		1.46721
0.235027		0.035254		1.46769
