0.123073		188.626
0.234109		-166.377
0.102419		-414.663
0.141408		60.2453
0.125546		382.319
0.129005		-723.915
0.028579		535.897
0.156837		679.641
0.0853688		-260.877
0.0572649		1424.21
0.0293758		88.0705
0.125913		480.504
0.110349		903.096
0.0531136		48.0552
0.0736187		-415.153
0.142266		1492.75
0.154986		53.7342
0.00927468		-1688.84
0.178114		1230.35
0.1979		407.452
0.0143155		577.319
0.222064		217.079
0.0169145		132.825
0.0689262		-10.2736
0.00171262		-920.089
0.111986		-332.163
0.211154		-398.1
0.219242		593.485
0.0573927		-101.826
0.106144		406.532
0.167045		-323.13
0.0832487		156.546
0.0688273		265.546
0.199968		88.5657
0.0764847		-508.383
0.110951		5.4327
0.196631		-980.794
0.175818		-382.198
0.12846		-64.6226
0.0685018		202.702
0.112759		-478.429
0.142302		179.925
0.0508537		152.526
0.0733813		-204.321
0.162698		-658.293
0.0435265		470.582
0.148254		843.39
0.149099		-51.5022
0.229119		-762.98
0.0383744		166.644
0.0228101		502.488
0.107991		569.833
0.12532		-154.043
0.106613		763.02
0.150966		-5.60919
0.226098		-936.854
0.0252062		7.15338
0.0376698		710.164
0.148143		-363.271
0.189218		260.685
0.0189342		89.3626
0.20679		-431.802
0.18475		122.758
0.195606		405.407
0.098397		286.96
0.111653		-119.534
0.222583		-986.372
0.0519059		106.501
0.098109		-384.953
0.0428679		-42.8046
0.180891		299.266
0.163992		-1127.4
0.0242388		-293.551
0.0663777		-752.107
0.167091		615.156
0.119649		-440.224
0.184584		333.476
0.0208638		1161.97
0.0945215		-714.232
0.15026		-1762.69
0.0827998		-309.318
0.169692		535.768
0.109406		537.844
0.0653013		90.5389
0.0799529		-144.035
0.12922		419.928
0.152814		8.45184
0.125128		-6.8848
0.0422496		11.7977
0.0570723		-455.258
0.0566395		-133.773
0.00718833		229.226
0.0450197		1271.33
0.119657		820.949
0.0736966		-20.4913
0.130661		396.944
0.0732744		754.393
0.0217477		1460.88
0.112721		-279.61
0.196204		-514.711
0.133514		-1030.54
0.14682		-1219.51
0.147478		152.855
0.0980146		-129.127
0.125267		488.056
0.210031		13.9336
0.195625		549.971
0.101723		-279.473
0.0437281		-557.614
0.141337		72.8346
0.167956		-726.614
0.154942		-40.7005
0.138268		1128.63
0.00872765		-658.133
0.0508608		50.6535
0.159331		648.411
0.0219999		1213.81
0.147597		-58.5477
0.20804		-651.654
0.117652		-851.501
0.143009		428.66
0.114054		942.702
0.0177166		745.928
0.0150923		800.382
0.0359496		53.5977
0.231635		-241.51
0.0693758		-175.141
0.0792929		-382.493
0.167004		608.6
0.0122929		270.298
0.181558		-1272.43
0.23049		682.584
0.167738		562.783
0.124615		785.608
0.143382		-887.951
0.0918436		236.634
0.106772		-765.198
0.186307		593.406
0.067164		168.328
0.0225496		123.394
0.0912216		-900.518
0.21871		-2013.76
0.133405		957.378
0.194329		-119.976
0.159736		-459.31
0.130217		1026.49
0.205726		786.882
0.214926		-258.173
0.14495		220.329
0.149694		-893.309
0.0524071		-1020.77
0.0165282		-717.704
0.171791		-751.724
0.0985707		111.577
0.179839		355.449
0.119619		2537.3
0.0490177		119.635
0.150406		597.197
0.0157282		760.829
0.177614		12.8863
0.121534		99.3742
0.127934		161.657
0.222226		-1.46844
0.165901		-175.418
0.0353684		158.376
0.0565971		-355.458
0.0951827		592.749
0.0688927		1029.75
0.0814027		-667.463
0.0941721		8.17915
0.0340255		339.121
0.0929809		406.396
0.188798		-236.216
0.208661		-313.113
0.109778		234.07
0.0339799		-497.361
0.111247		-212.582
0.0979475		-834.508
0.227792		67.4315
0.200605		-1017.94
0.0896758		1098.96
0.178152		-272.194
0.165494		904.787
0.203648		-218.733
0.124377		437.516
0.131094		1024.11
0.202698		-502.467
0.120845		1386.47
0.0366465		-76.5202
0.207749		-877.25
0.162532		482.395
0.174997		-1069.17
0.0222704		-456.177
0.150749		316.466
0.117525		226.374
0.0314191		-769.29
0.13833		-235.81
0.14786		46.3759
0.161512		-362.903
0.0964772		1752.98
0.0469816		-579.484
0.0136682		1009.36
0.198849		83.5711
0.196164		-420.154
0.178477		-1188.57
0.060442		-259.392
0.146724		303.405
0.0953455		-148.769
0.157157		-403.29
0.105721		-10.7435
0.216094		-57.5398
0.00835713		1219.74
0.219399		460.021
0.210258		-1269.88
0.138993		-539.808
0.203368		-56.1416
0.0184933		166.376
0.117832		-1002.94
0.215103		-768.31
0.0178481		-466.776
0.184561		737.153
0.0594368		-603.705
0.227276		-681.875
0.20472		-631.041
0.174623		-611.646
0.153666		-300.466
0.0963696		-166.549
0.229321		-220.526
0.0438095		-331.373
0.0287576		123.434
0.060015		-360.387
0.1456		-839.543
0.0175697		-602.318
0.204739		1213.01
0.0837349		-214.773
0.1914		1117.06
0.0601871		-383.029
0.184953		376.086
0.210242		610.068
0.209604		-232.969
0.148164		1453.68
0.0199404		1056.48
0.231273		166.906
0.135404		-110.753
0.0762545		-387.848
0.122379		-1681.82
0.180388		-336.636
0.153422		106.814
0.13905		943.45
0.0452599		-458.093
0.211147		746.089
0.00710523		910.118
0.193217		719.479
0.00412125		-248.047
0.0414427		195.199
0.128844		-1057.42
0.153631		575.336
0.195776		-321.052
0.0366098		-590.643
0.0176987		-59.6568
0.0618651		851.361
0.1343		-213.103
0.0893063		610.24
0.0101059		-1275.1
0.0514882		-136.078
0.215068		614.183
0.0894075		-351.834
0.00802355		-126.277
0.126524		1148.17
0.16859		558.474
0.127065		802.038
0.0958164		376.683
0.00989544		421.278
0.102264		290.343
0.0848683		801.7
0.0634225		166.7
0.0806755		-382.167
0.0708888		-187.747
0.100666		359.402
0.115629		-567.8
0.00606304		-174.845
0.118391		-576.877
0.153564		1430.55
0.141205		-1434.42
0.0181977		67.5203
0.152616		-22.1775
0.0300703		15.3473
0.0458415		277.459
0.0654278		-44.3073
0.00029317		853.318
0.133702		-1179.37
0.0400604		977.395
0.0175578		1272.97
0.0903322		-522.047
0.210491		-1064.71
0.0526376		599.394
0.0561596		532.333
0.151643		-158.406
0.0129336		-20.6168
0.0986749		112.777
0.0787846		96.8069
0.0994196		-76.2848
0.136944		-983.186
0.035582		130.041
0.106246		-78.8917
0.10941		421.4
0.119595		115.975
0.229305		-275.165
0.213426		742.419
0.0550192		-202.695
0.0428028		322.152
0.0849133		-357.284
0.146623		-521.568
0.117741		-739.003
0.145121		142.897
0.0235812		-983.353
0.0245617		-578.818
0.0855147		154.971
0.0203727		-1498.41
0.0573502		34.2033
0.0299139		-444.558
0.0770322		1134.55
0.0680643		-123.424
0.127415		-1269.64
0.0795491		-70.7284
0.0677896		521.676
0.0271544		-476.707
0.22439		706.332
0.143988		-1138.85
0.0622285		-1137.96
0.107615		1291.44
0.142074		-1362.96
0.142853		155.178
0.153333		-245.53
0.0103844		226.967
0.0319922		65.714
0.108181		1018.6
0.211934		427.873
0.202268		509.003
0.180884		-978.938
0.0679385		361.157
0.110384		128.064
0.0349435		-59.1718
0.106035		-440.119
0.222337		-212.235
0.081085		644.838
0.203941		863.816
0.00673491		-316.192
0.195753		315.437
0.0924341		-647.819
0.204324		-1102.13
0.208338		-458.672
0.229724		692.855
0.180778		16.8153
0.230132		-1198.16
0.0702258		-533.928
0.21544		-551.296
0.233414		354.02
0.0931344		703.192
0.0324341		873.553
0.0985753		269.079
0.100611		929.859
0.0198573		-361.803
0.112452		-1197.34
0.0161555		30.547
0.0893467		144.616
0.149478		703.242
0.0459271		-33.275
0.0791263		793.655
0.128546		777.723
0.202407		-298.144
0.0407321		-1006.39
0.00118846		-1431.47
0.00506277		-662.31
0.149071		84.9209
0.168869		925.292
0.0649851		-213.101
0.082624		-1181.21
0.0461704		-417.849
0.0567863		-52.3273
0.00380713		32.1707
0.192262		-261.906
0.119304		1042.28
0.021835		-243.984
0.208812		-172.795
0.08505		483.196
0.229449		1349.69
0.173813		-495.752
0.157381		521.593
0.187416		-632.568
0.211091		-494.276
0.183944		332.661
0.217618		143.457
0.14397		672.49
0.127654		-774.162
0.198673		337.201
0.0522566		586.786
0.0612306		-32.0277
0.0756186		-97.2872
0.0600462		-555.474
0.104268		512.798
0.224447		-802.821
0.214262		-542.109
0.01425		37.3084
0.183135		1349.74
0.127199		-919.102
0.187966		352.952
0.154979		-1663.59
0.180024		-531.433
0.100548		-157.246
0.0841949		444.174
0.0274317		-84.3054
0.137544		767.513
0.0494102		-531.099
0.143087		-881.899
0.0722078		-569.334
0.22121		-137.124
0.161534		-315.898
0.146866		-509.166
0.00854196		-37.3665
0.203287		1046.13
0.130434		519.414
0.164316		-225.371
0.0936415		-507.074
0.093904		-150.693
0.205065		-727.225
0.0762331		-274.943
0.213328		-1377.31
0.191226		805.215
0.085318		48.1851
0.156147		-1251.34
0.172665		-299.103
0.0901467		383.434
0.102409		62.5267
0.110968		168.327
0.0887024		-545.983
0.00544205		113.167
0.0890702		454.529
0.178451		1067.27
0.0771825		-839.646
0.151504		212.114
0.0524536		886.535
0.182445		-1400.39
0.0691055		-494.788
0.0393826		-936.969
0.0547381		234.025
0.154717		457.445
0.204936		-127.829
0.23438		573.422
0.200403		578.945
0.00183579		1110.64
0.092503		-200.978
0.162903		563.27
0.0902642		449.26
0.178953		-110.468
0.22432		-362.179
0.021886		-1031.79
0.218949		-469.886
0.0957681		-761.129
0.214229		-307.56
0.0235719		186.849
0.157132		81.748
0.0422546		-261.635
0.121634		-457.845
0.201919		228.392
0.0484193		-664.815
0.136018		-1182.28
0.211365		-445.247
0.132236		934.849
0.0741668		-359.919
0.0676203		426.735
0.0103596		-541.818
0.0813886		212.114
0.129863		857.742
0.174992		-11.7307
0.190917		39.9229
0.0945044		865.301
0.102834		798.785
0.177666		-178.798
0.10289		22.3139
0.0186334		-155.697
0.0100084		1544.12
0.222206		-71.8046
0.0132435		841.509
0.0813812		-197.62
0.10925		791.766
0.0264478		-670.186
0.180858		-185.203
0.227146		-1400.55
0.210297		-1716.26
0.0323058		-318.62
0.0446253		-537.186
0.122171		-688.978
0.0294446		1423.7
0.125379		295.216
0.132071		-836.172
0.0159097		-394.113
0.0186512		-143.928
0.205842		-336.784
0.00085643		429.576
0.0419047		760.152
0.1844		586.332
0.0262481		366.249
0.195414		-477.809
0.0813031		498.953
0.108091		618.481
0.11165		-170.948
0.0912691		-13.181
0.148115		1053.5
0.196546		635.229
0.0211683		338.629
0.058325		-1965.42
0.140194		529.965
0.0553487		876.453
0.136532		721.856
0.178089		-809.91
0.20151		21.5899
0.167241		-265.906
0.119871		-853.831
0.0443071		-122.645
0.0649799		-336.917
0.224101		-701.701
0.207896		936.093
0.167586		-1246.27
0.143853		-321.718
0.0272365		-394.442
0.11126		-730.972
0.0832632		-700.91
0.149143		-672.575
0.019953		-712.732
0.0361167		52.5005
0.133675		-79.0434
0.21936		551.108
0.16265		-328.62
0.0444428		581.531
0.0286725		679.951
0.205618		1215.19
0.140951		569.267
0.036226		1046.08
0.141723		-357.897
0.226748		-306.365
0.169936		-78.8692
0.00814377		279.638
0.180698		138.02
0.230493		-330.896
0.0484327		426.887
0.069828		948.232
0.125247		1055.95
0.221806		-1228.79
0.116184		-1098.37
0.031189		-259.801
0.173999		359.373
0.0874205		-66.2996
0.0200839		-430.789
0.0169886		668.914
0.0175923		-147.955
0.224802		-400.77
0.0354331		-1090.38
0.177768		-789.883
0.176987		212.384
0.0599638		1463.62
0.010975		888.403
0.216442		-637.895
0.0211727		-904.429
0.0166247		-763.87
0.0461485		394.804
0.153112		1240.72
0.228089		-371.26
0.199768		1134.37
0.0452086		-598.159
0.108917		272.801
0.218972		262.946
0.0468229		1035.06
0.202945		33.2938
0.0629333		692.884
0.220895		-625.656
0.0468486		-999.331
0.0847199		544.885
0.102641		-20.5175
0.21103		317.98
0.129276		861.81
0.118466		-353.086
0.186005		785.735
0.187666		102.945
0.0748137		130.169
0.209959		442.553
0.214893		-1309.51
0.0314268		733.349
0.0249612		-938.015
0.192358		626.706
0.0655875		-1536.21
0.0163911		779.195
0.139871		447.16
0.0984842		653.859
0.201346		838.224
0.111048		721.162
0.183289		32.4541
0.1421		-132.622
0.163563		502.338
0.0718886		73.8987
0.0784421		-235.646
0.0742146		281.476
0.100977		1398.81
0.0436654		75.6219
0.164583		147.616
0.0500209		47.2044
0.143606		455.354
0.154684		135.382
0.0530625		-447.925
0.210763		578.553
0.044663		720.725
0.180632		1126.48
0.12658		591.768
0.129931		465.617
0.0259767		-716.502
0.16052		923.588
0.0678577		-450.222
0.0606315		-1077.23
0.0660538		-855.637
0.225035		136.466
0.191553		104.439
0.214119		610.305
0.205207		-855.445
0.131467		-43.9006
0.155897		447.906
0.0596152		295.005
0.0477817		542.282
0.114088		-272.442
0.146064		256.438
0.0935782		-599.082
0.0790522		-138.489
0.0474764		525.167
0.228304		-443.669
0.087539		-178.246
0.143852		291.801
0.185967		125.815
0.0858145		-757.495
0.0542243		731.678
0.0292663		81.5091
0.0656812		57.3921
0.130577		-86.0148
0.100678		953.843
0.112673		445.951
0.0206656		26.2297
0.190471		-347.245
0.0572992		1191.42
0.201384		-301.542
0.146786		-353.757
0.0217215		22.4481
0.0631661		1811.51
0.0224671		-506.143
0.00542947		383.768
0.0430085		-462.189
0.232525		514.401
0.154245		-127.223
0.0311483		112.104
0.182041		-194.62
0.194786		1132.97
0.0361339		1528.25
0.102503		-467.405
0.172466		947.192
0.220747		334.625
0.232482		1074.6
0.0436307		-258.864
0.170344		-235.092
0.0914173		592.887
0.123386		-1168.24
0.0254908		156.115
0.0844356		1050.85
0.213404		698.283
0.17628		-114.723
0.00294427		-1586.4
0.101921		-56.6162
0.0582931		550.659
0.18034		789.27
0.10529		1582.12
0.166764		-128.197
0.00142068		260.991
0.161283		-168.632
0.0852551		437.609
0.0559541		808.914
0.232143		-282.673
0.143037		-37.3759
0.0332656		153.163
0.039365		581.777
0.148443		1152.56
0.163845		1549.54
0.0983298		-88.0408
0.157753		-457.814
0.0307961		-474.308
0.211084		881.162
0.0266531		612.69
0.0512267		342.881
0.0058724		492.329
0.223813		564.181
0.0162465		-149.001
0.147905		-921.167
0.229429		629.03
0.066617		110.473
0.199653		-208.301
0.00525012		322.533
0.16919		-322.729
0.0921497		640.048
0.14652		660.371
0.178511		1184.79
0.0220274		923.932
0.0456929		-1202.21
0.0638896		-335.93
0.0984187		-838.127
0.159694		608.226
0.227738		-489.967
0.00203558		-72.7213
0.129558		-428.317
0.0416292		656.912
0.184815		1040.29
0.216718		1048.1
0.206369		-894.998
0.00784427		190.154
0.110883		-1202.19
0.2221		-166.597
0.0139801		-795.884
0.234274		-661.986
0.0240514		133.812
0.116912		592.071
0.107241		486.301
0.21796		-324.215
0.0309744		-455.588
0.0359046		263.084
0.149271		325.25
0.0330632		-195.398
0.212032		-226.401
0.0202541		-660.192
0.0690392		-420.553
0.0882191		601.635
0.0623371		1036.94
0.123773		-374.162
0.178324		1173.15
0.0774023		46.2476
0.173855		-198.52
0.111901		783.358
0.155165		-334.327
0.0201924		-395.317
0.101605		-527.637
0.045061		280.284
0.0119792		-302.821
0.0907498		-573.284
0.0296845		-760.429
0.144145		40.3565
0.19143		-618.219
0.0426586		-691.208
0.0340272		-1162.13
0.190054		797.917
0.166878		-835.318
0.0688053		-596.059
0.104822		479.247
0.232832		1667
0.0476687		78.2369
0.142065		-337.087
0.0516022		270.418
0.198047		1130.52
0.00581416		-188.84
0.0168859		400.58
0.147622		722.91
0.111369		452.16
0.18362		1115.67
0.0218861		-602.365
0.154684		1008.53
0.1458		398.644
0.07923		-1539.28
0.158685		33.0477
0.184804		-167.093
0.117078		1333.07
0.142212		-1017.06
0.21951		434.075
0.129277		564.28
0.0681036		-1405.62
0.0524093		242.828
0.0321317		963.755
0.109438		1341.95
0.102729		-733.333
0.0909807		175.313
0.0463624		206.221
0.0450947		-122.579
0.0924565		471.028
0.21488		88.0196
0.206223		305.389
0.185437		-501.688
0.232239		-737.597
0.19456		806.996
0.225917		766.258
0.104968		-412.997
0.04591		-422.045
0.185781		-646.9
0.0176141		634.183
0.159043		-617.423
0.0314569		557.811
0.152917		91.2482
0.076135		-908.768
0.185897		-573.119
0.207612		1514.06
0.198633		329.159
0.142635		-675.026
0.200677		373.911
0.0903457		-589.977
0.0839094		157.964
1.72696E-05		-664.8
0.00354913		163.849
0.107682		910.942
0.204884		-80.4002
0.188385		-49.363
0.18841		624.925
0.0118146		-392.956
0.143268		-115.458
0.102477		-1358.54
0.105415		-149.217
0.117818		834.636
0.0507885		-1140.98
0.20776		-427.921
0.153732		-436.735
0.217425		634.877
0.0307159		-219.448
0.224727		-230.476
0.169572		-1208.25
0.123432		160.906
0.0416983		-2050.96
0.192031		344.576
0.0704518		-44.3209
0.171244		1660.49
0.231972		-585.125
0.137186		-583.213
0.145077		-724.275
0.00977274		299.578
0.0749745		-369.074
0.220667		-1018.45
0.0265169		-42.0341
0.135271		1476.75
0.15379		34.5875
0.0877455		577.239
0.0921784		990.526
0.173759		593.138
0.169203		738.006
0.0908366		236.171
0.049251		1072.55
0.222503		204.875
0.232382		132.121
0.228051		288.6
0.228581		203.952
0.232428		1098.79
0.0547979		-285.171
0.0151937		-1113.57
0.155046		1224.94
0.217827		378.238
0.0522311		799.963
0.144915		-372.963
0.0573894		-902.96
0.0161076		63.0659
0.0724437		-738.919
0.00181737		-125.326
0.217056		783.308
0.0917834		-406.688
0.0976322		344.366
0.132785		-242.467
0.133542		-176.244
0.116386		1538.83
0.00478315		244.063
0.180848		632.343
0.19912		-315.779
0.101427		-1303.67
0.154981		-1390.69
0.168856		-112.412
0.125872		835.34
0.192433		1447.71
0.0743523		-668.302
0.0255538		728.432
0.173553		684.893
0.215551		-413.688
0.232208		-76.2586
0.0547119		307.027
0.157951		-1153.68
0.05364		257.588
0.128543		395.301
0.220659		941.566
0.0537921		1671.78
0.234346		-342.7
0.0673148		743.176
0.162578		-503.166
0.00590911		-360.374
0.0781859		-529.536
0.216568		-583.661
0.0900874		602.899
0.192111		289.229
0.196046		-23.1804
0.144766		360.374
0.204823		1239.93
0.207335		1267.8
0.054326		-28.8137
0.216939		202.076
0.0786733		421.073
0.0289824		-374.032
0.175804		876.444
0.0229397		-23.3513
0.200393		-1120.82
0.107814		-73.2277
0.19006		552.654
0.0209841		82.8466
0.0960916		-449.658
0.122351		42.2749
0.188274		-10.8195
0.0323105		-443.144
0.210095		223.49
0.0990523		-1109.4
0.0479895		323.493
0.22768		-538.211
0.0707893		-1813
0.11054		-567.641
0.104144		-325.291
0.0648916		-223.819
0.12814		-504.379
0.102604		368.992
0.0270327		-64.2549
0.078256		811.353
0.187717		-167.367
0.130555		-607.697
0.0338647		247.656
0.0301972		103.718
0.22567		-442.38
0.0892888		1108.36
0.0235164		435.962
0.176964		-37.7188
0.0918232		763.833
0.0790386		336.705
0.227409		-576.377
0.0735701		-736.555
0.030379		756.787
0.127906		-35.4197
0.117874		-132.202
0.213285		1064.77
0.0880378		764.603
0.160137		-100.996
0.101294		1173.37
0.0328953		772.415
0.0214299		925.973
0.225681		556.15
0.231723		499.452
0.204597		726.555
0.0730537		280.997
0.148148		939.144
0.122603		767.219
0.192462		243.04
0.108561		889.151
0.028979		-442.376
0.205373		-346.61
0.234433		402.261
0.204532		-859.993
0.21598		68.0187
0.22442		-1783.11
0.0620074		760.022
0.168564		1482.75
0.00343516		458.572
0.13075		-221.692
0.0127432		758.171
0.00511947		370.042
0.156164		-1091.01
0.0752164		1501.67
0.0250814		179.529
0.0438011		-296.723
0.0263336		93.926
0.101615		511.741
0.0493407		1369.46
0.0315231		-144.117
0.00764917		-73.041
0.104285		-408.884
0.0637049		-480.031
0.13996		-751.62
0.219802		184.291
0.151591		694.991
0.178531		-410.737
0.035715		-414.774
0.173103		-785.319
0.106133		139.593
0.188491		-254.024
0.175002		537.066
0.0563902		733.775
0.197524		127.507
0.0698091		-1384.02
0.0744199		-680.588
0.2135		-367.996
0.00480714		-1557.87
0.0862771		371.216
0.15259		-392.183
0.130823		96.9893
0.0681416		-278.362
0.0882712		-1166.13
0.0331136		-179.973
0.112243		-694.851
0.0881732		-377.901
0.0800685		-66.9838
0.134733		988.367
0.0569211		-672.91
0.0767223		-244.656
0.130753		-275.666
0.0205676		359.195
0.0397614		-123.282
0.0961063		747.179
0.124221		-102.637
0.101879		1216.75
0.0729496		141.029
0.209556		-96.3964
0.141192		-147.476
0.114906		-535.261
0.0286884		341.476
0.0216074		255.183
0.0623229		115.145
0.0892906		-323.655
0.0309528		-684.15
0.229793		608.625
0.178794		829.3
0.00674025		978.258
0.190909		1062.07
0.130822		-9.26922
0.0863684		-96.3541
0.182505		1002.51
0.0722451		106.909
0.0724217		-236.935
0.0561588		523.171
0.00742192		-36.7697
0.0349005		-801.353
0.100031		-530.637
0.157524		654.628
0.0768316		-278.51
0.181994		-552.44
0.0792577		379.046
0.0790924		-571.24
0.198688		960.57
0.174739		934.8
0.0908988		1365.79
0.173365		-2049.93
0.0539597		438.633
0.231543		54.8516
0.200771		1089.56
0.184542		1099.31
0.163385		118.731
0.225865		691.443
0.0683406		-28.312
0.0816393		-1063.66
0.22196		-15.9002
0.0829193		792.846
0.165136		735.449
0.0323595		-460.027
0.131505		201.771
0.0725259		-265.621
0.231743		-527.515
0.0454904		119.653
0.00557547		-953.287
0.0611323		139.513
0.177772		724.251
0.11572		108.415
0.157198		-57.1203
0.228422		-434.359
0.155506		985.462
0.0712017		931.956
0.175521		421.691
0.00120918		-233.048
0.0777246		-57.4271
0.126436		-186.846
0.0348339		2020.96
0.152968		-730.538
0.111583		-77.993
0.00286341		278.666
0.226426		-446.108
0.00910641		86.5009
0.197978		39.9406
0.067344		-777.934
0.176708		-855.56
0.0689298		268.323
0.0698324		249.237
0.129611		-729.247
0.183623		-117.22
0.135178		-88.5477
0.204436		560.241
0.0483079		-161.366
0.0180837		-860.238
0.161746		373.385
0.20997		-42.8002
0.201326		252.023
0.050386		7.19602
0.186712		17.7748
0.119118		-313.853
0.067146		851.801
0.194428		-119.287
0.0220952		-628.816
0.0998185		-576.085
0.174981		22.9981
0.103418		-1042.09
0.0422528		1315.58
0.115438		96.6912
0.0338674		-125.404
0.103627		-501.67
0.171331		512.113
0.135156		-987.426
0.214758		-251.042
0.0216131		1283.6
0.212664		1089.07
0.0420028		1835.67
0.00580929		-237.97
0.00485355		-73.277
0.212276		295.393
0.142281		299.777
0.111954		-889.449
0.233289		-825.408
0.0673547		30.7981
0.0619771		751.348
0.173672		1364.98
0.0504656		-646.175
0.0445259		-223.921
0.102512		-1590.2
0.105494		-78.4483
0.180099		215.636
0.109955		566.887
0.0950463		932.003
0.185847		206.307
0.0727735		538.142
0.214491		774.318
0.0250318		-570.13
0.137299		-636.017
0.0611893		-327.239
0.0351179		97.3034
0.033138		-142.259
0.114335		6.00604
0.072709		837.464
0.053982		1185.97
0.196688		250.985
0.0776647		179.879
0.0841151		-641.357
0.163719		-1218.28
0.230589		-496.39
0.156925		-954.457
0.149635		-612.498
0.218051		13.8763
0.122499		-103.198
0.0846866		-221.546
0.0799666		-711.216
0.0149796		-355.26
0.00651416		-807.99
0.0865346		578.689
0.153355		-558.246
0.112359		153.1
0.000238788		-109.798
0.0930046		-812.051
0.0226565		979.974
0.105546		730.801
0.180847		255.577
0.178931		-264.342
0.0906011		164.554
0.105592		-518.929
0.0485953		-94.192
0.119908		-1136.01
0.233996		1678.28
0.0144529		196.639
0.131258		583.611
0.187207		400.75
0.0610917		-1036.52
0.0798934		265.516
0.187577		-1098.13
0.134563		569.646
0.0131347		-281.352
0.0160119		-1072.89
0.072417		-713.787
0.20612		-1072.83
0.142037		139.2
0.0829428		-13.6366
0.121372		-336.218
0.112431		-94.0352
0.144461		890.678
0.060182		689.911
0.0626866		-589.252
0.0224247		911.332
0.055926		656.653
0.109405		192.905
0.0150307		254.192
0.111699		-228.309
0.00307371		125.635
0.0826707		488.832
0.121829		-382.916
0.217528		819.838
0.189752		471.528
0.138856		-607.67
0.129846		375.526
0.0291481		349.412
0.132923		748.767
0.183394		-479.021
0.19992		-336.933
0.222397		847.322
0.0544839		215.548
0.115717		-142.576
0.09891		1144.17
0.218143		-625.409
0.121124		368.227
0.147709		978.811
0.0672218		-949.317
0.214348		-1112.74
0.0834986		-296.993
0.158959		-1414.79
0.174703		1438.67
0.0374969		604.711
0.0372769		606.028
0.0980406		-929.294
0.0477273		-882.178
0.175867		-111.562
0.14522		-368.772
0.0452172		-326.373
0.143497		-204.288
0.179814		171.69
0.0818939		1272
0.0972857		740.571
0.0227417		1086.94
0.0674666		766.939
0.0431114		-935.508
0.0706833		654.653
0.213573		-379.989
0.218497		-923.265
0.031577		-194.765
0.188861		556.168
0.129482		125.067
0.0324399		1364.61
0.233077		25.9502
0.00854955		-17.2512
0.202429		373.833
0.088743		-798.602
0.0743279		762.13
0.0248534		711.105
0.206077		97.2064
0.13778		-145.922
0.136074		766.884
0.119036		1533.29
0.0459469		-118.701
0.0185552		-421.948
0.0372191		-162.141
0.053317		421.559
0.197609		72.9588
0.120396		399.124
0.0867019		1140.27
0.119974		541.058
0.0459852		-1380.15
0.15887		-670.433
0.215588		56.498
0.179745		126.15
0.229653		-137.708
0.195389		669.861
0.0761243		-736.814
0.00908172		110.492
0.010089		136.634
0.175286		894.452
0.189661		575.75
0.00202152		-481.189
0.00769218		619.127
0.114623		-77.0062
0.102905		356.998
0.145903		486.27
0.118668		82.7511
0.0569489		-626.453
0.206166		-1485.37
0.0607589		946.738
0.232657		553.524
0.088019		-264.355
0.057786		-355.826
0.223173		-673.037
0.18759		471.033
0.152767		-561.496
0.0228874		-240.158
0.149994		-774.236
0.10366		-861.282
0.189763		781.111
0.00878957		1121.59
0.217922		426.434
0.16906		-451.849
0.0575803		-660.622
0.233071		1781.55
0.192831		538.786
0.179019		-227.849
0.159256		-214.054
0.230088		-284.775
0.158833		-678.606
0.190501		40.6331
0.0871258		695.126
0.117295		161.032
0.0230458		12.1414
0.150993		-624.416
0.0302984		-1290.65
0.0396423		-564.183
0.182591		-773.174
0.148782		-73.6662
0.193726		-685.671
0.198877		-365.474
0.129809		309.792
0.172018		-1140.06
0.213605		-860.128
0.213074		32.2654
0.162751		446.251
0.123289		989.05
0.0191771		-394.143
0.208328		-619.695
0.0427534		-1099.34
0.0782691		-32.1276
0.0250108		760.466
0.193646		-789.804
0.224393		101.476
0.21116		-1481.25
0.0781999		766.985
0.0582654		1010.66
0.0420906		-884.257
0.153332		-660.286
0.142094		865.158
0.149776		1215.64
0.182271		-306.007
0.1748		-1128.56
0.127963		332.829
0.0499557		1109.38
0.0964988		372.591
0.0663454		1203.97
0.00788247		-863.07
0.0544926		-224.353
0.0949294		110.532
0.126622		13.8895
0.119099		-624.58
0.136464		-730.066
0.121827		-625.032
0.0103495		-488.639
0.202327		-1098.87
0.11268		650.114
0.0364941		7.20593
0.136724		-170.537
0.025236		809.258
0.0551698		23.2803
0.187878		158.859
0.0550209		-1286.67
0.15146		-1171.14
0.133665		-96.9701
0.0267286		-1565.5
0.0662592		871.684
0.104566		-840.005
0.104943		-415.358
0.149048		-601.06
0.194514		339.774
0.0653317		356.336
0.07675		1527.39
0.213234		654.076
0.129441		-790.37
0.0984416		935.381
0.0601585		213.32
0.135175		129.13
0.230828		685.776
0.139649		-508.461
0.0326414		429.942
0.0868166		-650.753
0.194776		942.699
0.164614		-1074.57
0.140809		-408.709
0.00747203		309.019
0.0173225		510.093
0.183294		735.022
0.113231		-225.632
0.0562555		140.128
0.19231		1145.21
0.144992		280.249
0.203696		-145.135
0.0844543		750.161
0.141423		207.048
0.211807		514.883
0.133447		297.006
0.105479		-558.667
0.231163		1015.22
0.0539743		0.181365
0.0228609		77.0031
0.0836851		772.998
0.0636023		318.723
0.146443		-947.616
0.0147361		288.137
0.197041		416.394
0.119489		-57.8579
0.164407		-1331.05
0.0803309		-162.984
0.0141993		21.6376
0.130979		76.8249
0.123137		1259.8
0.218922		157.911
0.197613		25.8
0.0858776		-855.075
0.14088		1211.99
0.0728784		115.357
0.203811		-399.339
0.203055		247.36
0.0424991		-478.028
0.225512		-735.149
0.157192		299.278
0.00976942		762.537
0.0353241		-1413.6
0.170777		-1903.18
0.221762		698.111
0.0548271		1375.34
0.0231785		-20.6559
0.14446		321.679
0.00191547		944.332
0.214875		1052.7
0.0544622		303.332
0.0484177		426.482
0.115632		-749.944
0.17901		-633.794
0.0108541		1017.44
0.124261		1047.17
0.0774605		-7.6857
0.0406707		-484.738
0.0941063		593.832
0.1791		1137.66
0.000358142		-858.225
0.193731		-1345.79
0.0274745		254.751
0.0527586		-230.355
0.0973386		-312.905
0.158774		319.832
0.132368		32.4447
0.216005		-660.613
0.18167		479.858
0.00624832		-606.621
0.169678		-37.8217
0.224484		117.248
0.106623		-878.473
0.0372367		781.363
0.0318001		-1044.55
0.184641		-370.002
0.217375		761.438
0.0616464		415.9
0.0208776		553.275
0.0554224		1399.29
0.0466964		-294.855
0.0779288		-975.362
0.10802		-628.986
0.146695		-295.097
0.183692		681.376
0.0299635		-825.904
0.0468392		580.656
0.0455531		-397.231
0.183942		-309.452
0.0706414		-1472.03
0.186372		602.618
0.184187		-408.936
0.138395		-2170.7
0.0888792		696.882
0.146246		-311.51
0.127026		101.335
0.0254782		-723.103
0.229405		-1656.55
0.232874		-595.307
0.139489		-167.781
0.233508		-106.857
0.179109		1030.7
0.0817539		-849.926
0.221658		329.324
0.0866928		349.64
0.145128		-159.778
0.0587721		-653.311
0.0862414		868.597
0.0109975		889.887
0.14443		46.3773
0.171627		-859.172
0.0506421		-303.061
0.191012		-99.0029
0.0897809		428.104
0.126536		-53.1881
0.213448		155.849
0.0524408		-714.33
0.19987		-40.0397
0.120023		-1182.21
0.14107		155.076
0.142404		283.358
0.1516		589.991
0.204321		58.4609
0.0800416		-190.461
0.160634		-842.293
0.0428551		352.044
0.0850536		982.186
0.221036		-9.36772
0.0414984		-769.335
0.194117		-1529.69
0.223918		223.953
0.0655433		251.292
0.0348074		-941.073
0.142513		-697.008
0.15638		214.655
0.234582		246.276
0.0866279		-48.7374
0.147034		-1276.36
0.18104		-327.492
0.0790623		645.171
0.102046		-508.32
0.102663		-806.03
0.133209		53.7937
0.0126522		101.885
0.0249221		387.87
0.159191		-909.316
0.0745929		-711.51
0.00205374		271.157
0.211167		656.35
0.225097		-807.331
0.0158535		37.7251
0.127508		-1377.73
0.0204466		359.844
0.229852		471.757
0.0285723		-55.495
0.127605		904.944
0.0898591		293.127
0.0861984		-564.514
0.00160145		461.407
0.0885872		83.8021
0.139695		91.4582
0.0114056		524.583
0.190466		-1188.91
0.0256527		-736.908
0.188213		166.53
0.0304431		-1403.61
0.122146		-489.695
0.0150395		1708.5
0.0972		-458.609
0.0713872		395.559
0.0765507		-326.475
0.107636		-274.907
0.157227		-514.039
0.0180749		1410.9
0.183656		607.392
0.104577		469.892
0.13348		-468.137
0.130928		-1038.64
0.111374		1204.55
0.0503387		687.371
0.00203855		48.4723
0.0938944		205.121
0.07331		-229.11
0.137324		-1102.73
0.232744		-897.922
0.0871176		1000.97
0.0557796		902.323
0.131859		683.157
0.08957		465.859
0.155113		-1268.63
0.233038		475.242
0.169577		-925.683
0.185962		-337.421
0.0769127		1869.14
0.185044		-1264.33
0.113489		504.723
0.127939		-2130.15
0.182622		180.1
0.129997		65.323
0.134155		-36.1782
0.164981		807.958
0.0796044		-978.573
0.0996924		-952.65
0.144394		-375.53
0.133567		-34.4734
0.155577		-38.099
0.186166		-111.277
0.119377		-305.713
0.208107		542.764
0.0395381		213.146
0.169623		116.138
0.183231		-81.4682
0.0691074		619.158
0.23199		218.981
0.0473865		139.432
0.163387		-189.232
0.152162		-87.8487
0.029041		276.548
0.0139086		308.352
0.209072		182.538
0.0585833		1126.62
0.0632365		261.65
0.0728727		502.152
0.14895		104.325
0.0680041		-1678.3
0.0113055		-305.776
0.116857		-510.079
0.229515		-651.111
0.215903		1742.17
0.20564		72.8582
0.0473902		149.441
0.226541		1230.05
0.123954		280.622
0.00705163		125.042
0.234329		-7.06112
0.157013		547.852
0.134147		263.311
0.12192		-191.558
0.168811		478.464
0.143969		-675.321
0.215901		-249.473
0.00412119		-350.325
0.0180835		208.095
0.215601		-158.147
0.224198		-28.6342
0.0160626		660.289
0.140862		-778.036
0.207474		-67.3518
0.107606		724.627
0.183171		-1033.71
0.0702862		496.889
0.138121		613.401
0.0906496		809.242
0.192414		172.464
0.0225359		588.899
0.100571		-666.08
0.0270936		547.598
0.0126464		102.78
0.178668		318.277
0.224157		73.2075
0.0380471		-206.477
0.153412		1012.81
0.120916		696.055
0.170425		1294.82
0.0997469		-917.303
0.0290212		-363.515
0.191498		476.157
0.0361197		289.338
0.191931		254.059
0.0336028		534.351
0.12612		280.725
0.0884908		-12.1605
0.110425		-193.842
0.218837		-325.233
0.114653		103.715
0.137617		-1107.66
0.138819		1104.38
0.147122		151.514
0.0420288		962.877
0.160725		727.955
0.161821		656.647
0.168483		-460.093
0.170762		4.43112
0.0910487		147.192
0.069122		-1531.85
0.227351		-81.7786
0.0669689		822.824
0.00210274		437.755
0.200738		37.989
0.036372		-59.9301
0.213063		1104.98
0.107782		-650.528
0.096209		220.41
0.234774		-590.322
0.180365		-283.805
0.229781		-120.095
0.150154		-1241.22
0.0997178		-575.31
0.0116447		-157.288
0.111894		191.339
0.199036		-21.0171
0.120237		600.055
0.00148554		484.037
0.190083		396.618
0.0790857		-42.084
0.114815		-403.066
0.233879		-322.18
0.108069		-437.937
0.0358507		-1099
0.210821		1129.13
0.036176		670.287
0.131502		719.767
0.0721301		-1655.41
0.231983		-75.6667
0.151909		-179.649
0.212042		1139.37
0.0624001		681.452
0.186136		948.075
0.135497		415.832
0.0397998		157.653
0.148314		1272.33
0.200333		78.7705
0.0666753		-7.42188
0.106221		197.072
0.149623		813.097
0.0615549		-369.261
0.0310392		131.303
0.0520302		-183.435
0.0453426		1796.92
0.174148		25.6746
0.230416		-710.668
0.201443		998.105
0.183096		921.244
0.0788844		507.467
0.0110854		-1750.45
0.0193255		-76.097
0.0796206		-435.774
0.0884077		329.275
0.216974		1483.1
0.178315		-158.869
0.00835124		-754.849
0.215169		-488.398
0.119212		132.388
0.140886		-441.694
0.204454		1002.14
0.158856		462.082
0.0453949		-1144.28
0.185695		-284.927
0.208084		-833.81
0.0209854		526.063
0.219697		654.125
0.103295		-533.345
0.0939115		442.268
0.219366		-627.311
0.0839232		-512.291
0.113991		302.79
0.220343		-797.531
0.014055		-740.783
0.219996		-322.729
0.152675		267.552
0.193135		30.8354
0.0412309		784.599
0.034015		-728.803
0.148691		-596.856
0.19681		98.4308
0.0188459		856.812
0.100313		-114.642
0.152549		1004.83
0.0182051		-445.171
0.134533		-181.772
0.0215986		-288.721
0.230884		326.13
0.128292		-105.327
0.233485		-237.369
0.0578307		1201.83
0.062997		203.198
0.22371		-623.342
0.226043		-1074.19
0.00988715		-229.079
0.0303932		-376.676
0.190204		1089.65
0.146313		-492.703
0.0385972		-959.74
0.185936		-1124.53
0.0185723		-728.013
0.152918		871.626
0.210281		-764.678
0.118397		983.039
0.0965483		-674.052
0.00706549		391.78
0.0526431		-674.903
0.0309226		-26.0192
0.172667		-1251
0.0519507		352.276
0.0192781		-319.978
0.201614		236.172
0.0113504		75.7114
0.200342		-524.776
0.0154818		989.204
0.011598		-1682.58
0.205928		-692.996
0.230099		-262.902
0.155701		700.93
0.112948		1533.19
0.0603698		-186.919
0.0396583		-245.381
0.106821		699.529
0.180424		-348.768
0.184839		269.523
0.112361		-922.001
0.119921		600.032
0.187018		-785.522
0.205077		-404.715
0.193381		-116.807
0.11971		-898.912
0.162172		-724.329
0.0702171		-1238.06
0.163482		81.1382
0.0824259		-33.9229
0.226254		-390.643
0.217261		357.704
0.186599		1723.23
0.0557279		679.101
0.143821		-0.709508
0.0231511		-1313.28
0.2112		177.013
0.0616778		-1614.33
0.172292		775.728
0.231105		260.83
0.216327		-731.264
0.114648		-554.32
0.146534		449.715
0.134969		1342.35
0.135716		-50.004
0.148689		1244.71
0.0618566		70.6091
0.132879		889.387
0.0181333		-732.32
0.126264		208.126
0.200007		-1247.07
0.118455		505.904
0.143395		-397.301
0.167042		571.82
0.19303		600.972
0.119095		-323.242
0.0809221		834.627
0.0858838		-466.864
0.209195		-192.204
0.167679		-1296.71
0.185101		33.0017
0.214039		551.391
0.155329		11.2276
0.0721697		371.594
0.207467		-1185.83
0.229608		903.767
0.0936307		-884.413
0.14069		227.813
0.0157372		70.0769
0.163523		899.96
0.0261188		286.366
0.070884		-1059.39
0.0959086		567.105
0.00748025		-443.243
0.174127		0.74194
0.135098		1637.38
0.124876		-238.475
0.154995		875.386
0.169357		-524.998
0.169529		519.804
0.0551618		-231.063
0.129995		-165.495
0.137092		426.286
0.0683854		222.621
0.201517		-220.427
0.177313		-299.416
0.188578		-72.6986
0.040617		1164.13
0.138276		-260.034
0.0975478		833.843
0.0997175		-666.334
0.0762523		568.35
0.0223662		-462.229
0.170975		-1154.58
0.0215834		-894.575
0.0284781		-659.687
0.179853		94.8443
0.0631134		-1545.39
0.214535		542.378
0.218875		586.745
0.0869173		-278.269
0.198196		1140.21
0.14235		338.235
0.0397069		-311.494
0.15656		1063.53
0.226649		-123.095
0.216988		61.7653
0.00662353		874.2
0.173025		118.733
0.0707755		1304.79
0.0220777		538.334
0.223912		121.921
0.209135		770.483
0.154976		991.132
0.206733		761.022
0.0684774		-129.015
0.0629506		810.507
0.0303577		543.079
0.184472		-176.031
0.214374		185.297
0.100249		-42.9405
0.0857255		-1381.11
0.00745092		-67.0195
0.214507		-378.478
0.0754043		300.94
0.0149129		1476.66
0.022103		-1047.67
0.136307		-631.358
0.00875543		769.958
0.20059		-150.461
0.0344075		-1356.23
0.0763764		-1449.51
0.167422		-376.619
0.178485		387.994
0.0936168		-277.918
0.0550636		234.687
0.167587		-250.126
0.0322161		-1414.49
0.0659357		560.759
0.100537		626.387
0.0997962		1089.82
0.134793		925.132
0.177932		507.577
0.204693		-677.017
0.159895		507.452
0.19842		-273.411
0.145886		466.298
0.0517852		-279.835
0.202067		-685.846
0.231835		-601.276
0.165012		-217.631
0.048449		199.606
0.188084		-1439.6
0.00322391		38.2358
0.188404		-680.518
0.108531		-1718.25
0.0804149		-427.222
0.0240278		-559.54
0.130344		-1062.41
0.167431		-444.141
0.0515886		552.562
0.0141094		692.514
0.0410509		414.043
0.204164		-230.402
0.0745817		-429.513
0.218059		-831.636
0.0560589		154.966
0.103804		397.724
0.0699654		75.4338
0.225597		-174.733
0.19869		-1023.81
0.00994365		49.7373
0.194295		-480.232
0.157563		867.229
0.133955		579.484
0.0519316		342.396
0.217392		684.944
0.00602583		-573.964
0.0546438		-753.207
0.143756		872.025
0.175387		-1.98883
0.19793		1525.08
0.188614		-380.349
0.097583		4.10055
0.234405		662.254
0.140929		-121.349
0.0909092		-741.101
0.222007		-560.053
0.23392		-809.651
0.178841		-245.661
0.161468		482.548
0.179808		-1525.97
0.0120276		-1244.03
0.0283093		-991.453
0.0169915		-853.712
0.215814		-15.7406
0.196232		-631.919
0.165148		-520.422
0.11675		337.228
0.133249		-1067.29
0.125226		-317.119
0.0721199		706.131
0.169948		547.343
0.0784205		-327.811
0.178746		349.374
0.116796		-248.031
0.134293		-33.9214
0.0836335		-351.935
0.0505476		273.895
0.133264		913.681
0.205391		-360.082
0.110526		-808.098
0.0937558		-94.3295
0.212232		-111.875
0.16432		1143.3
0.027906		1142.46
0.0843439		69.3625
0.00930788		1125.54
0.0849977		79.9383
0.101475		90.8976
0.0346929		-333.286
0.127207		991.322
0.0309987		-227.016
0.100184		785.157
0.0173363		212.887
0.0210418		-293.735
0.210405		-334.907
0.226382		576.079
0.132451		-168.916
0.181866		-236.637
0.180144		-464.021
0.151827		71.3287
0.0514309		131.585
0.195425		160.138
0.00637632		650.294
0.0731864		400.833
0.124827		452.318
0.0775314		-453.858
0.165314		-988.433
0.211928		-689.22
0.0598482		401.943
0.16212		-309.015
0.0524597		430.792
0.156501		825.429
0.202812		686.918
0.211935		-60.0765
0.234272		946.099
0.0651771		-284.704
0.193231		1400.49
0.0134591		-259.361
0.0767997		176.669
0.189042		-407.256
0.00483122		335.696
0.0131928		1203.1
0.200612		-424.193
0.0235414		462.234
0.197481		-775.306
0.160604		-1850.28
0.00529436		-662.648
0.11378		-48.6204
0.121821		-826.974
0.180575		-377.068
0.149257		385.871
0.0550865		-137.002
0.11027		-166.742
0.0723541		523.795
0.0894233		-234.914
0.219905		-145.513
0.0705643		303.355
0.0345481		406.128
0.0131929		818.466
0.200372		448.682
0.127118		-207.04
0.0415547		968.932
0.00867056		-303.066
0.141597		235.372
0.0664779		-941.943
0.125838		360.607
0.168055		158.013
0.152609		-966.086
0.132495		60.0325
0.223204		30.4556
0.187893		783.551
0.212874		530.343
0.198323		569.224
0.131931		-165.793
0.101312		1165.32
0.156496		953.758
0.151236		390.556
0.103263		2013.6
0.128298		-34.3065
0.126886		464.874
0.141425		484.975
0.20036		-24.1326
0.00992524		1850.95
0.00382687		-457.377
0.166811		-357.347
0.0677045		-388.216
0.228045		-285.025
0.00996079		-393.371
0.099327		813.195
0.174386		445.322
0.15146		-661.697
0.132717		606.11
0.220287		-582.613
0.110305		286.99
0.012152		-1766.58
0.116013		-182.351
0.0260488		-333.662
0.0575897		468.36
0.107852		940.692
0.0684222		149.296
0.0294245		529.099
0.0573585		1352.43
0.0110681		-234.551
0.232448		-122.363
0.0128016		-373.401
0.0254043		-1493.93
0.184787		-116.606
0.104117		595.096
0.085776		-817.863
0.229851		-1983.22
0.156321		-882.206
0.143088		105.111
0.0272672		498.557
0.190611		214.945
0.0261348		403.109
0.077095		-835.647
0.0370301		85.4307
0.120551		-433.141
0.0557045		-1913.34
0.110906		-543.886
0.195439		365.889
0.0949789		545.977
0.0291586		-891.563
0.18069		-28.6954
0.229018		343.296
0.195028		148.186
0.0639031		63.169
0.204461		1003.01
0.0868495		-458.738
0.113597		744.571
0.17496		-409.128
0.166099		-204.57
0.19156		-262.411
0.132767		-237.056
0.0945256		-85.1921
0.156058		-558.628
0.0846015		1553.65
0.0679296		819.788
0.0209385		1110.77
0.0822888		-71.4672
0.212085		1026.04
0.211549		971.697
0.0908252		-2.00361
0.152792		-1651.96
0.0617079		-46.8797
0.0162835		229.105
0.105555		-1094.77
0.123853		-641.113
0.127407		-1202.83
0.0231373		-516.921
0.184975		-95.7189
0.189412		-875.699
0.148782		639.777
0.0379644		445.504
0.0880994		-1262.12
0.0337922		-417.926
0.0320458		-421.736
0.140125		33.8167
0.113887		162.367
0.134251		-1830.28
0.110188		545.815
0.0940734		-507.569
0.0781858		-926.183
0.0505343		220.682
0.20578		-343.962
0.144231		-92.1638
0.234793		-1213.42
0.201475		-347.942
0.130119		-636.555
0.210238		-609.13
0.118078		-617.816
0.070629		-1050.78
0.0954444		-301.118
0.177057		-43.3354
0.0932761		227.039
0.21877		660.184
0.0480946		-705.864
0.212939		710.217
0.153481		-237.6
0.0614841		-439.984
0.234437		77.8042
0.156279		-693.791
0.164983		-31.5043
0.0790738		42.633
0.080988		-1143.24
0.152813		-599.351
0.134094		-79.5481
0.0426212		85.7126
0.150597		278.298
0.169425		622.48
0.0899817		661.688
0.161379		279.631
0.0814013		400.187
0.21231		-749.923
0.131533		-460.593
0.0231965		-272.769
0.088882		-104.174
0.149655		-542.215
0.186645		1687.47
0.0814903		-283.618
0.122041		-1235.27
0.231213		-616.538
0.0193177		-493.602
0.020618		595.267
0.0966014		125.075
0.0921681		-491.389
0.0927322		53.1155
0.0282779		-41.6345
0.215891		607.747
0.0875881		-708.922
0.191152		54.0624
0.137556		360.674
0.0900513		122.181
0.14298		324.966
0.192047		422.26
0.218282		-752.295
0.156142		520.777
0.117295		-1279.15
0.139436		-13.8138
0.0751334		-101.765
0.0524416		288.729
0.108769		389.64
0.0173338		-816.734
0.190874		-482.025
0.108025		-425.671
0.0689691		796.875
0.191274		653.79
0.157408		293.504
0.193361		38.8717
0.0501752		488.812
0.0133249		-754.108
0.233436		909.369
0.087332		578.076
0.148021		-632.049
0.0811363		1016.19
0.0317877		-64.482
0.114444		44.9575
0.0399899		431.508
0.0227147		1060.91
0.121938		461.892
0.148092		-65.0722
0.121627		-839.147
0.215089		-142.908
0.0598975		-617.127
0.0768429		-1384.46
0.0573497		-1154.72
0.124843		389.282
0.156445		451.196
0.112662		190.52
0.133058		-631.555
0.138069		-773.032
0.166339		422.375
0.138155		245.721
0.0270483		383.387
0.172068		14.4152
0.056898		498.483
0.198025		-579.018
0.149783		487.444
0.168782		-358.06
0.152322		225.676
0.168485		-685.25
0.0420486		1349.55
0.150444		-210.304
0.16696		210.394
0.112891		666.814
0.181741		-946.821
0.107744		-1457.73
0.0404857		-58.3616
0.168497		-315.615
0.0784061		1183.34
0.0182577		689.448
0.175031		-1165.21
0.00855571		524.039
0.0840371		94.1609
0.123242		-508.922
0.00707249		-3.43644
0.180289		1774.58
0.142361		468.336
0.196216		-241.58
0.0797782		608.676
0.0796698		-201.384
0.0600771		745.667
0.226892		-708.769
0.0550949		-8.27817
0.00225486		105.864
0.0835678		-49.729
0.00329167		-1870.84
0.134926		1398.75
0.0503488		-807.19
0.0399266		118.121
0.175257		323.953
0.195201		185.006
0.0260295		1091.58
0.104725		18.8723
0.0105282		-94.515
0.0391872		-372.288
0.0826339		-401.523
0.157778		1235.61
0.0889177		262.447
0.0811836		-792.037
0.19141		-1153.85
0.137928		336.757
0.218537		-264.15
0.119187		216.243
0.112208		-247.817
0.16863		754.73
0.180682		-347.531
0.180249		-736.995
0.123516		869.509
0.0948418		204.394
0.168932		-1008.06
0.0716895		541.553
0.0641218		408.371
0.0190661		-1479.97
0.108467		-204.757
0.0799493		544.743
0.0358651		508.735
0.172793		1102.68
0.0307541		708.042
0.0786409		-1483.67
0.0886401		-901.229
0.088549		982.086
0.0645332		319.087
0.00707232		-551.141
0.116453		-145.703
0.121709		195.205
0.177001		-591.172
0.0342945		-645.759
0.118208		-607.218
0.126653		182.012
0.0288473		492.591
0.141711		296.19
0.0473694		-354.04
0.150753		325.727
0.174286		-935.343
0.205309		-301.586
0.0201519		443.215
0.173555		993.432
0.219252		-1319.77
0.168925		579.847
0.00469259		-416.09
0.0375268		37.3415
0.110827		7.42379
0.191208		314.69
0.121445		-32.2607
0.0535352		769.314
0.202829		-196.627
0.0489423		828.178
0.163065		-485.103
0.185432		472.494
0.233121		-206.99
0.213347		460.24
0.0825049		-453.757
0.197459		-358.985
0.119127		644.483
0.0172484		-678.178
0.105533		257.818
0.13404		-127.891
0.204734		555.095
0.0947927		-398.136
0.136419		-812.29
0.0913688		-341.664
0.188147		857.113
0.00253848		-218.974
0.0125517		637.213
0.221298		738.727
0.0755814		33.6755
0.20478		387.49
0.0875401		-864.154
0.192955		78.6811
0.135179		394.738
0.0413436		-507.003
0.214409		106.191
0.00242673		153.117
0.213455		-1677.16
0.176351		-654.526
0.191094		-1436.2
0.209537		-116.366
0.131511		-129.381
0.218028		77.3899
0.185346		589.764
0.130719		-514.688
0.0466189		374.923
0.129285		244.069
0.0896954		-1041.56
0.00620068		638.783
0.0141909		541.963
0.222244		464.256
0.0752257		-211.261
0.0640168		-349.264
0.158027		-954.438
0.0057193		-863.107
0.0809056		823.598
0.232256		111.315
0.035889		-1447.27
0.208515		1394.57
0.19771		-415.571
0.14769		-1016.83
0.0527371		1160.31
0.190586		469.277
0.022314		-1115.69
0.00210775		-550.922
0.0650973		0.0597234
0.114173		-1389.18
0.0396718		-703.667
0.0864315		-504.576
0.128173		75.4473
0.0595542		283.689
0.206795		-954.519
0.122892		-583.395
0.0261399		321.693
0.0745652		-345.27
0.142786		-547.804
0.15796		223.985
0.106465		-225.298
0.00296234		-399.308
0.00544443		-4.54701
0.0881504		-256.274
0.0645		130.831
0.0344109		22.4618
0.0171784		480.909
0.212813		-1598.05
0.0149441		-15.7104
0.03436		126.302
0.089938		-648.988
0.0874034		189.604
0.0868486		-164.564
0.0556797		560.611
0.047859		-626.776
0.219603		5.32724
0.0253302		508.632
0.0422334		1266.53
0.0490235		-726.319
0.00831471		501.265
0.134928		-139.864
0.205577		-457.744
0.1523		507.546
0.177053		5.12598
0.142815		324.661
0.0431848		-410.95
0.212101		-1216.38
0.162281		-332.919
0.206777		-1891.44
0.0181595		-485.024
0.2215		-647.272
0.107865		-533.576
0.156864		506.695
0.196831		-948.47
0.0799204		159.673
0.00819828		821.757
0.0320897		214.897
0.0306392		-1038.2
0.112419		1341.97
0.192594		752.285
0.205801		135.262
0.190314		-1866.04
0.10168		372.405
0.0898893		-110.733
0.187865		119.74
0.0662468		334.404
0.121746		711.43
0.200824		-793.072
0.00472988		1007.97
0.190806		-997.861
0.226135		-132.086
0.0173344		533.719
0.0247934		-194.896
0.061736		780.547
0.141934		206.845
0.163461		-1407.39
0.0702779		-789.271
0.00797759		-1276.27
0.0523941		-947.368
0.112676		-304.573
0.0983175		-66.5567
0.0303773		-374.395
0.179606		-395.799
0.0617736		-332.103
0.178485		-815.285
0.114405		-635.871
0.163284		204.524
0.0266582		-1046.11
0.139833		585.589
0.142977		-1506.28
0.221079		-164.539
0.0769464		1493.88
0.172617		-725.46
0.0713651		-441.226
0.177323		-953.665
0.0417342		-868.89
0.064359		1405.07
0.0594782		64.1277
0.119282		91.7019
0.0749089		-393.919
0.18764		229.511
0.00497762		-437.586
0.165205		-1100.86
0.175054		-548.996
0.141734		264.46
0.156194		736.499
0.0539193		819.43
0.118926		-125.767
0.130979		216.859
0.169787		318.315
0.0863886		442.244
0.0717656		-921.092
0.090762		-529.442
0.0812225		673.998
0.0874441		-29.0409
0.0741862		117.804
0.218809		225.169
0.190429		-291.665
0.217231		348.078
0.0272317		1284.61
0.0612761		-1708.55
0.145414		-1319.91
0.0848645		522.621
0.0427537		-890.724
0.211681		70.2205
0.13782		245.431
0.14914		-367.588
0.222118		278.596
0.157837		-746.977
0.0827426		-326.098
0.215889		152.7
0.0238136		595.995
0.123298		-27.5599
0.0482991		798.721
0.0241927		-1192
0.105026		571.111
0.0437098		657.965
0.189199		808.184
0.0694972		-915.49
0.199368		-844.845
0.21369		-365.37
0.118925		658.521
0.0312033		62.5196
0.0325676		-16.7603
0.0173074		704.017
0.0311698		-212.565
0.196319		-299.064
0.118811		715.551
0.170216		-26.5846
0.0125241		213.315
0.00498093		-123.857
0.155901		350.993
0.113717		-127.571
0.0913808		68.7558
0.0580201		426.159
0.114923		-195.018
0.0726086		-986.09
0.14284		-991.61
0.108511		-703.815
0.0223181		-970.906
0.0766645		615.891
0.0871602		-986.784
0.117938		-125.219
0.199703		335.381
0.130928		1213.9
0.144763		406.014
0.0502593		543.561
0.0206234		139.212
0.156894		600.399
0.124972		212.78
0.0778615		452.103
0.151626		855.811
0.0408401		1379.52
0.143546		-1017.67
0.0901504		1775.64
0.155146		-261.936
0.218958		263.24
0.176885		205.334
0.0607516		-880.998
0.19997		-346.269
0.193087		-278.503
0.0370299		481.77
0.12815		1.52994
0.130661		-1055.79
0.128425		-346.748
0.05631		-448.456
0.167026		-721.851
0.0581343		-117.031
0.104589		1221.1
0.0829792		2368.09
0.0627746		798.012
0.164661		-1417.37
0.165253		440.161
0.0170778		-737.44
0.198419		596
0.0337254		262.327
0.110382		96.1457
0.0095644		-1420.58
0.1844		1600.83
0.113847		150.165
0.0553668		142.764
0.230009		-94.9168
0.17083		217.427
0.210567		-1082.01
0.104508		1855.91
0.137459		163.402
0.115225		-349.808
0.227241		959.591
0.0107533		373.234
0.00250465		790.598
0.184042		-177.447
0.0285462		-124.421
0.160887		-1221.31
0.0756527		-132.567
0.0770294		800.962
0.0172131		-765.403
0.0908042		-112.234
0.122451		-716.12
0.0300435		201.264
0.0407273		-698.536
0.229257		1526.64
0.0350869		-680.641
0.00717122		415.322
0.179925		-79.8872
0.119234		-354.453
0.0533242		-64.5746
0.216835		-535.335
0.231475		-714.167
0.0791112		888.381
0.0732542		-437.639
0.0367685		-869.728
0.0991312		-1079.49
0.0887982		-354.987
0.141622		-899.976
0.0266781		-132.78
0.0630666		-580.029
0.149179		95.2879
0.102266		-1216.61
0.114451		-207.061
0.179527		-1013.48
0.147791		374.289
0.166226		-1063.77
0.00707571		1094.04
0.165335		1033.74
0.195277		358.095
0.180282		-1282.9
0.121369		743.295
0.213377		847.484
0.015482		-355.4
0.139187		-468.349
0.223008		-102.221
0.157744		-1440.91
0.00451325		-172.285
0.00361619		-199.868
0.0165706		948.978
0.0982422		415.711
0.0635412		-824.659
0.00606261		-502.348
0.0985089		-1174.38
0.185511		-1610.09
0.19174		561.538
0.153249		728.115
0.0364739		219.635
0.109307		588.386
0.132754		-998.907
0.198114		889.476
0.0291546		247.897
0.0605656		-1144.24
0.190833		182.33
0.0563147		452.686
0.172878		957.928
0.122676		-213.509
0.105717		-89.4723
0.12707		1103.69
0.195633		317.636
0.185536		-1538.25
0.0840029		-337.867
0.174752		-980
0.0322853		434.003
0.0664847		441.351
0.159184		185.862
0.190574		-336.791
0.0651075		93.4004
0.0125131		1378.72
0.230734		485.219
0.119516		819.563
0.0255135		521.322
0.147301		579.573
0.027992		654.086
0.0204757		-28.7207
0.219271		-387.475
0.120499		317.888
0.170965		680.762
0.113508		-421.007
0.132769		123.755
0.127912		418.758
0.0957777		798.958
0.0471454		-6.33268
0.150246		1059.31
0.0917028		418.694
0.0328836		640.702
0.169784		-320.285
0.0934811		487.851
0.0597505		-1229.81
0.0526767		646.883
0.229348		806.28
0.0625144		418.641
0.14365		931.242
0.098126		1140.51
0.159353		147.448
0.0851978		-302.118
0.141956		-660.269
0.0306732		331.087
0.209142		-23.4322
0.182288		-236.437
0.00244306		-163.322
0.226745		-991.022
0.18244		1166.74
0.0340135		783.354
0.159084		744.58
0.202787		-864.783
0.123895		935.333
0.111046		460.604
0.0814978		1034.88
0.0383315		-197.051
0.105881		-1126.93
0.0296064		431.097
0.213621		405.906
0.013379		115.631
0.049663		308.585
0.0993764		637.109
0.172034		223.565
0.108787		-11.4055
0.0231743		468.815
0.0615266		-776.348
0.17401		-216.946
0.0511938		-6.85635
0.0734026		-1654.51
0.193773		1354.29
0.131482		779.29
0.123882		-110.011
0.00693047		575.902
0.189518		-173.703
0.160405		1034.1
0.0805306		484.095
0.210897		-761.183
0.0652682		-572.224
0.161695		-660.081
0.202702		-318.253
0.111045		1431.59
0.210775		-1281.67
0.0381926		542.646
0.0295786		449.135
0.0063936		792.176
0.103695		532.144
0.0490737		-998.839
0.0705897		400.664
0.11276		-281.361
0.211055		66.2035
0.0150718		-681.651
0.065424		-1506.83
0.151008		-792.139
0.153338		-1138.42
0.104158		-675.597
0.0558627		-1384.93
0.0764292		535.703
0.194434		129.422
0.233167		1024.63
0.02029		-319.004
0.095196		-293.859
0.225455		249.288
0.0902252		2.23998
0.0475906		370.114
0.132348		-1902.03
0.00958328		-466.809
0.216747		211.987
0.100088		350.239
0.19813		148
0.0791337		78.222
0.118763		-283.922
0.100135		-368.482
0.0533914		-141.837
0.00421931		-133.126
0.170053		-430.393
0.134902		463.918
0.0509336		-1716.69
0.170057		643.514
0.0290578		-300.126
0.120092		-839.407
0.190899		270.596
0.0165657		-462.397
0.167739		-527.455
0.159731		1517.8
0.0863267		523.478
0.20201		-141.027
0.0822727		-49.9614
0.19273		-7.02736
0.174826		-220.595
0.0789773		-657.677
0.0661088		-1680.46
0.122706		-57.317
0.200659		312.975
0.185757		261.923
0.1106		1173.91
0.171322		-1289.27
0.0151017		-227.337
0.0503174		1529.13
0.190678		221.479
0.0827915		202.507
0.180974		116.95
0.0564945		-538.009
0.116124		236.28
0.105827		-139.294
0.0976448		-218.948
0.134474		-454.169
0.226732		-685.252
0.173197		286.901
0.162801		-1312.38
0.0411989		-1174.76
0.125225		727.416
0.19765		936.214
0.224442		-180.765
0.232677		-121.015
0.0917441		1006.71
0.164232		-898.557
0.146369		-394.661
0.0570682		502.698
0.00198351		838.201
0.0785087		510.782
0.213213		-1477.43
0.12818		437.378
0.183806		1027.16
0.0718603		-560.118
0.0710764		163.471
0.102587		1439.84
0.0711406		432.313
0.110423		206.69
0.0661025		1212.77
0.117034		-144.435
0.0405908		-455.219
0.145711		-199.354
0.141775		-150.523
0.187793		18.3548
0.0331803		-974.806
0.104563		1293.75
0.087575		16.0402
0.134794		-1105.75
0.153062		-817.547
0.212986		-77.7224
0.133691		349.424
0.221464		-1144.93
0.108458		920.904
0.226581		-1289.66
0.0737077		-467.751
0.210416		339.923
0.0702118		93.0636
0.098332		-6.25706
0.171233		-1027.66
0.0442159		-1053.06
0.224821		1038.6
0.0417975		851.321
0.214407		-342.379
0.204988		-613.994
0.0481467		1018.67
0.0434784		-310.869
0.0980668		1149.45
0.127258		-1556.59
0.205118		697.91
0.161538		-108.197
0.154145		-188.28
0.221735		-663.008
0.0128824		-52.8473
0.0289413		-221.997
0.108404		-890.779
0.214687		460.321
0.168651		-319.942
0.0958017		1036.57
0.212075		1131.95
0.106198		327.579
0.00474568		-1083.72
0.0665503		-1016.88
0.0296899		-290.941
0.100311		-868.365
0.187834		50.5724
0.211068		476.332
0.00859536		234.76
0.0436725		-642.533
0.175058		-1453.39
0.134889		-400.812
0.169866		-96.134
0.193693		681.472
0.229976		-1250.98
0.114719		-552.109
0.0958029		-1575.83
0.0373629		169.353
0.0433182		362.081
0.101857		-840.833
0.215657		-655.185
0.0661266		-727.453
0.103376		-712.319
0.063873		194.943
0.0850005		-657.1
0.0603033		692.867
0.0586464		-89.8408
0.205126		553.255
0.0287439		638.077
0.130348		199.64
0.201958		62.3927
0.209231		943.236
0.158914		-215.31
0.124999		228.682
0.168707		-589.977
0.121626		-756.299
0.0672797		-471.348
0.0340659		-287.275
0.169414		-304.651
0.0319725		-177.737
0.13981		347.208
0.11102		629.198
0.0591268		-193.645
0.220025		1543.75
0.187155		755.407
0.126191		206.117
0.0372226		-282.06
0.0307364		329.208
0.0204904		285.743
0.0065022		277.626
0.0693717		-90.604
0.083416		-790.942
0.106522		-956.46
0.0882257		600.666
0.016815		124.229
0.160943		-202.591
0.0190701		631.399
0.201264		-583.526
0.0910718		493.623
0.0885625		751.655
0.106294		-1166.37
0.0837409		154.84
0.0893078		-427.62
0.0409969		1400.63
0.119045		359.543
0.215955		180.59
0.0722006		958.752
0.0214454		-1014.69
0.148758		832.86
0.0127358		148.245
0.0374457		1194.2
0.203078		97.0405
0.0817831		1438.86
0.136197		505.958
0.119415		170.345
0.00593716		-603.791
0.0443952		466.304
0.229856		-1102.53
0.00636213		1015.58
0.225927		-289.766
0.107557		-500.466
0.116391		-1373.49
0.220513		885.945
0.179165		-1241.12
0.127614		972.436
0.131822		-319.998
0.0644488		566.094
0.198474		-528.361
0.217274		-206.146
0.028268		808.476
0.0535188		244.228
0.081333		-10.7866
0.235008		-255.701
0.13191		1325.65
0.166713		371.262
0.013574		-997.891
0.07485		-561.374
0.139825		64.3238
0.0487296		-777.598
0.123732		-631.249
0.00825236		-75.9461
0.000190641		-544.365
0.0100748		-529.964
0.0768852		629.416
0.10064		-209.971
0.217893		-821.529
0.127688		-1216.61
0.00703457		-712.289
0.0611232		-329.779
0.187742		192.36
0.0465595		-1075.37
0.090076		-684.695
0.0844632		108.896
0.166593		239.024
0.0539364		-811.958
0.0160425		496.909
0.0739625		206.953
0.202415		-45.4777
0.143416		-76.5031
0.0471185		-33.2721
0.170951		875.507
0.131106		297.671
0.214512		614.031
0.179843		1572.21
0.201119		66.1151
0.0903411		902.318
0.15519		-366.397
0.125491		182.979
0.0100674		-900.993
0.0333132		236.746
0.0852033		-25.6559
0.0730228		28.0231
0.197126		659.581
0.140637		-59.7219
0.0746159		292.566
0.0288768		-74.6844
0.103953		471.416
0.133007		151.379
0.0500045		-87.0361
0.208832		-187.785
0.0572623		-50.5597
0.0235804		-194.695
0.121799		748.968
0.161191		-325.361
0.0854609		-289.624
0.0918378		-150.884
0.218417		-256.932
0.18956		-747.985
0.18555		55.9081
0.161493		-459.723
0.0834928		-1643.32
0.0683314		-70.2191
0.0814029		-60.7732
0.0695663		272.695
0.0809289		-335.958
0.0392049		464.147
0.115565		-556.907
0.192211		-746.773
0.170314		-649.528
0.0177435		233.585
0.141575		-537.771
0.00496517		453.339
0.136848		544.732
0.180092		-45.3867
0.209437		406.147
0.107913		-668.65
0.216964		-204.088
0.216102		199.023
0.129434		198.216
0.208658		-936.628
0.134926		-1212.11
0.0879996		-1315.94
0.186128		-226.791
0.227046		-301.044
0.0576905		-1056.4
0.139496		-407.774
0.105384		231.796
0.22914		-465.472
0.121989		125.076
1.60928E-05		-90.3025
0.165379		-357.172
0.0962754		-999.896
0.109364		-428.254
0.0521859		970.114
0.200455		-254.312
0.0655579		583.243
0.0095783		-315.369
0.0348771		451.073
0.101126		-196.086
0.147654		-1417.6
0.112379		-68.2447
0.043894		540.748
0.0943988		-328.453
0.0625644		-398.971
0.0132844		831.497
0.0134008		59.9353
0.0370772		-135.546
0.0785271		168.766
0.0581949		244.903
0.2303		-835.665
0.00073625		-195.214
0.127616		424.497
0.0685041		279.955
0.0682646		486.133
0.199835		-734.354
0.0349845		1319.51
0.0644313		57.6741
0.0492706		1119.2
0.103521		367.238
0.14662		631.219
0.0401085		489.12
0.0187547		-812.689
0.0916926		-2043.13
0.137578		-834.321
0.100044		-1101.55
0.157243		833.502
0.0490564		456.561
0.184132		480.055
0.0366594		-546.303
0.0978315		1592.46
0.0611282		58.7577
0.0172076		-625.955
0.213428		-560.307
0.197955		445.719
0.188778		-377.773
0.0751578		76.5211
0.0432352		-1719.45
0.00897966		147.111
0.147957		650.997
0.0869502		-23.8128
0.0399499		54.0191
0.0389516		-447.645
0.166379		94.296
0.0699096		-221.547
0.143146		-937.959
0.0210025		1023.11
0.0840939		-841.294
0.0484007		-1074.68
0.190051		-169.469
0.223071		781.278
0.13002		776.792
0.0968086		563.299
0.205463		-91.7935
0.0232166		520.784
0.234757		1008.66
0.110206		-979.897
0.0186349		-105.801
0.151006		351.362
0.0286849		688.4
0.0546111		-70.1564
0.198869		827.432
0.0126815		173.571
0.0871482		1382.85
0.100672		54.0214
0.163665		-366.703
0.165315		-757.995
0.0595822		917.489
0.0978288		185.062
0.0313333		647.814
0.0898327		1023.37
0.149732		-317.74
0.126342		-413.541
0.0451254		1132.21
0.139008		626.382
0.0598001		-335.062
0.146596		52.7097
0.215651		992.341
0.104786		-212.871
0.122954		-392.646
0.195305		-1504.67
0.0787736		138.371
0.135651		-517.959
0.0981555		-514.068
0.0675317		810.474
0.0200015		-2830.73
0.147215		356.741
0.146353		109.457
0.0156435		654.627
0.157264		-1062.09
0.171067		137.096
0.1518		359.749
0.00702766		327.954
0.0934216		-212.331
0.076741		-318.721
0.1125		565.287
0.144537		565.758
0.168124		-13.646
0.0678357		306.006
0.188862		-356.844
0.0359469		-338.184
0.0984557		-1062.5
0.102469		418.575
0.0749863		1043.71
0.224742		592.714
0.203883		-754.381
0.11254		-355.397
0.0964012		212.585
0.0773439		366.406
0.0284558		257.169
0.0888973		494.692
0.140639		615.283
0.151835		-75.2359
0.165607		660.621
0.109041		220.642
0.154048		43.0141
0.0322439		-34.3516
0.0124173		431.184
0.117552		922.126
0.0918713		-148.491
0.00696346		-34.8504
0.160489		66.23
0.0537172		9.10094
0.0346292		294.314
0.0810777		425.48
0.0174024		24.2733
0.0855558		450.678
0.214237		-252.371
0.228708		848.943
0.0662034		486.856
0.0252144		76.9514
0.0180985		-243.566
0.183756		-821.451
0.141595		927.637
0.189468		-59.9932
0.119112		-908.477
0.219054		-241.464
0.112983		121.463
0.189002		114.348
0.0663231		-656.12
0.0620656		-186.711
0.119184		655.137
0.177608		-327.008
0.118412		1544.98
0.163986		379.988
0.0685629		893.266
0.232325		140.318
0.194367		-57.1025
0.0271269		-159.679
0.0612685		-458.528
0.214423		411.533
0.168874		573.996
0.118269		-130.144
0.211065		503.028
0.054153		692.922
0.0490336		1210.68
0.133005		-101.789
0.0803567		546.057
0.117838		154.706
0.142276		-536.034
0.120267		-365.411
0.182685		799.636
0.121814		-126.69
0.134086		504.203
0.113018		363.854
0.131057		590.421
0.0375263		370.767
0.00857353		-126.8
0.116542		876.222
0.0631707		-1318.12
0.0724384		410.077
0.0417574		222.153
0.0189188		452.312
0.209628		371.906
0.0440895		-320.556
0.14829		602.931
0.0604843		691.688
0.175882		376.098
0.0946235		596.037
0.202179		-288.738
0.218316		-391.286
0.0710791		-298.917
0.0637226		72.1309
0.0879012		-965.149
0.190284		613.685
0.149307		682.843
0.00925262		523.856
0.0112964		-895.953
0.204095		244.027
0.0358526		220.583
0.189649		-424.157
0.0352471		-345.588
0.0457601		985.033
0.212769		1001.42
0.212716		284.791
0.116398		-1065.9
0.159358		133.516
0.219054		-806.16
0.158742		-603.679
0.114134		-29.0208
0.0114901		-559.371
0.127291		-198.107
0.0691033		-897.34
0.014785		612.302
0.0164842		-75.6654
0.0119436		-798.638
0.12434		1099.43
0.12406		-515.728
0.22388		-204.439
0.190119		-342.103
0.0155572		1109.62
0.228056		-602.171
0.0037147		-31.3648
0.121227		-1690
0.0969351		539.042
0.136109		648.957
0.0313147		172.634
0.0132798		817.697
0.126826		-970.623
0.103822		1025.02
0.044447		1021.58
0.0808939		384.263
0.175171		-91.202
0.0959764		-1235.03
0.0468371		146.093
0.0371289		168.196
0.179549		-327.821
0.142016		62.6075
0.115613		-1056.51
0.105595		-1043.71
0.106718		171.69
0.141976		67.5522
0.133306		-329.769
0.0227325		3.93271
0.0647724		-153.108
0.119782		-421.556
0.0762969		685.861
0.0217673		-1452.44
0.206678		1168.71
0.105608		820.888
0.0268614		-736.354
0.222615		-367.945
0.194269		-551.289
0.0473993		572.558
0.0213908		465.933
0.133518		151.981
0.199672		419.03
0.196453		-399.094
0.113		-242.449
0.0302875		887.46
0.1188		-585.438
0.0119053		-1029.42
0.048491		444.861
0.229747		42.9835
0.0466079		-395.568
0.164986		41.9374
0.194421		-594.417
0.118592		1441.02
0.171678		-293.74
0.141409		-1196.12
0.220007		-1149.13
0.217411		226.951
0.0485253		373.361
0.0143979		-382.097
0.0453571		20.5169
0.207684		-439.191
0.218107		-182.508
0.0290425		821.182
0.2222		1739.29
0.072716		296.335
0.181696		6.96104
0.00868728		-246.938
0.100187		-131.853
0.0581137		853.864
0.150837		1268.27
0.187567		1274.53
0.0164222		-282.894
0.139074		179.169
0.137808		1101.57
0.0918627		-540.574
0.00984671		642.658
0.151818		-102.299
0.162132		742.2
0.00679885		800.853
0.0739592		-813.941
0.179033		-306.654
0.228876		-185.291
0.185219		-375.785
0.21453		-20.3901
0.11475		485.844
0.173587		57.6163
0.201219		658.436
0.160088		374.706
0.056203		-783.723
0.162721		505.032
0.200036		-374.57
0.104379		1309.25
0.0393222		482.114
0.0511384		964.044
0.133521		1112.82
0.226976		-137.754
0.124923		23.1343
0.179693		-25.334
0.0466293		-730.958
0.105897		-652.73
0.080798		67.4388
0.00484102		369.528
0.192738		14.7521
0.169386		117.877
0.0180783		877.346
0.0268242		18.4161
0.0999703		1390.22
0.0776468		-87.1682
0.0178705		-289.724
0.231458		797.701
0.055089		903.13
0.225796		-933.991
0.194152		80.1468
0.058482		178.776
0.0804297		863.746
0.137748		-65.8515
0.0979508		-1135.15
0.0482539		318.381
0.104699		-416.437
0.131929		-46.4416
0.197132		245.047
0.225891		177.914
0.158351		904.905
0.0912386		-206.036
0.110484		-40.9038
0.217721		-430.75
0.227096		16.7609
0.167014		-227.288
0.22302		539.07
0.151355		350.412
0.224997		-304.597
0.207399		772.595
0.0777687		161.197
0.204999		-1112.05
0.0482843		-481.486
0.00807964		-483.456
0.00726907		928.306
0.165438		300.156
0.148799		151.676
0.101283		203.62
0.186789		-539.308
0.0260933		327.371
0.113827		606.06
0.1898		-602.538
0.0925362		-377.795
0.148114		-1384.16
0.0437914		-1349.77
0.0376194		-577.716
0.118645		734.549
0.0396704		73.6492
0.115313		-10.3405
0.093765		275.446
0.147746		-482.347
0.152893		368.65
0.094694		1750.21
0.194238		833.406
0.106277		226.524
0.21109		-290.244
0.0831799		763.553
0.111077		-402.162
0.197339		-799.746
0.17789		-374.491
0.150636		871.107
0.0138793		-1022.4
0.206148		1068.48
0.211021		-1120.64
0.0513925		1046.86
0.0395342		-754.704
0.217252		-16.3482
0.160683		416.998
0.112634		500.081
0.0770409		425.531
0.0581142		1015.15
0.0484745		131.924
0.0557729		228.603
0.22361		107.689
0.134404		469.119
0.086874		-985.61
0.140996		400.242
0.0859916		-117.119
0.210697		1864.16
0.0662389		-780.623
0.0329399		-751.748
0.0861646		-504.885
0.176143		-408.719
0.00100412		661.319
0.220894		-430.619
0.209125		-401.848
0.101854		328.514
0.183323		-862.804
0.118491		893.887
0.081362		569.431
0.0931532		-960.206
0.0784955		399.654
0.0974534		615.626
0.159576		59.8341
0.00275767		502.119
0.2134		-714.96
0.103241		286.899
0.116576		153.68
0.13261		153.909
0.100119		-455.846
0.0718603		-23.9653
0.224044		365.448
0.209959		1479.73
0.0649381		-783.327
0.203099		-541.437
0.135495		983.344
0.217445		-816.169
0.180705		-171.174
0.0832957		1018.73
0.12283		5.84307
0.115524		-294.476
0.0818732		-617.175
0.204415		-1420.24
0.0392724		-789.913
0.105081		-519.243
0.0743778		-150.104
0.0449977		827.347
0.194831		51.6667
0.145243		-215.501
0.0833635		447.857
0.157637		-846.954
0.0173817		-227.451
0.127438		943.497
0.0189848		-420.333
0.182293		687.757
0.15857		686.06
0.165739		228.576
0.213055		242.564
0.119567		-150.417
0.151771		34.3151
0.101116		892.063
0.0959282		328.396
0.228214		-1078.78
0.198754		528.942
0.0658933		-838.327
0.176493		33.6485
0.2309		399.42
0.0445531		-266.189
0.068081		-460.138
0.0202271		448.201
0.122299		-15.2699
0.0236436		765.508
0.00547049		-835.027
0.0111182		-1110.06
0.015791		-130.109
0.0261112		810.161
0.202279		706.993
0.191131		-1534.74
0.192223		140.874
0.00528162		-508.798
0.229201		1127.85
0.0360448		876.227
0.120231		119.592
0.156243		603.104
0.074191		-397.035
0.183486		1130.47
0.153713		-345.228
0.124993		264.933
0.0948698		-521.5
0.1805		-33.1953
0.0221136		-440.301
0.111654		763.474
0.10452		1587.52
0.0912787		673.421
0.187231		-716.55
0.224784		-686.521
0.077751		-323.334
0.17647		-2.81093
0.139106		-469.365
0.167433		342.52
0.184934		-116.539
0.0745969		-190.828
0.0475312		994.748
0.0997261		-1295.9
0.0821918		433.453
0.00257106		1236.03
0.221691		128.295
0.117576		-122.182
0.0532899		606.632
0.0373791		-98.9641
0.0554091		-1594.99
0.197237		-532.74
0.0378767		178.056
0.000577462		618.876
0.103614		97.6461
0.0165314		-106.877
0.234497		-157.255
0.096781		752.415
0.0909587		659.674
0.138081		139.347
0.0548394		-615.28
0.188628		-385.222
0.211394		564.232
0.0993136		-327.926
0.0281408		1171.94
0.0646663		1074.24
0.180821		-506.083
0.187602		451.883
0.0186899		-1106.99
0.0284382		-876.666
0.00876397		-353.428
0.0426029		-482.875
0.0813634		521.976
0.0925637		1044.17
0.180704		-298.71
0.192754		26.7381
0.108315		560.268
0.192177		-369.78
0.17012		-219.937
0.11984		-27.2611
0.192004		-310.926
0.213141		157.957
0.211473		-219.553
0.207879		-566.624
0.167422		-475.035
0.105097		120.605
0.224847		69.3555
0.042498		-786.789
0.218135		88.1526
0.0181933		275.818
0.0828331		872.695
0.188589		-652.02
0.201659		-311.535
0.203674		264.154
0.114852		25.0408
0.0695691		676.703
0.0317014		-1083.51
0.0564107		82.0727
0.152715		-316.637
0.050688		-176.375
0.0783796		-428.235
0.0394045		476.975
0.221261		-292.041
0.129533		639.112
0.20151		303.246
0.138938		38.1663
0.0928924		524.103
0.0563039		-518.327
0.176165		-197.706
0.205132		-465.173
0.0102011		264.444
0.149886		733.68
0.140859		323.418
0.143943		-1008.66
0.012703		-582.103
0.121412		-174.425
0.223288		-373.835
0.0157938		980.9
0.00254156		-206.138
0.158323		-72.1446
0.203719		-80.4321
0.219435		-298.022
0.130863		1363.13
0.130538		322.697
0.176484		108.549
0.119082		238.522
0.0655394		-691.304
0.133777		-109.227
0.0391599		118.906
0.167499		-668.459
0.00898462		487.672
0.0251132		45.4254
0.0501042		-409.386
0.0265767		525.479
0.23235		-523.866
0.0170511		1603.32
0.041212		172.225
0.195105		-7.14027
0.0998343		-193.012
0.124636		272.283
0.145022		203.665
0.204738		-583.265
0.0589186		-710.931
0.0357917		-1736.47
0.0896769		-988.096
0.168523		-1235.13
0.158694		510.359
0.0504726		-512.557
0.098545		326.86
0.0475961		123.895
0.181772		604.956
0.0054635		-427.39
0.106404		487.483
0.0146197		-121.841
0.127327		-460.049
0.011772		234.264
0.0517471		-1430.04
0.125182		540.966
0.07776		99.7178
0.165144		-187.537
0.0386208		680.376
0.126543		1308.39
0.0454189		39.738
0.151421		-69.8489
0.23478		296.704
0.17287		-589.3
0.108995		-410.766
0.172052		-763.38
0.124347		-1696.48
0.218077		-448.817
0.195082		448.337
0.0240699		24.728
0.169779		-523.324
0.0195142		-558.44
0.182079		936.201
0.146211		-189.183
0.0682026		535.548
0.220558		-685.68
0.149152		-791.211
0.190719		352.411
0.231634		738.233
0.216195		443.499
0.233832		-119.97
0.224764		935.926
0.0551679		1032.87
0.027334		972.641
0.00818249		431.562
0.0594122		-490.888
0.0225696		488.022
0.164706		-243.519
0.0490426		-1075.7
0.148126		296.021
0.22243		-787.681
0.0884765		63.9576
0.0255492		864.702
0.0959002		1036.1
0.0810032		750.334
0.201584		293.195
0.131047		75.4622
0.0792531		-185.595
0.0765851		-814.269
0.226501		-784.359
0.216205		-235.327
0.0976503		473.424
0.0129533		515.135
0.0325283		-76.1191
0.211936		-143.994
0.192208		-216.116
0.0371207		-829.634
0.146612		1155.46
0.225937		54.9455
0.167847		604.535
0.140283		-509.074
0.193133		-1541.26
0.0623451		-439.47
0.0993758		-834.922
0.150269		-270.381
0.0401233		311.117
0.0862744		-795.543
0.0294048		638.386
0.00017334		-1384.86
0.0724152		-963.027
0.0658417		398.689
0.0183548		139.786
0.0597159		409.773
0.171318		98.4765
0.0996669		-341.418
0.155715		3.86172
0.158099		-583.7
0.211574		827.729
0.0924279		-1300.25
0.120495		-500.028
0.0574216		-114.397
0.0651796		-273.374
0.122288		697.263
0.0158273		-540.765
0.185133		-918.231
0.20807		-14.2411
0.00887617		671.737
0.0132239		471.062
0.198905		-296.728
0.099131		511.8
0.166879		-489.058
0.103171		176.556
0.215836		-158.676
0.0565275		356.487
0.147748		176.662
0.00150198		180.563
0.157517		308.062
0.120066		-710.562
0.0983665		520.566
0.0561017		197.545
0.137331		673.396
0.154984		-99.6397
0.17974		-953.679
0.234727		913.955
0.162033		-362.031
0.145535		-4.45708
0.164349		-77.4539
0.216257		-1157.01
0.0786601		-465.268
0.111662		-732.053
0.193526		127.505
0.0169211		-356.153
0.108867		1089.91
0.213066		-864.37
0.147986		156.119
0.215048		378.324
0.11329		1516.54
0.170095		-1187.36
0.00836927		452.197
0.0545833		998.448
0.17325		274.989
0.0646197		-1349.96
0.00167262		-219.616
0.191438		821.924
0.211631		113.146
0.195116		760.45
0.0150933		-351.281
0.0600867		-220.059
0.197575		-356.194
0.161551		-77.1676
0.01444		298.215
0.157508		213.504
0.00569747		-757.171
0.171643		-1607.71
0.17715		-671.989
0.190771		-310.139
0.0596966		2251.26
0.14516		1195.58
0.034975		493.002
0.0801857		-865.451
0.200203		-813.22
0.21065		-368.301
0.000582309		434.376
0.153548		-481.146
0.114659		-713.444
0.19744		-211.791
0.0392758		746.173
0.206514		-97.3986
0.0860102		-89.3477
0.225988		266.551
0.0721754		-214.8
0.202268		478.457
0.0688065		298.708
0.177905		553.302
0.151862		75.5401
0.168955		363.412
0.217234		97.0589
0.0916552		-486.109
0.215343		-1795.62
0.00470088		1192.05
0.210524		441.552
0.071869		1173.31
0.14899		-206.776
0.0423151		-187.924
0.206163		201.307
0.0329274		537.5
0.0360617		-946.299
0.171821		-1122.03
0.205976		0.601787
0.071476		74.882
0.100017		1285.79
0.0505813		-172.976
0.130098		-545.627
0.18494		599.487
0.039532		162.539
0.156556		-214.742
0.181853		-495.147
0.1249		1292.47
0.13824		1061.1
0.0120806		-1550.84
0.234428		67.2284
0.224539		265.893
0.201605		-85.9931
0.0659733		-893.404
0.163447		-308.695
0.119992		204.586
0.03222		1138.29
0.0545407		715.707
0.164021		220.353
0.165488		147.408
0.114229		1020.65
0.0850585		-193.031
0.000566829		239.123
0.186511		1410.46
0.194258		-672.715
0.132113		173.267
0.166263		599.984
0.0740105		-648.994
0.0335307		-287.188
0.0317374		-108.555
0.113221		-1056.54
0.0279605		611.599
0.0319788		702.059
0.138987		-269.968
0.198635		574.056
0.112359		620.708
0.0180998		-1633.9
0.19273		-73.5902
0.145562		-391.176
0.129671		545.126
0.197273		-296.999
0.110033		951.971
0.1829		400
0.141728		-385.608
0.0517215		-406.675
0.0382902		1543.78
0.159205		736.352
0.172986		-715.563
0.0980335		-350.771
0.0597213		832.648
0.229172		-541.342
0.154203		-441.312
0.0129642		-402.26
0.174469		281.506
0.0192768		1443.92
0.208619		-5.14489
0.101801		-178.98
0.151094		651.975
0.0975359		-17.1832
0.230551		219.306
0.159315		348.301
0.142567		71.8704
0.0317422		694.887
0.2186		522.228
0.0857954		-903.477
0.160247		357.554
0.0409286		-620.547
0.0478641		-294.835
0.0866446		470.718
0.150123		-467.625
0.22035		52.8817
0.177918		506.585
0.208658		169.382
0.15846		-211.302
0.0691604		-466.389
0.0954419		-455.371
0.0574708		-1149.98
0.163657		-859.863
0.197072		310.698
0.0793774		-1653.86
0.179111		684.169
0.192726		-283.714
0.0995299		-12.1191
0.205052		639.023
0.166086		263.522
0.112836		535.041
0.115838		-304.965
0.168973		-1163.71
0.100004		-901.422
0.0266335		-96.2238
0.0519598		360.688
0.0896049		50.6121
0.207721		808.422
0.156937		-340.354
0.149063		494.476
0.0680478		-1008.05
0.144664		1181.38
0.142626		-401.833
0.181589		29.1052
0.0470561		206.003
0.234007		-1053.84
0.159526		251.036
0.140999		733.91
0.114288		-634.348
0.0535063		-71.2359
0.220094		-276.277
0.126639		486.009
0.0538084		-1193.21
0.0269861		-0.094497
0.217531		-783.357
0.188769		222.748
0.164446		-627.921
0.0535352		-1278.4
0.134014		1282.4
0.141967		862.663
0.0632731		-1067.07
0.113065		-1834.83
0.17218		1222.32
0.104388		-47.2066
0.0136641		-373.571
0.0341093		502.592
0.0145381		555.577
0.061979		582.506
0.0469962		887.159
0.0124016		265.613
0.141612		-584.579
0.0588301		-1137.68
0.0444029		-285.412
0.109149		-201.217
0.0107074		-1187.34
0.0755662		-505.984
0.204996		-1426.06
0.00434132		445.77
0.0254906		648.319
0.215926		832.254
0.14832		389.57
0.0581421		413.836
0.11869		113.655
0.092959		735.385
0.0959263		1628.45
0.179438		-410.146
0.105524		-254.94
0.0370194		35.0774
0.129949		833.646
0.176783		52.1411
0.118278		-733.366
0.0199196		-39.4872
0.0617198		77.3453
0.0266941		-194.572
0.0557425		249.488
0.0858018		-203.366
0.113545		87.2506
0.163597		-895.826
0.165126		669.38
0.000745117		160.604
0.225564		-787.07
0.212253		842.406
0.00944326		68.2703
0.0630523		-48.5362
0.228377		724.358
0.0877524		-486.743
0.00162248		707.209
0.156087		678.255
0.127246		-347.936
0.168558		-126.54
0.128617		-136.667
0.0875588		1650.69
0.129408		-133.073
0.200264		-800.197
0.0265463		-851.159
0.0327292		768.752
0.10038		148.078
0.0446561		-365.871
0.220242		-1152.89
0.199466		403.274
0.0832782		683.418
0.0455939		-835.881
0.161571		118.482
0.186363		377.731
0.111718		784.475
0.0701655		-894.478
0.158768		-15.3064
0.185712		-522.549
0.203337		-198.87
0.130993		230.2
0.110359		-536.295
0.0862471		-1386.6
0.234368		88.4695
0.0681054		-522.896
0.164387		-1167.12
0.154527		-912.862
0.0225733		-1606.05
0.208821		-411.221
0.200471		692.025
0.039824		-684.442
0.221149		213.279
0.225025		691.414
0.0874589		235.32
0.0599047		-358.131
0.230142		-1082.29
0.0581323		263.516
0.0706898		1252.74
0.141551		57.181
0.195692		-288.335
0.183025		-160.149
0.201568		57.956
0.130362		124.794
0.190896		-203.247
0.202832		-460.372
0.229716		983.857
0.101197		-826.364
0.132987		-268.466
0.0482555		-269.308
0.0397642		-231.174
0.00811993		1247.03
0.10721		-605.886
0.0743836		-1084
0.0470585		-14.1497
0.0647002		-591.639
0.0451955		-1507.14
0.220703		-1426.11
0.0547772		727.039
0.117362		-1159.04
0.11642		139.877
0.124262		62.6222
0.07735		642.5
