0.121442		-718.68
0.234109		290.898
0.105682		807.66
0.143039		701.948
0.123914		-678.89
0.127374		-577.528
0.0302105		557.524
0.156837		64.3616
0.0853688		-216.603
0.0572649		30.607
0.0310073		533.615
0.125913		131.794
0.107086		-817.935
0.0555608		661.82
0.0752502		434.388
0.142266		69.3558
0.154986		175.404
0.163658		1866.3
0.181377		987.926
0.194637		-730.45
0.0122761		-634.098
0.222064		121.844
0.0191902		695.793
0.0476036		-333.184
0.00174809		-206.044
0.110355		-443.726
0.207891		-1145.72
0.219242		285.936
0.0602369		915.541
0.106144		42.688
0.167045		243.297
0.0865117		769.709
0.0647486		-1210.08
0.199968		-59.0167
0.0764847		-150.316
0.112583		442.552
0.193368		-926.943
0.175818		-355.662
0.125197		-1063.47
0.0685018		34.0038
0.11439		650.688
0.140671		-430.47
0.0533009		692.601
0.0717498		-433.491
0.159435		-506.706
0.041895		-518.678
0.148254		169.25
0.149099		-17.1929
0.229119		443.668
0.0424531		1136.68
0.0240337		362.312
0.111254		984.136
0.123689		-620.301
0.10335		-997.612
0.154229		562.258
0.229361		970.93
0.0252062		-26.9588
0.0409328		897.12
0.148143		-81.3344
0.185955		-1356.85
0.0421781		-658.066
0.20679		96.7394
0.18475		-228.345
0.202132		2055.8
0.100028		591.25
0.111653		-183.198
0.136018		-180.655
0.0584319		1969.8
0.098109		-119.775
0.0461309		902.288
0.180891		408.281
0.167255		676.392
0.0258703		455.976
0.0663777		62.9933
0.170354		1225.47
0.12128		504.836
0.181321		-605.419
0.0202586		1357.59
0.099416		1438.47
0.103926		2322.74
0.0844313		284.948
0.167505		-498.711
0.11281		1254.66
0.0661171		324.194
0.0799529		-201.836
0.130852		484.19
0.152814		324.795
0.211365		-130.016
0.0422496		34.9519
0.0554408		-442.164
0.058271		539.321
0.00586323		-456.077
0.0417567		-973.825
0.121288		465.031
0.0720651		-415.675
0.127398		-815.937
0.0928729		-264.54
0.0221556		145.309
0.114352		623.643
0.199467		1013.26
0.131882		-517.389
0.148452		408.064
0.14911		389.07
0.0996461		424.837
0.0813812		8.92842
0.213294		730.188
0.198888		806.505
0.0984595		-991.078
0.0297108		1009.48
0.139705		-339.681
0.167956		157.126
0.158205		941.588
0.138268		-95.1125
0.214229		223.96
0.0440293		-2158.12
0.0165065		991.655
0.0219999		-51.1543
0.142702		-1428.71
0.20804		382.005
0.116021		-740.686
0.143009		50.3504
0.114054		-107.714
0.174992		180.549
0.0140726		-338.412
0.0400283		1192.54
0.233736		744.663
0.0710073		559.322
0.0792929		143.638
0.168565		530.832
0.0143322		642.983
0.178295		-661.15
0.233753		1296.91
0.164475		-1322.78
0.124615		-204.728
0.140119		-1092.11
0.0902122		-495.641
0.10514		-273.31
0.18957		883.773
0.0692518		477.297
0.0196945		-883.819
0.0912216		-82.9192
0.107729		1476.86
0.230409		718.606
0.194329		149.444
0.159736		-277.598
0.0176316		-295.414
0.208989		510.781
0.214926		130.278
0.146582		441.917
0.148062		-626.262
0.0532229		137.144
0.0137002		-861.942
0.171791		-334.228
0.0969393		-275.821
0.179839		-245.967
0.119619		237.584
0.049197		104.444
0.148774		-348.203
0.0172371		482.028
0.177614		-140.81
0.121534		-190.565
0.124671		-774.523
0.225489		968.508
0.165901		-73.5661
0.0362346		319.359
0.0557814		-152.628
0.0984457		1101.66
0.0723527		1136.78
0.0781397		-1005.28
0.0974351		1035.48
0.0340255		27.972
0.0946124		335.673
0.192061		671.212
0.211924		741.42
0.108134		-752.069
0.0356114		447.224
0.111247		6.86631
0.096316		-658.835
0.224529		-708.679
0.197342		-569.576
0.0896758		72.2424
0.178152		232.086
0.165494		-80.8485
0.0235719		-34.1808
0.122745		-392.17
0.131094		-144.32
0.205961		834.362
0.120845		114.186
0.0366465		31.8512
0.207749		99.404
0.165795		648.267
0.17826		571.942
0.0229529		199.768
0.150749		387.819
0.119157		704.361
0.0320225		208.685
0.139961		673.84
0.144597		-900.156
0.158249		-579.581
0.0981087		341.051
0.0453501		-401.232
0.0125617		-367.181
0.198849		-390.124
0.192901		-1131.32
0.180858		-457.44
0.0596263		-127.57
0.146724		179.438
0.096977		657.986
0.16042		1170.55
0.100826		-1483.68
0.219357		1139.18
0.010071		474.233
0.216136		-787.854
0.213521		656.345
0.138993		-230.023
0.200105		-655.412
0.0182894		-87.4821
0.119463		494.344
0.21184		-591.982
0.0168284		-333.33
0.184561		-266.031
0.0545423		-1420.2
0.227276		407.624
0.20472		394.728
0.17136		-1095.17
0.156929		521.362
0.0984992		733.353
0.0132005		963.467
0.0429937		-126.42
0.0316127		942.286
0.060015		-85.087
0.147231		313.542
0.0184038		253.657
0.204739		448.037
0.0837349		-220.717
0.188137		-865.113
0.177666		-271.274
0.184953		194.908
0.210242		422.285
0.212867		1005.72
0.149796		751.845
0.210297		92.058
0.231273		170.545
0.13051		-1291.09
0.107618		-474.602
0.120747		-464.223
0.183651		576.864
0.150288		-712.124
0.13905		188.685
0.0436284		-491.878
0.211147		116.228
0.0109975		1164.31
0.189954		-918.328
0.00697432		774.891
0.0422585		340.067
0.128844		-70.2382
0.153631		59.5441
0.195776		-319.416
0.0374252		188.797
0.0195372		571.309
0.0610494		-143.696
0.135932		711.268
0.0865558		-746.482
0.0101907		-11.4404
0.0539355		833.227
0.215068		492.103
0.091039		444.207
0.00775167		-157.072
0.187654		-715.82
0.16859		254.342
0.128696		414.469
0.201919		-326.406
0.0127413		847.885
0.100633		-505.715
0.0864998		712.317
0.0626068		-132.717
0.0806755		-66.4952
0.0700731		-333.782
0.102297		693.61
0.113997		-380.229
0.00531714		-327.934
0.115128		-945.16
0.153564		-11.0951
0.142837		510.736
0.0202371		627.587
0.149885		-739.921
0.0317018		527.138
0.0450257		-172.397
0.0629806		-748.564
0.135334		810.727
0.0749825		291.35
0.0408762		298.466
0.0177618		86.8154
0.0935952		890.633
0.210491		253.587
0.0501903		-681.918
0.0561596		105.38
0.151643		104.08
0.0135454		183.805
0.101938		971.175
0.121634		-145.512
0.0994196		-137.462
0.136944		-240.17
0.0351741		-92.3376
0.104614		-362.984
0.107779		-340.214
0.114701		-1721.37
0.229305		-54.421
0.213426		-458.497
0.0541199		-381.147
0.0379083		-1448.44
0.0865448		287.082
0.148255		455.497
0.112847		-1274.8
0.150015		1277.46
0.0237957		43.1016
0.025673		315.564
0.0871462		355.879
0.0167019		-1112.5
0.0557187		-457.701
0.0311375		364.503
0.0770322		12.8285
0.0696958		619.313
0.127415		-244.219
0.0795491		235.795
0.0726841		1435.1
0.0259307		-359.411
0.22439		298.311
0.143988		-167.374
0.0286289		-258.937
0.107615		118.107
0.138811		-895.336
0.146117		931.077
0.131495		440.556
0.00859857		-601.693
0.032596		218.412
0.108181		99.231
0.208671		-1110.93
0.202268		-54.9441
0.184147		1162.22
0.0679385		117.134
0.110384		-220.895
0.0400378		1552.51
0.104403		-493.987
0.219074		-713.899
0.0778221		-842.958
0.200678		-884.744
0.00388618		-1005.04
0.195753		-237.997
0.101258		-549.874
0.207587		652.218
0.211601		723.05
0.226461		-1267.66
0.184041		873.88
0.231891		609.439
0.06941		-272.804
0.21544		-246.632
0.230151		-709.126
0.0931344		128.007
0.0320262		-106.237
0.0953123		-830.178
0.0989791		-437.444
0.0223045		762.636
0.112452		-208.128
0.0141161		-647.145
0.0909782		607.973
0.147846		-532.048
0.0434799		-704.904
0.0807578		321.879
0.125283		-1148.88
0.202407		-142.369
0.0431793		816.627
0.00220278		165.197
0.0306743		-502.564
0.145808		-858.429
0.172132		587.651
0.0658008		187.055
0.0809925		-515.517
0.0453547		-267.115
0.0535233		-1029.21
0.00517575		311.17
0.195525		885.965
0.124199		1618.64
0.0202036		-483.98
0.208812		-341.996
0.0866815		669.96
0.232712		953.257
0.173813		-134.254
0.160644		597.251
0.187416		465.504
0.211091		-123.743
0.180681		-572.966
0.217618		78.1603
0.140707		-1182.67
0.129286		322.001
0.19541		-641.279
0.130604		-655.633
0.0628621		572.803
0.0788816		864.749
0.0624934		831.087
0.102637		-399.241
0.224447		-44.6139
0.214262		-245.643
0.0396167		-892.129
0.183135		449.676
0.127199		178.489
0.184703		-996.114
0.148453		-2158.01
0.183287		685.542
0.102179		685.689
0.0825634		-537.553
0.029879		796.175
0.0125653		650.837
0.046963		-734.864
0.143087		76.6438
0.0738393		401.953
0.0830201		660.166
0.164797		576.864
0.146866		-11.5892
0.00717988		-495.179
0.203287		-267.946
0.130434		83.7225
0.164316		494.286
0.0969045		1231.4
0.0926137		-246.676
0.205065		278.021
0.0762331		23.189
0.213328		96.0388
0.187963		-659.275
0.0869495		358.692
0.15941		943.113
0.172665		-28.8934
0.0885152		-414.435
0.100778		-580.343
0.107705		-931.868
0.0894875		283.052
0.00498704		-229.004
0.0874387		-296.474
0.178451		-133.998
0.0771825		-166.604
0.154767		1228.83
0.222206		-55.139
0.182445		386.016
0.0715528		847.786
0.0377511		-393.156
0.0563696		462.258
0.154717		-167.701
0.208199		1244.19
0.120207		-713.289
0.200403		174.391
0.00125116		-405.21
0.08924		-1057.46
0.162903		250.677
0.0886327		-396.329
0.178953		-423.306
0.221057		-1095.13
0.0179355		-233.604
0.218949		-155.149
0.0431944		389.611
0.1844		-14.2232
0.0270638		255.08
0.195414		183.508
0.0813031		-4.46765
0.108091		90.2792
0.11165		-210.422
0.0912691		36.1326
0.0193905		-589.651
0.196546		-444.652
0.0236802		819.521
0.0542462		-1180.84
0.138562		-619.584
0.057796		704.033
0.136532		-175.708
0.181352		636.711
0.204773		671.717
0.170504		744.45
0.178531		259.466
0.0467544		686.576
0.0657956		172.259
0.224101		-330.15
0.207896		-90.9284
0.167586		366.257
0.0292244		-1117.76
0.0253175		-578.516
0.109629		-613.318
0.0816317		-513.578
0.149143		32.6651
0.0177177		-655.268
0.0308144		-1593.13
0.132044		-362.211
0.222623		935.659
0.165913		725.477
0.043627		-214.66
0.0274489		-392.28
0.0865417		-579.952
0.139319		-361.469
0.0381331		580.745
0.140092		-355.979
0.188491		-344.84
0.169936		-38.8115
0.00512691		-1009.5
0.180698		16.9542
0.230493		203.107
0.0468012		-549.851
0.0665651		-975.396
0.123615		-680.202
0.221806		-263.05
0.117815		549.132
0.0307856		-62.8243
0.177262		853.961
0.089052		425.015
0.0206254		165.186
0.0155611		-441.929
0.028979		-32.3049
0.221539		-911.624
0.0361376		183.904
0.174505		-589.238
0.176987		253.107
0.0640425		1262.27
0.00596379		-1604.26
0.216442		-377.131
0.173103		437.79
0.0168286		91.8375
0.051043		1587.65
0.156375		577.592
0.224826		-1089.01
0.203031		601.08
0.0468401		389.555
0.108917		-209.311
0.22442		-105.382
0.0424065		-1401.82
0.202945		-16.2597
0.0645648		402.294
0.220895		132.148
0.0444013		-701.089
0.0830884		-354.246
0.107764		501.727
0.21103		-38.5506
0.124382		-1437.5
0.115203		-1096.28
0.186005		403.222
0.187666		220.397
0.132454		434.879
0.209959		142.606
0.214893		207.135
0.0318997		193.774
0.0282242		997.18
0.192358		302.859
0.102925		752.34
0.0170029		163.616
0.139871		21.9674
0.0984842		-51.4894
0.198083		-1082.18
0.109416		-298.873
0.183289		-445.063
0.1421		-123.041
0.163563		85.4092
0.0727043		286.076
0.0784421		-150.575
0.0733988		-251.073
0.00486088		-107.627
0.0428497		-376.744
0.164583		351.044
0.0540996		1139.14
0.146869		931.142
0.154684		-217.791
0.054694		596.403
0.11934		-851.914
0.229365		-463.256
0.179884		-513.305
0.128211		443.483
0.129931		-203.037
0.0263846		92.3782
0.154854		533.853
0.0670419		-158.306
0.0598158		-264.977
0.0652381		-166.371
0.225035		131.319
0.18829		-726.462
0.204532		348.731
0.20847		692.913
0.131467		-43.5129
0.155897		-145.57
0.0587995		-143.523
0.148148		244.568
0.112457		-295.39
0.149327		1076.98
0.0952097		549.124
0.0806837		704.411
0.0482922		248.494
0.228304		-229.9
0.0593684		821.876
0.138958		-1561.83
0.18923		944.826
0.087446		704.939
0.0558558		403.967
0.0304899		394.168
0.0656812		-7.12835
0.132208		395.282
0.100678		38.1864
0.112673		-66.4758
0.0202577		-109.54
0.190471		-358.334
0.058115		278.507
0.204647		612.561
0.148417		447.995
0.0209057		-235.157
0.0647976		447.956
0.0245064		675.262
0.00580937		24.4316
0.0454558		777.198
0.232525		341.487
0.157508		840.668
0.0289878		-670.23
0.182041		303.642
0.191523		-651.415
0.0862771		207.615
0.115087		1822.76
0.172466		-421.653
0.220747		145.038
0.152901		-823.803
0.046078		843.615
0.167081		-664.044
0.0881543		-799.935
0.128281		1300.89
0.0312011		1717.21
0.0860671		537
0.210141		-1164.06
0.179543		1215.11
0.000271604		-1054.58
0.105184		1109.65
0.0591088		190.484
0.177077		-963.37
0.103658		-567.864
0.166764		-31.6913
0.00241192		67.4635
0.164546		539.13
0.0852551		-130.151
0.0567698		199.381
0.205373		417.247
0.147931		1337.53
0.0300026		-998.592
0.0370322		-655.247
0.148443		58.6239
0.163845		204.706
0.0983298		33.8721
0.234433		419.27
0.0307961		12.2709
0.207821		-918.942
0.2135		405.079
0.053674		632.865
0.0033053		-222.752
0.22055		-534.307
0.0162465		17.73
0.151168		954.857
0.226166		-554.471
0.066617		61.4236
0.199653		-89.8951
0.00523355		-105.615
0.16919		191.395
0.0970442		1363.98
0.148152		579.877
0.181774		1320.78
0.0232511		373.827
0.0489559		1092.04
0.0679684		1189.9
0.15259		-211.196
0.057206		259.044
0.231001		1252.45
0.0018072		-315.465
0.13119		741.894
0.0628892		-269.078
0.181552		-568.889
0.213455		-525.489
0.206369		133.915
0.00748909		-159.338
0.110883		-104.694
0.2221		80.5093
0.0154077		422.008
0.234578		521.645
0.0264987		715.252
0.118543		477.276
0.225681		-46.8242
0.221223		1329.11
0.0302633		-179.26
0.0334573		-771.95
0.152534		822.5
0.035023		594.9
0.212032		-447.098
0.018562		-572.978
0.0331546		546.047
0.0898506		673.756
0.0607056		-506.433
0.12051		-1038.97
0.175061		-629.517
0.0757708		-592.848
0.177118		627.904
0.113533		465.377
0.155165		-94.1772
0.0234554		1016.94
0.101605		-70.4626
0.0410526		-1160.82
0.0138147		539.732
0.0923813		664.683
0.0268294		-875.903
0.144145		-107.849
0.19143		168.972
0.0451058		671.79
0.034843		309.468
0.178265		903.804
0.173404		1865.53
0.0696211		155.276
0.104822		-101.83
0.231045		-398.311
0.0484844		176.924
0.145328		891.58
0.0532337		597.277
0.198047		28.5395
0.0076997		494.827
0.019741		893.662
0.149254		334.038
0.111369		187.96
0.168564		-463.603
0.0246735		-128.088
0.154684		-148.636
0.144169		-306.535
0.075967		-1211.28
0.155422		-1180.99
0.181541		-1164.69
0.117078		-191.836
0.137318		-1319.08
0.222773		1279.23
0.130908		620.397
0.099984		-315.007
0.050843		-414.616
0.0317238		-72.334
0.107807		-750.504
0.101097		-260.771
0.0926122		527.263
0.0463624		-35.1913
0.044279		-204.269
0.0891935		-1114.33
0.21488		491.92
0.20296		-587.84
0.182174		-841.859
0.23101		-337.429
0.19456		-468.282
0.225917		222.714
0.103336		-429.434
0.00565993		91.2859
0.185781		473.011
0.0207979		969.196
0.159043		257.375
0.0281939		-963.062
0.152917		493.208
0.076135		-92.9135
0.182634		-665.076
0.214138		1619.3
0.19537		-723.114
0.0800685		108.942
0.20394		673.911
0.0968717		2033.13
0.0839094		5.60058
0.0767223		-21.5092
0.00343143		-183.539
0.109313		580.709
0.204884		-76.0967
0.191648		778.045
0.185147		-917.659
0.00963422		-711.625
0.1449		403.079
0.104108		594.932
0.0988889		-2222.57
0.121081		1054.62
0.0507885		-100.164
0.204497		-596.27
0.153732		-250.28
0.220659		534.985
0.0336814		958.315
0.22799		812.158
0.169572		323.259
0.125063		293.975
0.0449613		1058.6
0.195294		984.063
0.066373		-1215.32
0.102653		-363.313
0.231972		259.737
0.138818		386.196
0.143446		-331.993
0.00993957		17.6676
0.0741588		-223.042
0.0438011		41.1042
0.0273327		206.603
0.133639		-305.363
0.157053		1267.38
0.086114		-589.029
0.0905469		-312.709
0.177022		816.483
0.0275572		367.212
0.0957311		1493.51
0.069078		379.957
0.21924		-1128.67
0.229119		-597.647
0.224788		-1037.8
0.228581		-172.549
0.232428		-43.8727
0.0564294		519.142
0.0156006		94.3395
0.161572		1715.14
0.217827		328.095
0.0505996		-532.497
0.0752648		378.603
0.0541264		-923.477
0.0138643		-702.406
0.0740752		475.584
0.0660862		1335.02
0.0477092		-395.966
0.0917834		-120.182
0.0960007		-474.99
0.132785		235.64
0.135174		705.565
0.0327057		-97.4093
0.00226053		-828.995
0.184111		529.211
0.195857		-689.355
0.21598		-448.449
0.154981		157.035
0.168856		-6.12226
0.129651		1216.88
0.18917		-1240.41
0.112243		214.236
0.0288168		1059.44
0.219802		-102.13
0.212288		-531.623
0.232208		-101.102
0.0530805		-432.696
0.154689		-503.527
0.05364		-107.32
0.128543		-148.087
0.220659		239.508
0.0529764		-267.309
0.0882712		-95.9798
0.0673148		-51.1207
0.162578		-237.608
0.00452396		-536.523
0.0798174		275.134
0.192462		-315.501
0.0900874		-44.9487
0.192111		325.15
0.196046		21.5328
0.143135		-336.209
0.204823		-141.052
0.210598		1192.96
0.054326		-100.209
0.213676		-651.664
0.0770418		-678.428
0.0261273		-913.675
0.200787		1091.27
0.0217161		-392.556
0.19713		-631.663
0.107814		-29.3177
0.19006		205.404
0.0205762		-110.853
0.0911971		-1671.47
0.125614		784.741
0.188274		319.844
0.0323705		70.109
0.206832		-1179.23
0.0974208		-350.338
0.0479895		56.2546
0.22768		-365.168
0.0132248		120.071
0.11054		91.9104
0.104144		-161.479
0.0657074		245.645
0.126508		-538.091
0.100973		-430.178
0.0266248		-87.1293
0.078256		-179.169
0.187717		398.58
0.0697907		-1072.54
0.0342432		86.5479
0.0334602		1006.67
0.22567		-345.915
0.0901403		291.454
0.0226298		-293.954
0.176964		-215.897
0.0901917		-459.208
0.0757757		-1053.34
0.227409		-10.0523
0.143223		864.069
0.0291554		-324.641
0.123012		-1367.61
0.122768		1354.07
0.213285		0.201431
0.0880379		-28.4475
0.1634		893.984
0.130753		-108.317
0.0189361		-465.423
0.035095		-1430.41
0.0928433		-847.918
0.124221		-28.9216
0.101879		15.3721
0.0713181		-473.277
0.209556		-163.09
0.141192		5.32351
0.231319		-632.691
0.0270569		-469.218
0.0199759		-512.662
0.0615071		-354.257
0.0876591		-690.051
0.027282		-1149.42
0.229793		22.9222
0.182057		638.112
0.100415		-402.188
0.190909		248.655
0.129191		-430.925
0.0847369		-649.793
0.182505		-176.082
0.0722451		81.0583
0.0699745		-673.394
0.0420393		-244.294
0.00804543		118.128
0.0360437		315.586
0.0967678		-875.585
0.157524		31.04
0.0731587		-1193.55
0.181994		-260.873
0.0792577		-144.852
0.0790924		-39.7351
0.201951		559.136
0.174739		51.3049
0.0925303		452.017
0.170102		-1016.18
0.0539597		44.691
0.232741		548.635
0.204034		850.24
0.184542		465.293
0.163385		306.688
0.222602		-997.657
0.0675248		-234.26
0.144333		1221.78
0.225223		665.68
0.0829193		166.836
0.165136		280.609
0.1516		-447.42
0.133104		271.68
0.0733417		165.014
0.232326		527.666
0.0471219		417.521
0.00471576		-385.464
0.0603165		-236.047
0.181035		867.405
0.114088		-377.473
0.157198		69.4776
0.231685		900.088
0.155506		-68.5769
0.0693906		-593.129
0.173509		-537.029
0.00099088		-316.151
0.0777246		-201.977
0.126436		-181.8
0.0257379		258.174
0.152968		393.69
0.10832		-919.616
0.00273805		-213.906
0.226426		-75.5383
0.00927827		24.1494
0.201241		534.4
0.0697912		812.495
0.176708		-35.4953
0.0672983		-457.71
0.0690167		-284.038
0.12798		-329.027
0.183623		-423.087
0.135178		-80.2769
0.204436		-334.828
0.0496879		384.291
0.0158404		-709.948
0.165009		1063.27
0.20997		-320.796
0.204589		555.864
0.0479388		-793.432
0.143496		-588.765
0.120749		712.121
0.070409		1066.36
0.197246		521.869
0.221036		-150.776
0.10145		548.294
0.174981		6.38454
0.101786		-407.576
0.041437		-232.42
0.113806		-468.679
0.0322359		-516.364
0.0987326		-1507.54
0.168068		-1343.63
0.0254782		-16.954
0.214758		-108.577
0.0228367		370.713
0.232567		-244.08
0.041187		-249.284
0.0047126		-444.651
0.00208911		-906.778
0.212276		-440.531
0.139018		-1148.51
0.113586		566.895
0.233289		47.5428
0.0657515		-385.41
0.0652401		940.486
0.176935		709.326
0.0496499		-195.16
0.0388157		-1682
0.0976179		-1445.61
0.105494		-72.5415
0.183362		543.404
0.0849964		-293.039
0.0595879		235.652
0.185847		-112.468
0.071142		-534.119
0.217754		984.747
0.190854		-584.245
0.137299		204.411
0.0620051		129.886
0.0409939		1855.37
0.0306908		-755.305
0.112703		-441.964
0.0686303		-1284.53
0.0580608		1168.26
0.196688		51.7675
0.0792962		478.144
0.0857466		526.749
0.163719		-330.249
0.234644		1627.17
0.160188		790.396
0.146372		-1133.75
0.218051		175.048
0.184303		711.692
0.221658		308.589
0.0767036		-998.775
0.0180719		961.408
0.00667634		-45.7372
0.0914291		1332.72
0.153355		-51.1821
0.112359		-248.71
0.187749		-574.424
0.0930046		-89.1039
0.0220494		-208.279
0.103914		-315.392
0.180847		416.58
0.175668		-1034.77
0.123286		764.041
0.10396		-654.038
0.0510426		794.868
0.121539		737.522
0.0118847		238.06
0.0114117		-968.089
0.131258		-226.18
0.19047		893.64
0.0594602		-501.898
0.0766304		-980.837
0.187577		6.93014
0.134563		189.114
0.00995601		-1003.3
0.102663		120.119
0.0740485		561.656
0.209383		790.195
0.142037		212.337
0.0826007		-253.142
0.119741		-700.091
0.115694		796.33
0.14283		-383.329
0.0618135		388.572
0.0626866		-83.3385
0.021026		-420.18
0.0526989		-932.935
0.107774		-596.547
0.0150307		-22.162
0.108436		-1111.62
0.171627		-354.957
0.0826707		-216.226
0.123461		265.789
0.217528		14.4496
0.193015		669.339
0.135593		-840.283
0.129846		-175.135
0.032819		1183.28
0.136186		943.116
0.183394		-402.827
0.196657		-910.843
0.0790434		-760.367
0.0561154		519.788
0.115717		-148.693
0.100541		270.627
0.221406		525.435
0.124387		1133.71
0.146077		-444.557
0.19987		67.1068
0.214348		-460.086
0.142752		1114.67
0.158959		415.664
0.174703		-18.8527
0.0362732		-392.773
0.0382018		299.319
0.0980406		-201.139
0.0839568		1755.96
0.172604		-1410.8
0.143589		-437.557
0.0460329		201.32
0.138603		-1574.77
0.183077		834.514
0.0851569		805.892
0.133209		-93.5938
0.0207023		-624.639
0.0647761		-873.683
0.0414799		-387.226
0.0676205		-874.081
0.21031		-753.167
0.218497		-366.265
0.028314		-992.76
0.188861		151.028
0.131113		436.388
0.159191		-313.199
0.140773		-618.446
0.00880321		39.6534
0.130289		787.877
0.0506421		79.902
0.0775909		984.808
0.0264849		538.394
0.206077		398.049
0.139411		364.259
0.137705		328.951
0.120668		475.172
0.0459469		0.252635
0.0185552		27.4053
0.0355876		-556.306
0.0557642		843.155
0.200872		588.516
0.120396		-151.005
0.0883334		613.393
0.118342		-653.96
0.0484325		698.128
0.162133		606.863
0.218851		1304.21
0.176482		-805.53
0.226655		-496.351
0.201915		1652.63
0.0777558		590.776
0.00562096		-1132.19
0.0109544		226.046
0.142798		-736.065
0.186398		-1133.8
0.0037023		330.995
0.00784995		1.2457
0.114623		-115.158
0.102905		154.6
0.145903		-230.859
0.118668		84.6473
0.0553174		-454.415
0.0829784		-775.727
0.0800416		-63.8396
0.0914124		606.064
0.0896505		343.615
0.0618647		1383.36
0.223893		519.277
0.18759		183.173
0.152767		-188.829
0.0257425		833.939
0.1451		-1411.43
0.10366		33.1214
0.189763		79.8828
0.0093606		122.002
0.214659		-1385.87
0.165797		-506.239
0.0567645		-241.511
0.233071		404.826
0.196094		1453.84
0.175756		-736.652
0.162519		1099.37
0.230088		-268.932
0.15557		-917.585
0.187238		-717.518
0.0871258		45.9212
0.117295		25.4594
0.126536		22.1714
0.150993		347.818
0.0335614		1008.76
0.0396423		-94.3535
0.179328		-676.06
0.150414		569.483
0.193726		-112.779
0.198877		381.661
0.129245		-249.863
0.172018		-60.0076
0.213605		160.517
0.213074		-72.0723
0.166014		938.218
0.121658		-271.502
0.0220322		824.381
0.205065		-856.701
0.0460164		899.35
0.0811222		750.796
0.0246029		-107.328
0.193646		-442.022
0.22113		-579.691
0.21116		-142.462
0.0814629		1188.53
0.0574496		-172.93
0.0445378		791.051
0.150243		-592.204
0.143726		303.007
0.153039		791.526
0.182271		230.521
0.0905107		603.818
0.127963		-156.812
0.0507714		260.176
0.0932358		-1049.92
0.0663454		-113.671
0.00786393		-65.5231
0.0539996		-145.615
0.0965609		563.708
0.126622		72.1787
0.12073		379.559
0.136464		-124.702
0.12509		804.615
0.142983		-989.732
0.20559		579.556
0.114311		688.442
0.0364941		-38.917
0.139987		918.162
0.0231966		-623.462
0.054354		-297.967
0.184615		-821.444
0.0542052		-165.796
0.0679905		842.851
0.130253		-1264.66
0.0234656		-992.265
0.0638119		-720.434
0.0996718		-1679.43
0.103311		-583.463
0.149048		-167.024
0.179109		75.4626
0.0899558		1003.49
0.0751185		-405.67
0.206708		-2417.9
0.131073		544.057
0.103336		1650.26
0.0390511		-743.574
0.130281		-1526.59
0.234091		815.868
0.14128		373.204
0.0358551		970.871
0.0851851		-432.589
0.18825		-1590.68
0.164614		265.919
0.139178		-573.586
0.00119328		-2106.14
0.0138556		-1055.89
0.180031		-625.514
0.116494		915.701
0.054624		-500.163
0.189047		-783.809
0.148255		1241.64
0.206959		1315.48
0.0860858		571.714
0.141423		-151.401
0.211807		47.1894
0.204321		305.486
0.103847		-512.981
0.231163		-234.588
0.0556058		385.108
0.0244924		460.923
0.0869481		928.126
0.067681		1256.27
0.148074		613.078
0.0145321		-74.5914
0.197041		323.094
0.119489		123.203
0.164407		334.609
0.080331		143.421
0.0146604		118.152
0.130979		134.79
0.123137		22.3425
0.218922		-451.513
0.197613		164.762
0.0875091		629.67
0.142511		607.431
0.0720627		-237.409
0.200548		-635.04
0.203055		255.798
0.0457621		919.584
0.225512		147.13
0.142513		59.5933
0.0110431		346.194
0.153117		-592.312
0.170777		-358.533
0.221762		70.5833
0.0556429		168.451
0.0211391		-615.621
0.142828		-542.035
0.210185		-742.401
0.150297		822.712
0.0544622		101.364
0.0508649		777.028
0.115632		-207.887
0.17901		-492.578
0.011262		116.182
0.124261		-201.828
0.079092		324.152
0.0406707		-13.5273
0.0973693		1141.39
0.1791		30.756
0.00438899		1053.2
0.190468		-861.39
0.0278823		74.915
0.0503113		-759.475
0.0973386		-152.402
0.162037		1164.38
0.132368		197.761
0.216005		48.4559
0.178407		-789.025
0.00796068		446.247
0.172941		1038.68
0.221221		-1334.39
0.106623		83.26
0.036421		-225.448
0.227181		716.153
0.184641		-172.885
0.220638		844.089
0.0634792		626.958
0.0850536		-197.364
0.0586854		1084.82
0.0483279		380.396
0.0762973		-578.577
0.109652		589.596
0.145064		-331.044
0.0128562		48.8466
0.0324107		798.833
0.044392		-640.095
0.0471846		582.505
0.187205		657.431
0.0739044		1025.07
0.189635		624.797
0.18745		554.032
0.136763		-700.391
0.0705142		-1211.22
0.00175125		-217.472
0.211167		-348.378
0.22836		740.673
0.0127855		-977.089
0.127508		156.755
0.0224859		630.068
0.0807944		1119.15
0.0281644		-131.021
0.129237		413.721
0.0914906		583.591
0.0861984		193.955
0.000503152		-609.421
0.0902187		657.285
0.142958		863.643
0.0142607		867.731
0.193729		735.978
0.0244291		-415.509
0.18495		-991.997
0.200612		-85.6181
0.120514		-710.985
0.0134497		-493.405
0.0955685		-608.868
0.0506152		-328.079
0.0767432		207.288
0.107636		-82.6603
0.16049		863.165
0.0152198		-853.233
0.180393		-888.191
0.0996827		-1509.48
0.130217		-785.203
0.132559		270.279
0.109743		-472.688
0.0511545		149.413
0.00230455		-109.801
0.0955259		359.191
0.0724942		-181.984
0.135693		-402.724
0.232744		272.673
0.137556		1082.49
0.215814		496.534
0.13349		348.153
0.0879385		-655.886
0.15185		-522.273
0.233038		155.546
0.169577		380.773
0.182699		-899.626
0.0818072		1348.85
0.188307		1137.68
0.111858		-448.337
0.00270532		-832.773
0.182622		245.081
0.128365		-367.311
0.134155		-75.2626
0.189968		-1021.73
0.074793		-1346.04
0.0859754		494.537
0.144394		-170.729
0.133567		-85.0577
0.155577		-209.475
0.182903		-572.83
0.114483		-1686.37
0.0338772		-277.834
0.0379066		-455.465
0.169623		-354.078
0.179968		-597.624
0.125575		-270.5
0.112157		509.949
0.0482023		249.66
0.16665		1093.17
0.152162		-453.302
0.0243825		-1456.15
0.0155489		516.767
0.205809		-644.058
0.0593991		332.952
0.0624207		-187.237
0.0773001		1277.69
0.150745		582.21
0.0784311		432.453
0.0118245		116.452
0.12012		968.126
0.229515		-207.132
0.215903		-78.9988
0.20564		143.995
0.0473902		11.6159
0.229804		1177.15
0.125585		557.714
0.00810244		275.616
0.234329		-207.284
0.157013		205.454
0.135779		360.278
0.125183		1004.48
0.168811		14.6609
0.145601		315.489
0.209375		-2044.23
0.000356791		-1397.75
0.0154863		-800.83
0.218864		1081.07
0.224198		-204.651
0.0170823		322.239
0.137599		-779.639
0.207474		102.343
0.107606		-168.681
0.183171		186.588
0.0696854		-134.435
0.138121		-204.752
0.0873867		-1174.9
0.195677		789.645
0.0233517		308.66
0.105465		1503.44
0.029133		597.541
0.0165619		1191.39
0.179254		461.593
0.22742		713.589
0.0413101		933.992
0.153412		490.312
0.124179		846.542
0.173688		1081.22
0.170846		1804.18
0.029837		226.476
0.191498		396.322
0.121691		1634.92
0.191931		422.414
0.0582167		-549.395
0.127752		459.422
0.0868593		-546.631
0.108793		-698.346
0.218837		-142.204
0.0998432		-701.276
0.166685		-831.082
0.142126		1220.98
0.147122		-158.722
0.0371343		-1570.88
0.163988		1302.36
0.161821		56.5767
0.171746		1006.93
0.170762		211.858
0.176881		-817.858
0.0732008		1197.44
0.227351		503.066
0.0702319		928.414
0.00249774		-82.7336
0.133249		162.316
0.131632		-282.927
0.213063		-42.075
0.107782		-13.1772
0.0913145		-1268.31
0.234774		20.7636
0.192305		1275.75
0.226518		-669.052
0.146891		-1170.96
0.0980863		-297.93
0.0105128		-391.475
0.114692		774.498
0.199036		-157.866
0.115343		-1686.63
0.00583382		1218.47
0.190083		393.484
0.0790857		-72.3922
0.114815		69.3833
0.233879		85.7911
0.111332		867.967
0.0408801		1595.92
0.210821		291.863
0.0651771		-28.7941
0.192969		-703.821
0.165314		176.423
0.231983		96.7266
0.151909		-226.955
0.215305		563.904
0.0656631		958.366
0.192662		1810.08
0.135497		119.091
0.038984		-371.108
0.148314		-166.54
0.200333		331.893
0.0169284		-100.868
0.0250509		-897.881
0.147992		-433.419
0.0623706		282.552
0.0302812		-182.577
0.0487672		-1096.42
0.0450118		-106.942
0.177411		955.089
0.232424		662.296
0.201443		-435.772
0.186359		610.847
0.0756214		-927.023
0.00838382		-875.375
0.0232684		1200.05
0.0763576		-788.009
0.0867762		-691.814
0.216974		-10.0642
0.175052		-814.049
0.00993663		465.221
0.215169		-220.655
0.16212		-379.612
0.142518		555.259
0.201191		-718.385
0.0937558		-61.7526
0.0453949		-9.47444
0.185695		-473.267
0.208084		256.261
0.0205775		-102.24
0.22296		1156.82
0.103295		-84.673
0.0906485		-843.545
0.175483		-897.883
0.0855547		392.035
0.115622		498.93
0.21708		-1089.28
0.100184		166.048
0.223259		1405.85
0.159764		578.154
0.193135		180.632
0.0387837		-868.238
0.034015		-10.1381
0.208654		669.198
0.200073		577.453
0.0212932		806.082
0.100313		128.863
0.054907		788.86
0.0182051		21.5397
0.136165		462.278
0.0187393		-918.245
0.227621		-972.224
0.12666		-386.774
0.0505477		88.8101
0.0571222		-124.194
0.210405		188.838
0.217271		-1510.29
0.229306		1172.11
0.223119		-780.88
0.0291279		-417.411
0.190204		-96.8562
0.146313		-243.004
0.208969		-825.688
0.182673		-635.197
0.076789		-547.43
0.159444		1724.09
0.207018		-884.797
0.118397		67.5657
0.103074		1998.43
0.0100002		871.334
0.0501959		-746.711
0.0300034		-271.995
0.172667		-479.191
0.0511349		-308.464
0.0209096		523.071
0.198351		-1500.28
0.0122256		243.313
0.197079		-601.045
0.0177842		713.173
0.0108313		-255.832
0.202665		-574.791
0.233362		1443.33
0.155701		-6.01909
0.114579		651.461
0.0628171		776.737
0.0396583		-123.605
0.082002		-744.29
0.180424		-188.555
0.181576		-1159.12
0.211935		499.454
0.121636		743.078
0.190281		630.76
0.205077		-114.211
0.193381		302.05
0.121342		380.045
0.0150453		1760.62
0.0702171		86.8888
0.163482		-456.31
0.0791629		-828.799
0.226254		259.093
0.213998		-938.882
0.234272		379.49
0.0530085		-900.651
0.145452		593.503
0.0255983		721.788
0.2112		-365.278
0.0665722		1457.25
0.172292		-238.818
0.229073		-437.665
0.213064		-915.264
0.114287		-255.709
0.146237		-256.587
0.133337		-650.112
0.132453		-1042.98
0.0715549		-380.331
0.0618566		-52.3849
0.132879		-89.7143
0.020077		586.051
0.126264		-240.227
0.200007		-470.202
0.118455		70.3564
0.140132		-1245.86
0.167042		-8.7095
0.19303		-62.5804
0.117463		-690.901
0.0874481		1806.96
0.0842523		-613.293
0.205932		-986.738
0.167679		130.388
0.181838		-553.612
0.210776		-1103.25
0.155329		-186.832
0.165148		-275.772
0.207467		171.775
0.229608		158.439
0.0936307		-208.506
0.137427		-879.135
0.0139909		-560.62
0.166786		1490.35
0.0269345		236.908
0.0668053		-1143.94
0.0959086		236.871
0.00692775		-252.415
0.0782047		1790.77
0.138361		914.612
0.195425		-167.624
0.154995		494.84
0.169357		388.946
0.169529		-282.352
0.0559775		309.023
0.131627		330.198
0.133829		-1016.14
0.0683854		-57.5964
0.198254		-667.477
0.180576		585.023
0.188578		-44.6644
0.0414328		308.985
0.139907		297.077
0.0975478		-222.185
0.098086		-556.437
0.0778838		493.31
0.0244055		628.529
0.170975		-205.482
0.0232149		533.263
0.0268466		-552.043
0.179853		-67.5981
0.0614819		-546.019
0.211272		-726.535
0.222138		996.158
0.0885488		415.236
0.198196		-319.805
0.14235		156.098
0.0380997		-375.226
0.15656		160.94
0.223386		-661.705
0.216988		292.905
0.00397024		-949.705
0.176288		1124.37
0.0740385		980.054
0.0224856		160.395
0.223912		123.415
0.202609		-1860.13
0.161502		1589.83
0.206733		-111.982
0.0645556		-1124.6
0.0629506		-44.1208
0.181866		273.65
0.181209		-847.613
0.214374		493.97
0.0969862		-993.759
0.0857255		-111.937
0.00776201		19.0585
0.211244		-727.59
0.0754043		147.784
0.0150195		23.2474
0.0184527		-1077.47
0.13957		944.837
0.0122244		1055.82
0.197327		-735.171
0.0356311		381.69
0.0778315		251.818
0.167422		97.7484
0.178485		-443.334
0.0919853		-348.075
0.0534321		-616.074
0.164324		-584.653
0.0285453		-1083.74
0.0634885		-690.869
0.101137		243.955
0.101428		672.336
0.133161		-304.01
0.174669		-647.153
0.204693		-496.744
0.156632		-589.384
0.195157		-795.08
0.144255		-452.058
0.0477064		-1242.06
0.12809		851.492
0.231835		383.181
0.165012		-462.197
0.0508963		849.796
0.206075		1227.74
0.00407921		105.02
0.188404		-404.784
0.0190025		-589.414
0.0787834		-658.682
0.0240278		28.6764
0.0276201		1276.26
0.164168		-549.542
0.0498766		-631.944
0.215191		580.688
0.0402352		-339.105
0.204164		219.579
0.0729502		-428.256
0.221322		1292.92
0.0585062		752.589
0.102173		-486.779
0.0699654		8.20393
0.225597		491.134
0.19869		-137.343
0.0107554		219.495
0.194295		-108.274
0.157563		434.489
0.127429		-1820.34
0.0543789		721.881
0.135714		775.332
0.00445136		-593.593
0.0554595		340.516
0.140493		-881.385
0.172124		-799.492
0.194667		-749.429
0.188614		-283.622
0.100846		1013.46
0.013119		-137.232
0.0866292		332.404
0.0138365		173.587
0.22527		1049.65
0.0305909		-145.122
0.178841		333.869
0.158267		-503.494
0.176546		-560.774
0.148564		-780.805
0.0292186		321.074
0.160604		-64.7421
0.0079205		749.556
0.112149		-515.597
0.120189		-429.909
0.177312		-757.815
0.15252		804.579
0.056718		547.59
0.108639		-704.649
0.0769391		1359.7
0.0891996		-253.641
0.223168		690.28
0.0730115		827.642
0.0304694		-1275.8
0.0148425		481.476
0.197109		-909.653
0.128749		373.877
0.0415547		77.1222
0.120035		-823.755
0.136703		-1666.07
0.0697409		1127.68
0.124207		-696.016
0.164792		-695.292
0.155872		1086.75
0.130863		-268.311
0.223204		410.139
0.18463		-510.112
0.216137		506.78
0.19506		-1082.03
0.131931		28.7368
0.0437098		90.8599
0.159759		927.895
0.154499		541.491
0.103263		-130.297
0.129929		593.356
0.130149		899.753
0.141425		-32.6278
0.0811111		-511.214
0.165205		65.4355
0.00388845		-144.027
0.163548		-645.59
0.0668888		-134.592
0.228045		423.635
0.00962555		-131.463
0.118925		50.61
0.174386		300.055
0.0304947		1068.56
0.132717		168.487
0.220287		195.45
0.108674		-741.922
0.012546		91.6449
0.117645		702.419
0.0264566		110.363
0.0559582		-539.541
0.109484		318.145
0.0708695		814.758
0.0265694		-844.305
0.0540955		-1046.1
0.0126884		462.45
0.122074		985.133
0.0130847		51.1878
0.0267125		433.028
0.181524		-1269.92
0.10738		843.591
0.0874075		464.03
0.233114		834.09
0.156321		-222.583
0.143088		-206.53
0.02529		-598.665
0.193874		1150.71
0.0269505		270.736
0.0765404		588.144
0.0329513		-1297.04
0.123814		991.768
0.0581518		813.068
0.210427		-697.974
0.198702		1138.7
0.0933474		-671.963
0.0280402		-313.917
0.183953		726.786
0.234627		1756.32
0.195028		-394.128
0.0614559		-633.418
0.204461		-130.637
0.0868495		74.4291
0.113597		21.2371
0.171697		-901.947
0.169362		1157.51
0.19156		295.212
0.131135		-358.915
0.0945256		45.9477
0.156058		-300.732
0.170216		371.229
0.0646666		-996.166
0.0177394		-977.378
0.0855518		769.096
0.215348		586.18
0.211549		358.902
0.034324		575.936
0.156055		740.486
0.0608922		-272.281
0.0150577		-409.616
0.102292		-988.953
0.123853		-148.859
0.0162877		-289.656
0.0227294		-77.0076
0.184975		100.107
0.0612761		-70.3598
0.15259		1442.14
0.0404116		770.964
0.082854		308.475
0.0405424		2124.75
0.0340851		608.965
0.138493		-317.045
0.113887		-225.81
0.134251		-86.8096
0.110188		45.7103
0.0957049		368.301
0.175054		-233.007
0.0521658		426.512
0.20578		89.9329
0.1426		-343.975
0.00637233		351.519
0.201475		-181.259
0.133382		1154.24
0.206975		-831.304
0.116446		-585.48
0.0665502		-1245.61
0.0954444		-121.809
0.177057		-195.404
0.0949076		456.788
0.21877		449.787
0.0505418		702.224
0.212939		-181.311
0.156744		1462.7
0.0582211		-1119.23
0.234437		309.883
0.156279		-340.248
0.164983		-425.842
0.0790738		179.367
0.084251		1174.71
0.152813		265.345
0.137357		1011.6
0.0377267		-1526.61
0.15386		1371.56
0.169425		-125.211
0.0916132		639.269
0.161379		-423.026
0.0830327		673.333
0.215573		1047.85
0.136428		1407.85
0.019259		-1179.17
0.140103		-702.729
0.148023		-524.227
0.186645		-371.838
0.0765958		-1287.41
0.122041		-57.5819
0.231213		82.1256
0.0229885		1189.88
0.018601		-595.161
0.0998644		850.448
0.106658		377.101
0.0943637		344.928
0.0299094		478.185
0.215891		-170.668
0.0892196		618.259
0.187889		-814.811
0.135924		-441.448
0.0900513		-18.6685
0.147875		1280.89
0.19531		883.455
0.218282		-371.296
0.152879		-690.801
0.114301		-762.662
0.136173		-1196.33
0.0735019		-588.529
0.0508101		-448.437
0.1104		436.274
0.0149871		-747.273
0.194137		1357.54
0.106394		-655.159
0.0689691		105.697
0.191274		-40.4562
0.157408		-213.068
0.193361		-422.308
0.0485437		-455.742
0.0161801		854.603
0.0940249		980.678
0.090595		981.423
0.144758		-758.746
0.0843993		1141.7
0.0313799		-73.7605
0.083233		-421.816
0.0391741		-233.191
0.0259818		1059.36
0.071739		-825.796
0.151355		1034.45
0.123259		616.645
0.215089		35.9763
0.06042		172.507
0.212626		-657.638
0.0907071		883.977
0.124843		-100.156
0.156445		-332.283
0.114293		708.877
0.169787		273.432
0.134806		-918.704
0.169602		718.398
0.138155		207.069
0.025009		-615.469
0.165542		-1538.38
0.0577137		360.203
0.201288		1068.38
0.150417		307.992
0.168783		11.4441
0.152322		328.195
0.165222		-921.682
0.0678657		-413.796
0.153707		1288.92
0.170223		1183.29
0.139452		525.878
0.181741		224.264
0.107744		-19.1161
0.0396699		-199.19
0.17176		794.039
0.211681		-260.119
0.0154026		-882.953
0.175031		146.169
0.00791103		-261.801
0.0840371		-218.524
0.123242		-35.0472
0.00523867		-676.172
0.180289		317.824
0.134203		-2682.38
0.192953		-515.987
0.0765152		-1256.28
0.0813013		577.833
0.0568141		-900.355
0.226892		496.865
0.0526476		-753.086
0.00806197		878.35
0.148383		749.367
0.00390596		66.0451
0.134926		-165.414
0.049533		-136.465
0.0391108		-151.706
0.175257		-431.567
0.195201		-145.086
0.0256216		-98.2196
0.215546		-629.287
0.0119558		417.345
0.0448974		1841.44
0.0826339		232.9
0.0863886		125.336
0.0856548		-1102.65
0.0795521		-315.393
0.188147		-841.2
0.137928		154.522
0.218537		391.852
0.120819		593.361
0.112208		182.696
0.220494		826.699
0.180682		-329.941
0.180249		119.97
0.125148		450.293
0.0932103		-426.29
0.168932		400.318
0.0708737		-283.304
0.060043		-1301.95
0.0202898		401.519
0.109014		250.447
0.0783178		-499.801
0.0354572		-113.171
0.176056		686.044
0.0281364		-801.364
0.0819039		782.721
0.0837979		-1289.29
0.0869175		-275.922
0.0637174		-297.875
0.00622254		-356.98
0.118085		415.01
0.12334		388.656
0.177001		-5.57289
0.0330709		-397.847
0.114945		-823.907
0.128285		430.225
0.0276237		-364.773
0.141711		175.546
0.0506324		902.575
0.154016		796.501
0.174286		-39.0505
0.208572		991.641
0.0242307		1280.18
0.173555		476.94
0.219252		299.198
0.0356899		1437.88
0.00258713		-835.621
0.0376043		75.8653
0.112459		343.079
0.187945		-1246.7
0.123077		330.738
0.0519037		-604.225
0.202829		173.155
0.190429		190.99
0.163065		469.796
0.185432		-28.2788
0.233121		138.065
0.210084		-767.474
0.0113789		-383.385
0.197459		412.193
0.156194		142.105
0.019429		665.643
0.110428		1700.34
0.13404		7.48893
0.204734		163.701
0.0915297		-966.235
0.141313		1281.73
0.0930003		500.759
0.184884		-660.336
0.00294986		-76.6999
0.0164819		1225.28
0.221298		375.489
0.0755814		13.051
0.20478		127.389
0.152403		881.04
0.196218		774.521
0.135179		130.363
0.0421593		332.224
0.211146		-782.977
0.00141563		-559.706
0.213455		146.403
0.218855		-736.495
0.187831		-872.299
0.2128		1261.07
0.133142		635.904
0.218028		-3.13538
0.188609		782.896
0.129088		-481.505
0.0474346		341.367
0.127653		-362.019
0.0894094		-192.332
0.00639455		-11.2285
0.0115245		-853.369
0.222244		-294.325
0.0719613		-1133.05
0.0623853		-485.107
0.154764		-879.875
0.00874857		872.564
0.0825371		704.143
0.118926		31.8388
0.0367048		272.093
0.208515		412.702
0.200973		1072.79
0.14769		-20.0207
0.0543686		479.853
0.187323		-998.429
0.0231297		286.194
0.134242		875.406
0.0659131		148.504
0.112542		-551.21
0.042119		714.878
0.0831686		-1252.84
0.126542		-373.904
0.0595542		57.4133
0.0571823		1066.37
0.122892		94.8425
0.0224691		-1183.68
0.0752085		226.324
0.146049		830.657
0.161223		1200.19
0.106465		166.362
0.00377468		99.1018
0.00535296		-129.25
0.0865189		-329.426
0.0653157		361.752
0.0315558		-818.529
0.017629		125.24
0.20955		-1150.05
0.0157599		264.847
0.03436		-17.827
0.093201		1132.79
0.0857719		-586.551
0.0868486		-198.624
0.0548639		-167.359
0.051122		952.755
0.060294		224.705
0.0241066		-339.156
0.0414176		-274.852
0.050655		497
0.00880535		94.2446
0.13656		314.102
0.0411222		-442.852
0.155563		873.667
0.177053		366.067
0.144446		459.529
0.0391061		-1262.43
0.205575		-1726.62
0.162281		-336.881
0.205298		-507.205
0.0202402		668.699
0.218237		-870.068
0.109496		302.967
0.156864		-278.774
0.200094		674.205
0.0799203		82.959
0.00719254		-359.378
0.0329054		233.151
0.0295034		-541.677
0.115682		785.97
0.192594		-90.8526
0.202538		-717.835
0.190314		-33.7877
0.10168		-83.0378
0.0898893		54.2524
0.187865		-413.401
0.0669801		138.997
0.120114		-330.425
0.18764		142.767
0.0054575		121.251
0.190806		81.8161
0.229398		1365.71
0.0173344		-3.43149
0.0243855		-116.516
0.0633675		439.029
0.141934		15.7775
0.160198		-712.758
0.0751724		1588.47
0.00677775		-426.086
0.0499469		-789.323
0.112676		-112.485
0.0983175		-31.5647
0.0287458		-520.8
0.176343		-577.345
0.0658524		1347.84
0.178485		-299.522
0.116036		732.85
0.163284		-465.957
0.0282897		542.319
0.143096		885.632
0.142977		228.013
0.221079		-352.269
0.0785779		411.946
0.185936		-712.716
0.0738123		774.78
0.180586		631.845
0.0425499		352.362
0.064359		-92.6336
0.155901		-330.975
0.0949705		1695.49
0.0913808		-67.4333
0.0580201		56.3041
0.114923		-138.68
0.0775031		1494.7
0.139577		-1187.56
0.110143		293.145
0.0198709		-694.69
0.0751208		-302.804
0.0790027		-2500.77
0.11957		397.859
0.161191		220.432
0.129296		-291.874
0.143132		-477.931
0.0502593		-112.155
0.0208914		97.4888
0.156894		43.5086
0.124972		-67.7502
0.0312738		-584.984
0.143207		495.191
0.0424716		612.268
0.13714		767.084
0.211367		-2164.54
0.155146		221.907
0.00452276		-1792.48
0.176885		197.329
0.0615673		175.079
0.16333		-891.94
0.19635		587.715
0.0370299		-38.7907
0.126519		-384.494
0.129029		-406.867
0.128425		73.926
0.0571257		362.207
0.167026		-117.772
0.0597658		456.943
0.104589		191.934
0.138479		368.434
0.0627746		101.193
0.173577		888.448
0.165253		211.065
0.0172818		43.4597
0.204945		1987.09
0.0353569		521.553
0.10875		-530.579
0.0100901		120.267
0.190926		1636.29
0.115478		523.471
0.0548541		-154.943
0.230386		524.012
0.17083		-340.065
0.21383		812.198
0.106139		599.771
0.134196		-843.179
0.11033		-1281.05
0.227241		-203.022
0.0863681		-657.328
0.00244196		-156.907
0.131106		-158.346
0.0297698		434.07
0.160887		-38.445
0.216964		245.272
0.0786609		701.32
0.0179877		236.306
0.0908042		124.747
0.124083		612.888
0.0330223		956.685
0.0370471		-1109.14
0.225994		-517.313
0.199152		-970.356
0.00875746		425.7
0.176662		-590.648
0.114339		-1526.18
0.0512908		-653.165
0.158453		814.776
0.117197		622.039
0.0774797		-463.975
0.0740699		158.922
0.0339133		-840.066
0.102394		1173.03
0.011224		324.225
0.143254		601.228
0.0258624		-274.803
0.0614351		-533.615
0.145048		723.205
0.201119		-16.3198
0.117714		896.495
0.0635704		869.839
0.147791		210.825
0.166226		-389.724
0.219365		845.273
0.162073		-875.79
0.195277		302.146
0.0731467		-348.614
0.124632		844.925
0.21664		579.357
0.0146663		-264.954
0.139187		109.05
0.223008		33.9672
0.154481		-803.562
0.00220451		-901.312
0.00448096		123.483
0.180092		-376.162
0.0949792		-908.93
0.0651727		525.971
0.00895039		844.305
0.10014		506.838
0.192211		-324.653
0.188477		-505.112
0.00771081		791.746
0.0389211		819.306
0.11257		919.313
0.13928		1861.67
0.194851		-868.469
0.0303782		430.859
0.0738385		347.929
0.18757		-560.338
0.0563147		43.3129
0.169615		-963.427
0.125939		1221.36
0.105717		57.2868
0.0762474		609.767
0.0465595		-26.172
0.185536		392.029
0.0823714		-587.13
0.171489		-584.799
0.0302771		-562.621
0.0673004		352.71
0.159184		-35.4282
0.190574		472.713
0.0642918		-317.034
0.0990083		-294.677
0.227471		-522.863
0.119516		-55.5538
0.0279607		790.541
0.150564		1076.76
0.027992		-12.978
0.017964		-796.449
0.222534		1005.63
0.122131		529.276
0.174228		637.647
0.111877		-322.568
0.132769		214.177
0.127912		-21.0035
0.0990407		1021.18
0.0463297		-362.651
0.150246		193.037
0.0900713		-475.168
0.0296727		-937.864
0.169784		133.35
0.0744608		1623.85
0.0597505		58.0053
0.0821979		-1079.41
0.0835718		-547.627
0.0657774		970.389
0.142018		-521.613
0.094863		-1121.73
0.162616		776.645
0.0884608		886.253
0.143587		529.415
0.0302653		-97.7095
0.164756		616.178
0.188814		1900.69
0.00384565		250.026
0.223482		-641.315
0.18244		61.0049
0.0375985		1099.25
0.159084		282.587
0.202787		-406.058
0.0919726		651.837
0.111046		88.7053
0.205395		-1025.36
0.0424102		1191.27
0.109144		823.294
0.0271592		-699.88
0.213621		358.733
0.0100795		-1055.7
0.0504787		255.017
0.101008		524.102
0.172034		-126.642
0.105524		-855.917
0.0227664		-89.3683
0.0607108		-178.162
0.17401		-497.067
0.0479308		-933.608
0.081403		237.907
0.137374		-1145.49
0.131482		194.174
0.122251		-557.387
0.00544982		-559.747
0.189518		302.346
0.163668		715.997
0.0788991		-389.743
0.21416		589.588
0.0660839		184.073
0.164958		768.943
0.205965		963.425
0.0243961		199.598
0.210775		-94.0964
0.0344629		-1141.47
0.0246841		-1514.77
0.00771927		354.237
0.105327		373.817
0.048258		-374.003
0.187742		140.456
0.114392		625.031
0.211055		312.815
0.0118088		-1021.84
0.0629767		-836.081
0.149081		-700.208
0.153338		36.9526
0.099264		-1325.53
0.0574942		512.19
0.0745923		-658.222
0.191171		-969.168
0.233167		158.501
0.02029		-22.5377
0.098459		784.006
0.231981		1786.89
0.0885937		-629.874
0.0467749		-205.64
0.135611		790.146
0.0114187		541.553
0.22001		544.628
0.100088		154.238
0.201393		1401.44
0.0807652		315.66
0.118763		-6.31748
0.0985033		-394.17
0.0525757		-336.506
0.00249683		-720.769
0.173316		941.514
0.131639		-1108.84
0.0517493		182.223
0.0934694		529.894
0.0302815		371.913
0.11846		-580.328
0.190899		258.008
0.0175992		333.482
0.164476		-987.071
0.159731		-114.48
0.0863267		21.8989
0.20201		-484.313
0.0822727		-213.035
0.195993		1314.16
0.22168		944.246
0.0806088		504.975
0.0693718		965.353
0.122706		39.5059
0.200659		301.732
0.185757		-49.3558
0.1106		-135.737
0.171322		-337.989
0.0153701		88.7854
0.0497423		-137.586
0.193941		913.932
0.08116		-275.84
0.180974		-278.873
0.058126		453.06
0.117755		442.054
0.107458		540.218
0.100908		868.792
0.132843		-438.609
0.226732		135.276
0.169934		-581.951
0.18555		251.992
0.0768852		-54.3473
0.107913		34.4823
0.19765		-94.7272
0.227836		1511.93
0.229414		-1145.12
0.0917441		-170.912
0.167495		1053.81
0.129744		-1056.7
0.0586997		498.185
0.00158596		-214.847
0.0801402		554.549
0.0564466		-373.05
0.12818		-3.37233
0.187069		601.194
0.0767547		1489.05
0.0710765		122.525
0.10585		1157
0.0711406		-12.4743
0.108792		-310.042
0.0701813		1233.24
0.115402		-653.019
0.043038		781.213
0.142448		-876.771
0.141775		220.371
0.187793		-267.078
0.0313067		-545.706
0.106195		275.501
0.0892065		600.772
0.131531		-859.825
0.153062		-78.1454
0.219512		1527.73
0.135428		756.979
0.0432836		1297.31
0.2127		876.843
0.0851243		548.11
0.0720762		-517.824
0.207153		-535.232
0.0718433		618.944
0.0999635		284.8
0.0792974		-436.191
0.0417687		-730.957
0.224821		286.808
0.0189671		397.391
0.214407		-35.1182
0.201725		-1007.41
0.0465152		-546.659
0.0410312		-738.061
0.0812002		-1073.72
0.130521		829.064
0.205118		-265.373
0.161538		-77.2027
0.00909107		228.419
0.224998		1008.62
0.0131689		74.0097
0.0293492		145.234
0.0479342		230.368
0.21795		941.332
0.165388		-679.736
0.0162465		46.2884
0.212075		-445.483
0.109461		977.53
0.00395296		-368.58
0.103953		1.43216
0.0276506		-635.344
0.097048		-813.229
0.187834		203.609
0.211068		65.0226
0.0094567		212.278
0.197126		233.585
0.175058		132.988
0.208832		-318.422
0.169866		428.231
0.193693		-136.739
0.226713		-740.875
0.114719		-80.7757
0.0945746		-269.088
0.0349156		-814.016
0.0433182		-11.089
0.101857		194.654
0.215657		-269.209
0.0644951		-531.367
0.105008		355.994
0.0663202		873.749
0.086632		355.847
0.0603033		-13.2625
0.0578307		-195.688
0.205126		-444.516
0.0279282		-278.469
0.128717		-368.457
0.205221		794.079
0.212494		854.273
0.158914		169.081
0.129893		1498.09
0.168707		-474.911
0.124889		1135.37
0.0648325		-867.492
0.0340659		-40.337
0.169414		-383.359
0.0307489		-332.531
0.048373		-562.513
0.106126		-1373.9
0.0591268		9.76438
0.216762		-903.268
0.183892		-713.385
0.12456		-678.251
0.0404856		985.761
0.192823		766.068
0.0229376		726.134
0.118837		-1290.62
0.0701875		314.046
0.0817845		-685.692
0.106522		-26.9166
0.0898572		735.631
0.0193714		776.722
0.160943		-35.8202
0.0207016		530.381
0.204527		696.988
0.0943348		928.823
0.0904673		766.38
0.0495453		162.293
0.0853725		426.271
0.0942023		1392.8
0.0377339		-1107.57
0.119045		-101.16
0.215955		-129.65
0.0697533		-654.238
0.0230769		558.088
0.148758		2.74805
0.0123126		-160.723
0.0386864		361.841
0.203078		-303.514
0.0834146		657.592
0.134565		-390.708
0.116152		-942.068
0.00620849		6.47298
0.0468425		646.086
0.229856		-24.815
0.0683314		50.0063
0.225927		-253.244
0.109188		733.448
0.121286		1493.34
0.220513		-72.0221
0.175902		-1379.09
0.125983		-695.123
0.131822		-156.327
0.0657882		399.645
0.201737		1001.94
0.214011		-1390.46
0.0266365		-542.483
0.0543346		139.676
0.084596		1009.63
0.225727		-467.615
0.186128		-225.916
0.166713		463.682
0.0152526		516.601
0.0764815		604.15
0.056059		-451.681
0.141128		437.77
0.103752		-328.838
0.0265191		109.423
0.121989		18.251
0.165739		345.691
0.162116		-599.265
0.0942187		-738.699
0.110996		686.636
0.0927206		-776.463
0.200455		452.605
0.0655579		8.14909
0.00892448		-237.482
0.0358024		314.925
0.100383		-256.396
0.150917		783.42
0.110747		-367.024
0.0414468		-664.72
0.0943988		91.4936
0.156976		971.218
0.0912787		3.22194
0.0154077		594.074
0.0358536		-335.656
0.0768956		-565.406
0.0557477		-722.397
0.2303		292.245
0.17647		473.781
0.139106		-220.526
0.0644253		-1290.18
0.0682646		-28.6507
0.203098		867.63
0.0374318		783.982
0.065247		209.733
0.0541651		1542.26
0.108415		1682.56
0.121199		433.904
0.0401085		119.094
0.0232413		1379.07
0.0764323		722.456
0.13921		280.077
0.100044		88.6959
0.150717		-1517.69
0.0482406		-286.293
0.184132		70.4405
0.0376325		327.17
0.0962		-309.825
0.0619439		289.992
0.020111		899.101
0.213428		64.2333
0.0948316		-1528.24
0.182252		-1728.68
0.0727106		-678.356
0.0416037		-395.622
0.007806		-403.392
0.149589		426.538
0.0853188		-524.693
0.0407656		343.873
0.0365383		-687.965
0.020635		132.565
0.0756785		1830.65
0.143146		-74.5849
0.232464		1169.52
0.0840939		-22.9739
0.0467692		-490.021
0.193314		751.649
0.226334		981.795
0.128388		-308.521
0.100072		803.753
0.205463		172.995
0.0236244		108.22
0.234757		470.163
0.108575		-338.263
0.02149		918.103
0.151006		-66.4875
0.0270534		-480.476
0.0537954		-302.396
0.198869		-421.886
0.00889117		-1204.3
0.0871482		-168.023
0.0990406		-603.985
0.163665		39.6416
0.165315		183.028
0.060398		316.408
0.0994603		602.127
0.0305176		-191.887
0.0882012		-316.904
0.153223		1374.05
0.126342		74.5232
0.18896		-690.572
0.135745		-1196.93
0.0630631		1083.44
0.144964		-563.581
0.215651		37.0191
0.104786		-26.3477
0.126217		799.694
0.195305		481.148
0.0804051		457.704
0.135651		-137.921
0.096524		-599.251
0.0659002		-391.833
0.00174976		-1236.73
0.143952		-842.367
0.149616		927.179
0.0160513		150.926
0.039085		913.539
0.171067		101.859
0.1518		490.539
0.00894332		537.685
0.0934216		-142.133
0.0751095		-582.674
0.123362		-572.698
0.113285		478.94
0.171387		831.209
0.0805603		-572.568
0.192125		860.702
0.035539		-138.887
0.0984557		178.124
0.0992059		-794.11
0.0741706		-331.204
0.221479		-1110.49
0.20062		-717.245
0.109277		-974.651
0.0947697		-608.619
0.0672652		-270.439
0.0300873		453.531
0.0888973		222.295
0.143902		835.907
0.151835		-383.013
0.165607		171.948
0.110672		309.887
0.150785		-825.268
0.0291393		-938.006
0.159506		1220.09
0.119184		337.43
0.0967657		1595.48
0.00706403		-27.5217
0.157227		-1130.47
0.0553003		376.257
0.0350371		119.938
0.0129359		-903.687
0.0171482		-104.44
0.0855558		170.587
0.210974		-954.455
0.228708		-72.6883
0.0621247		-1342.11
0.0235829		-491.196
0.016263		-563.903
0.183756		67.9646
0.141595		185.998
0.189468		-213.25
0.120744		399.087
0.219054		-325.692
0.114614		583.21
0.182476		-1771.98
0.0704019		1301.24
0.0588026		-1054.23
0.176493		163.152
0.174345		-529.143
0.11678		-486.661
0.163986		90.8362
0.221691		171.187
0.232325		26.0927
0.19763		807.605
0.0274201		53.3234
0.056374		-1553.79
0.217686		820.412
0.168874		67.9536
0.116637		-727.787
0.214328		878.817
0.0525215		-553.893
0.0490336		72.7616
0.131373		-408.97
0.0819882		495.608
0.119713		728.634
0.142276		19.8618
0.121898		635.658
0.182685		-23.9084
0.121814		179.423
0.134086		-166.011
0.109755		-855.046
0.131057		-229.357
0.0363027		-355.889
0.00946568		246.025
0.118174		422.263
0.0615392		-499.89
0.0699912		-715.865
0.0393102		-862.32
0.0197345		236.934
0.209628		118.898
0.045721		611.812
0.151553		953.311
0.0572213		-1022.09
0.175882		313.43
0.0946235		-13.1228
0.120231		-4.48795
0.218316		280.335
0.0686318		-703.953
0.0620911		-497.995
0.0846382		-811.798
0.183758		-1651.84
0.147676		-458.721
0.00609953		-1058.14
0.0106835		-225.129
0.204095		329.168
0.0399314		1206.51
0.074191		-77.2515
0.0340235		-398.878
0.0473916		438.97
0.212769		-264.958
0.215979		555.229
0.11803		613.172
0.159358		-362.727
0.215791		-1280.05
0.158742		219.5
0.115766		644.357
0.0110718		-160.607
0.125659		-290.433
0.0674718		-470.195
0.0146929		-49.2195
0.0154645		-286.005
0.202279		417.873
0.125971		564.303
0.12406		67.9561
0.220617		-1032.53
0.193382		694.915
0.0147526		-244.317
0.228056		351.578
0.0013498		-959.524
0.224784		-93.8981
0.183763		750.193
0.134477		-703.384
0.0288674		-702.341
0.0140978		257.374
0.128458		284.205
0.107085		1044.81
0.044447		-52.4428
0.0808939		-235.737
0.178434		703.3
0.0976079		641.239
0.0492843		849.356
0.0359053		-318.202
0.182812		778.736
0.142016		76.4852
0.117245		467.796
0.105595		-235.835
0.105086		-662.632
0.141976		-137.38
0.133306		185.114
0.0230599		82.4537
0.0688511		1239.11
0.118151		-303.177
0.0762969		-158.611
0.0189122		-824.402
0.209941		1474.33
0.103977		-423.119
0.0293086		709.512
0.219352		-978.534
0.194269		-362.48
0.048215		347.311
0.0220722		213.784
0.133518		-98.3723
0.202935		649.077
0.196453		-171.989
0.111369		-436.491
0.0260908		723.326
0.1188		129.637
0.0134392		453.563
0.0509383		847.668
0.23301		840.428
0.0474237		242.961
0.164986		-65.9509
0.194421		148.903
0.11696		-323.468
0.174941		600.035
0.144672		984.318
0.22327		1212.97
0.217411		-251.241
0.0468938		-541.645
0.0155785		339.727
0.0437256		-410.997
0.201158		-1628.86
0.0090985		1110.89
0.0290425		24.034
0.2222		414.069
0.106152		513.299
0.184959		1135.01
0.00521659		-1142.8
0.101818		387.563
0.0630082		1507.27
0.1541		873.103
0.187567		198.826
0.0143829		-654.85
0.137443		-555.391
0.14107		937.27
0.0951257		1010.49
0.0108298		274.764
0.148555		-1108.98
0.158869		-865.994
0.00806364		340.088
0.0755907		545.534
0.17577		-911.648
0.228876		-355.311
0.181956		-620.075
0.217793		840.636
0.161833		1031.47
0.173587		-463.604
0.201219		207.406
0.160088		17.0409
0.216318		674.438
0.162721		-24.1921
0.203299		1001.54
0.102748		-394.518
0.186749		616.011
0.0221136		19.1432
0.131889		-343.063
0.230239		1349.1
0.123292		-503.03
0.179693		-434.127
0.0466293		25.112
0.105897		-136.361
0.0873239		1772.66
0.00204335		-1011.19
0.196001		598.211
0.231477		969.061
0.0201177		645.69
0.0264164		-102.276
0.170696		730.852
0.0825413		1409.51
0.0210714		976.795
0.231458		295.671
0.0526417		-759.787
0.222533		-1094.67
0.1912		-499.813
0.0592977		373.673
0.0853242		1475.85
0.137748		-154.325
0.0995823		588.286
0.0515169		967.266
0.10633		355.634
0.13356		284.256
0.197132		359.628
0.229154		890.847
0.161614		741.897
0.0896071		-447.416
0.108852		-508.001
0.220984		598.119
0.227096		107.487
0.167014		268.199
0.22302		-45.8007
0.151355		283.966
0.221734		-620.271
0.207399		-53.6551
0.0794002		528.204
0.208262		797.446
0.0482843		-99.5751
0.00797396		-105.484
0.00615146		-425.542
0.165438		-249.089
0.152062		792.372
0.0996516		-486.902
0.183526		-694.143
0.122299		-98.8327
0.112195		-533.228
0.193063		1505.17
0.0909047		-572.069
0.151377		852.711
0.0454229		422.253
0.0368037		-210.706
0.118645		-97.0015
0.0396704		-95.6099
0.113681		-519.109
0.0937651		184.78
0.149377		403.38
0.156156		844.799
0.094694		-217.736
0.194238		205.407
0.187868		-761.745
0.214353		572.05
0.0831799		181.727
0.108278		-775.049
0.197339		-199.21
0.181153		895.423
0.150636		-486.265
0.00942425		-1419.49
0.195491		-935.912
0.207758		-1032.7
0.0571027		1675.72
0.148508		-1028.13
0.217252		-355.225
0.154157		-1532.54
0.109371		-1095.94
0.0786724		615.856
0.0581142		40.7037
0.0476587		-167.359
0.0557729		-120.613
0.220347		-593.313
0.134404		89.876
0.0852425		-518.533
0.142628		429.067
0.0859916		-201.518
0.207434		-722.943
0.0654232		-276.906
0.0305812		-683.876
0.0877961		603.79
0.176143		251.061
0.00112984		-108.58
0.220894		321.011
0.208415		-511.369
0.100223		-326.066
0.18006		-1099.27
0.11686		-683.811
0.0829935		668.985
0.0931532		-6.61954
0.076864		-509.597
0.181671		-552.164
0.162839		692.789
0.00156191		-548.466
0.210137		-768.328
0.101609		-635.576
0.114945		-321.756
0.127715		-1354.48
0.100119		96.6613
0.0718603		-31.2678
0.22078		-517.488
0.209959		89.0841
0.0616751		-1080.53
0.199836		-701.212
0.132232		-1044.65
0.217445		502.108
0.183968		793.35
0.0816642		-461.879
0.121199		-271.822
0.113893		-316.444
0.0786102		-902.016
0.201152		-676.113
0.0384567		-172.587
0.105081		238.533
0.0735621		-284.448
0.0433662		-415.775
0.194831		244.967
0.145243		133.307
0.0847889		250.508
0.155742		-490.29
0.0169738		-152.537
0.125344		-771.949
0.0186895		-71.9406
0.0981328		1161.79
0.0532899		-11.1865
0.102829		395.536
0.0578563		819.156
0.197237		502.745
0.0403239		640.184
0.00117199		-42.6452
0.103614		-119.259
0.0162637		-97.4075
0.234497		98.7257
0.0709813		358.37
0.0876958		-1141.44
0.139712		356.739
0.0548394		-78.5591
0.125893		518.519
0.0789815		573.776
0.105579		-317.879
0.0252857		-909.337
0.0605875		-1284.09
0.180821		-39.0702
0.187602		-483.9
0.0184859		-80.4959
0.0263989		-649.781
0.0118939		927.871
0.0401557		-839.087
0.0764689		-1302.64
0.0925637		-34.5977
0.177441		-1165.44
0.196017		1392.69
0.113209		1310.88
0.188914		-686.513
0.17012		-94.9106
0.118208		-566.163
0.195289		1500.41
0.216979		-838.67
0.211473		99.3725
0.211142		1358.27
0.167422		-226.449
0.103465		-444.888
0.221584		-999.298
0.228377		492.47
0.218135		-474.435
0.0152363		-917.957
0.0877276		1601.6
0.185326		-639.325
0.201659		277.4
0.0381925		-431.116
0.118115		1099.2
0.183025		132.602
0.0268069		-1559.18
0.164387		302.605
0.152715		131.583
0.0490565		-452.341
0.0767481		-603.338
0.0418517		693.952
0.221261		114.305
0.129533		-141.123
0.20151		460.128
0.138938		-82.4363
0.0928924		228.524
0.0563039		-64.3436
0.176165		-490.457
0.201869		-1100.49
0.00965306		-209.711
0.149886		-144.47
0.0735679		-228.561
0.142312		-493.982
0.0119034		-285.998
0.121412		-16.2944
0.223288		318.4
0.0150513		-248.49
0.0273621		291.465
0.15506		-981.46
0.203719		199.241
0.198305		-998.067
0.129231		-611.426
0.128906		-304.78
0.176484		-480.633
0.119698		228.016
0.063908		-602.858
0.13704		1192.09
0.0375284		-445.488
0.130362		-103.553
0.00766552		-457.836
0.0244886		-208.335
0.0517357		452.473
0.0269846		93.5749
0.23235		-131.193
0.0187409		512.58
0.0395805		-466.455
0.191842		-569.801
0.0998343		27.6092
0.123005		-695.424
0.148285		1024.39
0.0874589		10.7846
0.0594421		176.374
0.0353838		-96.7612
0.0896769		39.9161
0.168523		251.188
0.161957		1025.27
0.0512883		253.778
0.100177		478.615
0.0476253		113.915
0.178509		-605.581
0.00557127		-77.8765
0.104772		-545.574
0.0137289		-301
0.132221		1283.59
0.0120963		75.2985
0.0501156		-547.485
0.128445		783.705
0.07776		-4.70578
0.165144		-114.123
0.0410681		871.624
0.12328		-993.078
0.0454189		101.46
0.151421		264.91
0.232533		-391.531
0.169607		-931.998
0.107364		-627.334
0.172052		-293.611
0.0423309		-1085.03
0.22134		781.366
0.195082		140.878
0.023662		-103.224
0.0987484		-501.95
0.016506		-949.427
0.178816		-670.098
0.144579		-400.52
0.0665712		-459.647
0.220558		322.49
0.152415		1222.94
0.190719		163.075
0.23346		714.233
0.216195		-333.274
0.233832		362.618
0.224764		-344.552
0.0550924		-128.653
0.0297812		798.692
0.00697889		-426.682
0.0602279		187.2
0.143183		745.913
0.164706		-167.01
0.0698741		-278.299
0.149757		659.866
0.22243		242.694
0.090108		442.771
0.0251414		-119.859
0.0639835		1202.3
0.0810032		-185.61
0.201584		345.635
0.131047		213.301
0.0792531		32.7126
0.0749536		-548.237
0.226501		-203.704
0.00126394		-185.506
0.0960188		-693.307
0.0142693		384.231
0.0300811		-712.818
0.215199		666.317
0.00832359		-3.23956
0.0354892		-489.231
0.144981		-360.699
0.028141		-1418.85
0.196203		-693.562
0.141915		460.245
0.154527		412.803
0.0647923		789.027
0.101007		502.637
0.150269		156.637
0.0401233		-102.634
0.0830114		-1206.48
0.0298127		134.57
0.0622529		-634.788
0.0707837		-500.288
0.0691047		916.099
0.0169273		-461.349
0.0572687		-797.859
0.174581		1330.82
0.0996669		105.071
0.162241		1569.4
0.158099		-198.5
0.155505		-1046.69
0.0924279		9.33969
0.122127		551.877
0.062316		1480.26
0.13104		316.128
0.190896		41.6472
0.0164391		176.478
0.0430272		946.474
0.208069		425.986
0.00500715		-1290.24
0.0122631		-314.215
0.202168		706.244
0.195692		-206.635
0.166879		114.067
0.103171		71.4574
0.215836		-254.465
0.0557117		-236.083
0.147748		-64.8524
0.108455		-1138.03
0.154254		-825.157
0.0482555		61.3812
0.0983665		-57.819
0.0593647		934.421
0.136041		-259.058
0.154984		-93.9587
0.17974		117.246
0.117362		-145.341
0.162033		193.926
0.145535		-74.7271
0.167612		1217.73
0.216257		-182.793
0.127109		-255.728
0.0816467		-456.062
0.196789		761.078
0.0589481		362.81
0.109484		241.065
0.213066		170.17
0.147986		2.45666
0.215048		79.4471
0.11329		-66.1989
0.166832		-1277.27
0.0102607		540.475
0.0562148		423.376
0.17325		290.393
0.114788		-309.827
0.189626		1059.57
0.224412		826.796
0.211631		-346.601
0.220703		102.098
0.019231		1273.23
0.0609024		218.549
0.200838		997.885
0.164814		666.126
0.0150518		197.004
0.157508		306.208
0.0069646		322.905
0.171643		137.423
0.180413		802.655
0.190771		498.683
0.0555929		303.256
0.146791		323.563
0.0361986		368.467
0.0834487		1141.45
0.193677		-1953.1
0.21065		-386.929
0.00053858		-276.952
0.156811		566.522
0.113027		-355.253
0.19744		491.493
0.041723		803.088
0.182449		-517.602
0.0909047		1358.07
0.222725		-783.083
0.0734318		369.798
0.202268		168.26
0.0688065		-6.30919
0.181168		674.602
0.151862		-196.261
0.168955		-27.8036
0.213971		-1011.75
0.0883922		-785.751
0.215343		-369.282
0.00537659		103.734
0.210524		-153.693
0.0661588		-1766
0.15504		1635.76
0.0390521		-951.272
0.2029		-609.131
0.0357826		833.811
0.0360616		-9.90978
0.229898		512.179
0.205976		66.748
0.0706602		-151.021
0.0967538		-1185.19
0.0538443		1022.51
0.13173		424.496
0.181677		-894.766
0.129362		-529.273
0.156556		-114.778
0.181853		-374.061
0.121637		-822.589
0.13824		175.534
0.0141532		641.143
0.0476427		635.455
0.224539		197.877
0.0862471		-110.185
0.0643418		-410.295
0.163447		126.482
0.116729		-863.092
0.0305885		-454.976
0.0586194		1294.5
0.164021		405.936
0.168751		754.911
0.113063		-246.671
0.08669		375.622
0.060605		-659.721
0.186511		361.362
0.190995		-839.036
0.133744		305.279
0.166263		-304.237
0.0731947		-182.385
0.0387386		1574.57
0.0292901		-722.833
0.116483		914.157
0.0252038		-834.848
0.0311631		-265.051
0.137355		-329.344
0.201898		714.394
0.161571		307.407
0.0166723		-431.803
0.189467		-836.425
0.145562		234.595
0.165295		-742.017
0.197273		469.036
0.108402		-330.093
0.176374		-2144.95
0.138465		-1124.07
0.0492742		-664.371
0.0382902		-72.3932
0.2066		1279.14
0.169723		-818.542
0.096402		-383.469
0.0580898		-614.184
0.229172		379.985
0.154203		301.323
0.133511		1359.06
0.174469		-98.9957
0.0217733		821.04
0.208619		-30.2644
0.101801		17.0319
0.113622		961.133
0.0991674		273.765
0.202832		-183.894
0.159315		-241.317
0.144199		628.915
0.0446561		10.6373
0.225126		1592.78
0.0857954		78.1484
0.156984		-598.344
0.0458231		1425.77
0.0478641		-30.1048
0.0850131		-377.08
0.148491		-307.286
0.22035		70.0483
0.177918		347.226
0.211921		983.379
0.15846		-289.573
0.0667132		-656.329
0.0954419		-193.627
0.0558393		-414.61
0.163657		-383.939
0.193809		-779.352
0.0793774		136.247
0.182374		724.424
0.225025		438.715
0.0962669		-1040.38
0.201789		-719.568
0.166086		-360.208
0.111205		-469.576
0.115838		-165.121
0.172236		921.681
0.0983723		-370.215
0.0209232		-1789.57
0.0560386		1283.52
0.0909952		250.195
0.210984		1166.78
0.1602		1048.03
0.155138		1612.05
0.0877524		-10.5307
0.147927		959.923
0.142626		-32.8526
0.181589		118.298
0.0470561		23.6442
0.0681054		-103.434
0.159526		-265.64
0.136105		-1603.49
0.115919		501.187
0.0469803		-2022.75
0.220094		-185.466
0.129902		854.618
0.0562557		799.404
0.0310649		1271.15
0.217531		64.7627
0.192032		832.455
0.167709		861.703
0.051088		-838.993
0.134014		234.571
0.146861		1619.3
0.0640889		296.372
0.113065		69.3835
0.17218		416.896
0.104388		136.638
0.010605		-934.947
0.0353329		417.388
0.0121052		-762.181
0.0603475		-550.59
0.0494435		777.638
0.0170921		1451.9
0.144875		799.6
0.0580144		-216.809
0.0452186		205.028
0.107518		-385.801
0.0112383		132.08
0.0714279		-1245.46
0.204996		-206.155
0.00121092		-1189.45
0.0254906		-24.8278
0.222452		1771.5
0.146689		-656.825
0.0597736		407.834
0.117058		-418.971
0.0945905		632.818
0.0859273		-490.984
0.176175		-733.34
0.102261		-999.722
0.0329407		-1264.26
0.129949		-160.841
0.176783		-272.046
0.118278		-141.182
0.0223668		737.023
0.0625355		277.535
0.0276989		294.354
0.0532952		-675.47
0.0858018		93.9765
0.113545		109.77
0.045427		-457.421
0.161863		-887.118
0.00147383		19.4821
0.228326		573.991
0.215516		1324.72
0.0111682		504.967
