
##### time= 3.173420509e-06, label: 
1.7806E-11		2.54407E-11
4.57613E-09		4.09006E-08
9.13444E-09		9.45988E-08
1.36928E-08		1.07185E-07
1.82512E-08		1.30583E-08
2.27562E-08		2.4893E-08
2.73146E-08		1.52975E-07
3.1873E-08		2.29455E-07
3.64313E-08		6.26778E-09
4.09897E-08		1.7505E-07
4.55481E-08		1.77642E-07
5.01065E-08		2.30438E-09
5.46649E-08		1.97339E-07
5.92233E-08		1.61228E-07
6.37817E-08		3.66465E-09
6.83401E-08		1.95252E-07
7.28984E-08		1.37608E-07
7.72432E-08		1.24233E-09
8.18015E-08		1.63711E-07
8.63599E-08		1.42746E-07
9.09183E-08		1.43475E-09
9.54767E-08		1.66115E-07
1.00035E-07		1.38377E-07
1.04593E-07		1.92286E-09
1.09152E-07		1.62902E-07
1.1371E-07		1.30638E-07
1.18269E-07		2.46051E-09
1.22827E-07		1.62401E-07
1.27385E-07		1.25694E-07
1.31944E-07		3.26077E-09
1.36502E-07		1.66133E-07
1.41061E-07		1.22316E-07
1.45619E-07		4.23586E-09
1.50177E-07		1.68118E-07
1.54736E-07		1.17224E-07
1.59294E-07		5.60757E-09
1.63853E-07		1.72317E-07
1.68411E-07		1.12947E-07
1.72969E-07		7.33223E-09
1.77528E-07		1.75675E-07
1.82086E-07		1.08519E-07
1.86644E-07		9.27065E-09
1.91203E-07		1.78758E-07
1.95761E-07		1.03392E-07
2.0032E-07		1.16121E-08
2.04878E-07		1.8186E-07
2.09436E-07		9.85189E-08
2.13995E-07		1.41081E-08
2.18553E-07		1.84542E-07
2.23112E-07		9.33891E-08
2.2767E-07		1.685E-08
2.32228E-07		1.86816E-07
2.36787E-07		8.82361E-08
2.41343E-07		1.84057E-08
2.45898E-07		1.91595E-07
2.50452E-07		1.14517E-07
2.55007E-07		5.33015E-09
2.59562E-07		1.69704E-07
2.64117E-07		1.41004E-07
2.68671E-07		3.81676E-10
2.73226E-07		1.44653E-07
2.77781E-07		1.65668E-07
2.82336E-07		4.01172E-09
2.8689E-07		1.16554E-07
2.91445E-07		1.84874E-07
2.95146E-07		1.1649E-07
2.99701E-07		4.12565E-09
3.04255E-07		1.66826E-07
3.0881E-07		1.44132E-07
3.13365E-07		3.02762E-10
3.1792E-07		1.43095E-07
3.22474E-07		1.68276E-07
3.27029E-07		4.51875E-09
3.31584E-07		1.15801E-07
3.36138E-07		1.87024E-07
3.40693E-07		1.6459E-08
3.45248E-07		8.71839E-08
3.49803E-07		1.98796E-07
3.54357E-07		3.51776E-08
3.58912E-07		5.97119E-08
3.63467E-07		2.02858E-07
3.68022E-07		5.92173E-08
3.72576E-07		3.55504E-08
3.77131E-07		1.98821E-07
3.81686E-07		8.66601E-08
3.86241E-07		1.66812E-08
3.90795E-07		1.87005E-07
3.9535E-07		1.15294E-07
3.99905E-07		4.61735E-09
4.0446E-07		1.68387E-07
4.09014E-07		1.42837E-07
4.13569E-07		3.19824E-10
4.18124E-07		1.44414E-07
4.22679E-07		1.67079E-07
4.27233E-07		4.13038E-09
4.31788E-07		1.17015E-07
4.36343E-07		1.86061E-07
4.40898E-07		1.57415E-08
4.45452E-07		8.83794E-08
4.50007E-07		1.98284E-07
4.54562E-07		3.42212E-08
4.59117E-07		6.07928E-08
4.63671E-07		2.02753E-07
4.68226E-07		5.80921E-08
4.72781E-07		3.64703E-08
4.77336E-07		1.98853E-07
4.8189E-07		8.36043E-08
4.86445E-07		1.80897E-08
4.91E-07		1.8767E-07
4.95555E-07		1.1256E-07
5.00109E-07		5.29336E-09
5.04664E-07		1.69482E-07
5.09219E-07		1.40354E-07
5.13774E-07		3.53727E-10
5.18328E-07		1.46218E-07
5.22883E-07		1.65258E-07
5.27438E-07		3.54916E-09
5.31993E-07		1.1914E-07
5.36547E-07		1.84809E-07
5.41102E-07		1.45839E-08
5.45657E-07		9.06089E-08
5.50212E-07		1.97648E-07
5.54766E-07		3.25401E-08
5.59321E-07		6.29262E-08
5.63876E-07		2.02765E-07
5.68431E-07		5.60423E-08
5.72985E-07		3.82674E-08
5.7754E-07		1.99758E-07
5.82095E-07		8.31673E-08
5.8665E-07		1.86714E-08
5.91204E-07		1.88885E-07
5.95759E-07		1.11769E-07
6.00314E-07		5.70517E-09
6.04869E-07		1.71038E-07
6.09423E-07		1.39564E-07
6.13978E-07		4.13478E-10
6.18533E-07		1.47627E-07
6.23088E-07		1.64314E-07
6.27642E-07		3.21994E-09
6.32197E-07		1.20534E-07
6.36752E-07		1.84044E-07
6.41307E-07		1.38998E-08
6.45861E-07		9.19236E-08
6.50416E-07		1.97166E-07
6.54971E-07		3.15972E-08
6.59526E-07		6.40832E-08
6.6408E-07		2.02632E-07
6.68635E-07		5.48946E-08
6.7319E-07		3.92416E-08
6.77745E-07		2.00002E-07
6.82299E-07		8.19264E-08
6.86854E-07		1.93879E-08
6.91409E-07		1.89488E-07
6.95964E-07		1.10528E-07
7.00518E-07		6.11134E-09
7.05073E-07		1.7193E-07
7.09628E-07		1.3841E-07
7.14183E-07		4.75162E-10
7.18737E-07		1.48736E-07
7.23292E-07		1.63339E-07
7.27847E-07		2.93094E-09
7.32402E-07		1.21763E-07
7.36956E-07		1.8332E-07
7.41511E-07		1.32816E-08
7.46066E-07		9.3172E-08
7.50621E-07		1.96754E-07
7.55175E-07		3.06991E-08
7.5973E-07		6.52498E-08
7.64285E-07		2.02562E-07
7.6884E-07		5.3788E-08
7.73394E-07		4.02336E-08
7.77949E-07		2.00283E-07
7.82504E-07		8.06995E-08
7.87059E-07		2.01258E-08
7.91613E-07		1.90097E-07
7.96168E-07		1.0928E-07
8.00723E-07		6.53629E-09
8.05278E-07		1.72821E-07
8.09832E-07		1.3724E-07
8.14387E-07		5.53195E-10
8.18942E-07		1.49838E-07
8.23497E-07		1.62342E-07
8.28051E-07		2.6553E-09
8.32606E-07		1.22988E-07
8.37161E-07		1.82574E-07
8.41716E-07		1.26744E-08
8.4627E-07		9.44198E-08
8.50825E-07		1.9632E-07
8.5538E-07		2.98083E-08
8.59935E-07		6.64217E-08
8.64489E-07		2.02476E-07
8.69044E-07		5.26851E-08
8.73599E-07		4.12351E-08
8.78154E-07		2.0055E-07
8.82708E-07		7.94734E-08
8.87263E-07		2.08767E-08
8.91818E-07		1.90699E-07
8.96373E-07		1.08029E-07
9.00927E-07		6.97602E-09
9.05482E-07		1.73706E-07
9.10037E-07		1.36064E-07
9.14592E-07		6.46556E-10
9.19146E-07		1.50937E-07
9.23701E-07		1.61336E-07
9.28256E-07		2.39509E-09
9.32811E-07		1.24212E-07
9.37365E-07		1.8182E-07
9.4192E-07		1.20817E-08
9.46475E-07		9.56705E-08
9.5103E-07		1.95876E-07
9.55591E-07		2.48201E-08
9.6016E-07		9.94104E-08
9.64729E-07		1.31686E-07
9.69298E-07		5.65924E-09
9.73868E-07		1.71704E-07
9.78437E-07		4.14526E-08
9.83006E-07		7.75149E-08
9.87576E-07		1.52818E-07
9.92145E-07		3.97159E-10
9.96714E-07		1.60088E-07
1.00128E-06		6.49395E-08
1.00585E-06		5.25439E-08
1.01042E-06		1.68629E-07
1.01499E-06		2.68853E-09
1.01956E-06		1.42265E-07
1.02413E-06		9.31427E-08
1.0287E-06		2.93062E-08
1.03327E-06		1.77184E-07
1.03784E-06		1.34539E-08
1.04241E-06		1.17823E-07
1.04698E-06		1.21398E-07
1.05155E-06		1.15984E-08
1.05612E-06		1.76991E-07
1.06068E-06		3.23137E-08
1.06525E-06		8.96499E-08
1.06982E-06		1.46454E-07
1.07439E-06		1.80212E-09
1.07896E-06		1.67527E-07
1.08353E-06		5.73546E-08
1.0881E-06		6.10913E-08
1.09267E-06		1.656E-07
1.09724E-06		1.16211E-09
1.10181E-06		1.49613E-07
1.10638E-06		8.58592E-08
1.11095E-06		3.54509E-08
1.11552E-06		1.76726E-07
1.12009E-06		9.89241E-09
1.12465E-06		1.25192E-07
1.12922E-06		1.14783E-07
1.13379E-06		1.54964E-08
1.13836E-06		1.78598E-07
1.14293E-06		2.71033E-08
1.1475E-06		9.69513E-08
1.15207E-06		1.41051E-07
1.15664E-06		3.39458E-09
1.16121E-06		1.70981E-07
1.16578E-06		5.09672E-08
1.16692E-06		1.67706E-07
1.17149E-06		5.76925E-08
1.17606E-06		6.0915E-08
1.18063E-06		1.65969E-07
1.1852E-06		1.21356E-09
1.18977E-06		1.49485E-07
1.19434E-06		8.62489E-08
1.19891E-06		3.52099E-08
1.20348E-06		1.76922E-07
1.20804E-06		1.00605E-08
1.21261E-06		1.24917E-07
1.21718E-06		1.15172E-07
1.22175E-06		1.52997E-08
1.22632E-06		1.78608E-07
1.23089E-06		2.7372E-08
1.23546E-06		9.66079E-08
1.24003E-06		1.41384E-07
1.2446E-06		3.29833E-09
1.24917E-06		1.70845E-07
1.25374E-06		5.13078E-08
1.25831E-06		6.75635E-08
1.26288E-06		1.62105E-07
1.26745E-06		4.80384E-10
1.27201E-06		1.54457E-07
1.27658E-06		7.93237E-08
1.28115E-06		4.08737E-08
1.28572E-06		1.75128E-07
1.29029E-06		7.14537E-09
1.29486E-06		1.31185E-07
1.29943E-06		1.08441E-07
1.304E-06		1.93727E-08
1.30857E-06		1.7907E-07
1.31314E-06		2.25845E-08
1.31771E-06		1.03502E-07
1.32228E-06		1.35567E-07
1.32685E-06		5.34639E-09
1.33142E-06		1.73513E-07
1.33598E-06		4.51567E-08
1.34055E-06		7.43533E-08
1.34512E-06		1.57814E-07
1.34969E-06		2.85441E-10
1.35426E-06		1.59045E-07
1.35883E-06		7.24631E-08
1.3634E-06		4.68338E-08
1.36797E-06		1.72823E-07
1.37254E-06		4.7278E-09
1.37711E-06		1.37206E-07
1.38168E-06		1.016E-07
1.38625E-06		2.38702E-08
1.39082E-06		1.78996E-07
1.39539E-06		1.82014E-08
1.39996E-06		1.10316E-07
1.40452E-06		1.29472E-07
1.40909E-06		7.90315E-09
1.41366E-06		1.75675E-07
1.41823E-06		3.92743E-08
1.4228E-06		8.12347E-08
1.42737E-06		1.53116E-07
1.43194E-06		6.29623E-10
1.43651E-06		1.63215E-07
1.44108E-06		6.57063E-08
1.44565E-06		5.30523E-08
1.45022E-06		1.70018E-07
1.45479E-06		2.82307E-09
1.45936E-06		1.4294E-07
1.46393E-06		9.46878E-08
1.46849E-06		2.87644E-08
1.47306E-06		1.78381E-07
1.47763E-06		1.42503E-08
1.4822E-06		1.17005E-07
1.48677E-06		1.23139E-07
1.49134E-06		1.09528E-08
1.49591E-06		1.77319E-07
1.50048E-06		3.36966E-08
1.50505E-06		8.81673E-08
1.50962E-06		1.48034E-07
1.51419E-06		1.51086E-09
1.51876E-06		1.66941E-07
1.52333E-06		5.90947E-08
1.5279E-06		5.94916E-08
1.53246E-06		1.66728E-07
1.53703E-06		1.44205E-09
1.5416E-06		1.48352E-07
1.54617E-06		8.77451E-08
1.55074E-06		3.40262E-08
1.55531E-06		1.77234E-07
1.55988E-06		1.07539E-08
1.56445E-06		1.23529E-07
1.56902E-06		1.16603E-07
1.57359E-06		1.44776E-08
1.57816E-06		1.78435E-07
1.58273E-06		2.84565E-08
1.5873E-06		9.51092E-08
1.59187E-06		1.426E-07
1.59644E-06		2.92391E-09
1.601E-06		1.70203E-07
1.60557E-06		5.26678E-08
1.61014E-06		6.61126E-08
1.61471E-06		1.62974E-07
1.61928E-06		5.93358E-10
1.62385E-06		1.53412E-07
1.62842E-06		8.08153E-08
1.63299E-06		3.96233E-08
1.63756E-06		1.75558E-07
1.64213E-06		7.73364E-09
1.6467E-06		1.29849E-07
1.65127E-06		1.09906E-07
1.65584E-06		1.84556E-08
1.66041E-06		1.79016E-07
1.66497E-06		2.35856E-08
1.66954E-06		1.02018E-07
1.67411E-06		1.36848E-07
1.67868E-06		4.86027E-09
1.68325E-06		1.72978E-07
1.68782E-06		4.64646E-08
1.69239E-06		7.28767E-08
1.69696E-06		1.58778E-07
1.70153E-06		2.81877E-10
1.7061E-06		1.58088E-07
1.71067E-06		7.39373E-08
1.71524E-06		4.55233E-08
1.71981E-06		1.73364E-07
1.72438E-06		5.20731E-09
1.72894E-06		1.35928E-07
1.73351E-06		1.03086E-07
1.73808E-06		2.28638E-08
1.74265E-06		1.79057E-07
1.74722E-06		1.91126E-08
1.75179E-06		1.08854E-07
1.75636E-06		1.30811E-07
1.76093E-06		7.30828E-09
1.7655E-06		1.7525E-07
1.77007E-06		4.05208E-08
1.77464E-06		7.97423E-08
1.77921E-06		1.54165E-07
1.78378E-06		5.09657E-10
1.78835E-06		1.6235E-07
1.79291E-06		6.71556E-08
1.79748E-06		5.16885E-08
1.80205E-06		1.70665E-07
1.80662E-06		3.19066E-09
1.81119E-06		1.41727E-07
1.81576E-06		9.61856E-08
1.82033E-06		2.76745E-08
1.8249E-06		1.78559E-07
1.82947E-06		1.50662E-08
1.83404E-06		1.15572E-07
1.83861E-06		1.24525E-07
1.84318E-06		1.02529E-08
1.84775E-06		1.77007E-07
1.85232E-06		3.48743E-08
1.85689E-06		8.66669E-08
1.86145E-06		1.49163E-07
1.86602E-06		1.27516E-09
1.87059E-06		1.66175E-07
1.87516E-06		6.0509E-08
1.87973E-06		5.80832E-08
1.8843E-06		1.67479E-07
1.88887E-06		1.69572E-09
1.89344E-06		1.47212E-07
1.89801E-06		8.92455E-08
1.90258E-06		3.28598E-08
1.90715E-06		1.77527E-07
1.91169E-06		7.20118E-08
1.91623E-06		9.47176E-10
1.92077E-06		1.11072E-07
1.92531E-06		2.25332E-07
1.92985E-06		1.15215E-07
1.93439E-06		2.75046E-10
1.93893E-06		1.36838E-07
1.94347E-06		2.54717E-07
1.94801E-06		1.12071E-07
1.95255E-06		1.29921E-09
1.95709E-06		1.34381E-07
1.96163E-06		2.37401E-07
1.96617E-06		1.10743E-07
1.97071E-06		5.55873E-10
1.97525E-06		1.1416E-07
1.97979E-06		2.29969E-07
1.98433E-06		1.23696E-07
1.98887E-06		8.07877E-10
1.99341E-06		1.04563E-07
1.99795E-06		2.35202E-07
2.00249E-06		1.35654E-07
2.00703E-06		1.80578E-09
2.01157E-06		9.87136E-08
2.01611E-06		2.35624E-07
2.02065E-06		1.43005E-07
2.02519E-06		3.34651E-09
2.02973E-06		8.98124E-08
2.03427E-06		2.31612E-07
2.03881E-06		1.50798E-07
2.04335E-06		5.76733E-09
2.04789E-06		8.04143E-08
2.05244E-06		2.28574E-07
2.05698E-06		1.59867E-07
2.06152E-06		8.88364E-09
2.06606E-06		7.21137E-08
2.0706E-06		2.25838E-07
2.07514E-06		1.68386E-07
2.07968E-06		1.25053E-08
2.08422E-06		6.41796E-08
2.08876E-06		2.21912E-07
2.0933E-06		1.76154E-07
2.09784E-06		1.67328E-08
2.10238E-06		5.63321E-08
2.10692E-06		2.17172E-07
2.11146E-06		1.83737E-07
2.116E-06		2.16109E-08
2.12054E-06		4.88281E-08
2.12508E-06		2.12033E-07
2.12962E-06		1.91063E-07
2.13416E-06		2.70471E-08
2.1387E-06		4.17869E-08
2.14324E-06		2.06387E-07
2.14778E-06		1.9791E-07
2.15232E-06		3.29861E-08
2.15686E-06		3.5191E-08
2.1614E-06		2.00186E-07
2.16594E-06		2.04261E-07
2.17048E-06		3.94256E-08
2.17502E-06		2.90614E-08
2.17956E-06		1.93497E-07
2.1841E-06		2.10131E-07
2.18864E-06		4.63311E-08
2.19318E-06		2.34494E-08
2.19772E-06		1.86383E-07
2.20226E-06		2.15473E-07
2.2068E-06		5.36509E-08
2.21134E-06		1.8392E-08
2.21588E-06		1.78874E-07
2.22042E-06		2.2025E-07
2.22496E-06		6.13429E-08
2.2295E-06		1.39134E-08
2.23404E-06		1.71011E-07
2.23858E-06		2.24427E-07
2.24312E-06		6.9366E-08
2.24766E-06		1.00393E-08
2.2522E-06		1.62838E-07
2.25674E-06		2.27988E-07
2.26128E-06		7.76738E-08
2.26582E-06		6.79295E-09
2.27036E-06		1.54409E-07
2.2749E-06		2.30915E-07
2.27944E-06		8.62152E-08
2.28399E-06		4.19382E-09
2.28853E-06		1.45767E-07
2.29307E-06		2.33184E-07
2.29761E-06		9.49405E-08
2.30215E-06		2.25688E-09
2.30669E-06		1.36966E-07
2.31123E-06		2.34784E-07
2.31577E-06		1.03802E-07
2.32031E-06		9.93081E-10
2.32485E-06		1.28055E-07
2.32939E-06		2.35709E-07
2.33393E-06		1.12749E-07
2.33847E-06		4.09713E-10
2.34301E-06		1.19088E-07
2.34755E-06		2.3595E-07
2.35209E-06		1.21725E-07
2.35663E-06		5.1014E-10
2.36117E-06		1.10116E-07
2.36571E-06		2.35508E-07
2.37025E-06		1.30682E-07
2.37479E-06		1.29431E-09
2.37933E-06		1.01189E-07
2.38387E-06		2.34384E-07
2.38841E-06		1.39567E-07
2.39295E-06		2.75686E-09
2.39749E-06		9.23611E-08
2.40203E-06		2.32584E-07
2.40657E-06		1.48327E-07
2.41111E-06		4.88969E-09
2.41565E-06		8.36838E-08
2.42019E-06		2.30122E-07
2.42473E-06		1.56913E-07
2.42927E-06		7.68089E-09
2.43381E-06		7.52046E-08
2.43835E-06		2.27008E-07
2.44289E-06		1.6527E-07
2.44743E-06		1.11136E-08
2.45197E-06		6.69757E-08
2.45651E-06		2.23262E-07
2.46105E-06		1.73355E-07
2.46559E-06		1.51677E-08
2.47013E-06		5.90443E-08
2.47467E-06		2.18905E-07
2.47921E-06		1.81119E-07
2.48375E-06		1.982E-08
2.48829E-06		5.1457E-08
2.49283E-06		2.13962E-07
2.49737E-06		1.88517E-07
2.50191E-06		2.50439E-08
2.50645E-06		4.42574E-08
2.511E-06		2.08465E-07
2.51554E-06		1.95508E-07
2.52008E-06		3.08081E-08
2.52462E-06		3.74875E-08
2.52916E-06		2.02443E-07
2.5337E-06		2.02049E-07
2.53824E-06		3.70796E-08
2.54278E-06		3.11852E-08
2.54732E-06		1.9593E-07
2.55186E-06		2.08104E-07
2.5564E-06		4.38226E-08
2.56094E-06		2.53881E-08
2.56548E-06		1.88966E-07
2.57002E-06		2.13637E-07
2.57456E-06		5.09979E-08
2.5791E-06		2.01298E-08
2.58364E-06		1.81592E-07
2.58818E-06		2.18616E-07
2.59272E-06		5.8563E-08
2.59726E-06		1.54404E-08
2.6018E-06		1.73848E-07
2.60634E-06		2.23008E-07
2.61088E-06		6.64731E-08
2.61542E-06		1.13479E-08
2.61996E-06		1.65782E-07
2.6245E-06		2.26793E-07
2.62904E-06		7.46842E-08
2.63358E-06		7.87563E-09
2.63812E-06		1.57437E-07
2.64266E-06		2.29948E-07
2.6472E-06		8.31481E-08
2.65174E-06		5.04418E-09
2.65628E-06		1.48866E-07
2.66082E-06		2.3245E-07
2.66536E-06		9.18136E-08
2.6699E-06		2.87013E-09
2.67444E-06		1.40116E-07
2.67898E-06		2.34291E-07
2.68352E-06		1.00634E-07
2.68806E-06		1.36558E-09
2.6926E-06		1.31239E-07
2.69714E-06		2.35456E-07
2.70168E-06		1.09557E-07
2.70622E-06		5.39195E-10
2.71076E-06		1.22286E-07
2.7153E-06		2.35942E-07
2.71984E-06		1.18528E-07
2.72438E-06		3.95923E-10
2.72892E-06		1.13309E-07
2.73346E-06		2.35746E-07
2.738E-06		1.275E-07
2.74255E-06		9.3666E-10
2.74709E-06		1.04359E-07
2.75163E-06		2.34862E-07
2.75617E-06		1.36414E-07
2.76071E-06		2.15854E-09
2.76525E-06		9.54905E-08
2.76979E-06		2.33303E-07
2.77433E-06		1.45223E-07
2.77887E-06		4.05362E-09
2.78341E-06		8.67538E-08
2.78795E-06		2.31077E-07
2.79249E-06		1.53876E-07
2.79703E-06		6.61204E-09
2.80157E-06		7.81982E-08
2.80611E-06		2.28191E-07
2.81065E-06		1.62319E-07
2.81519E-06		9.81832E-09
2.81973E-06		6.98749E-08
2.82427E-06		2.24667E-07
2.82881E-06		1.70507E-07
2.83335E-06		1.36536E-08
2.83789E-06		6.18331E-08
2.84243E-06		2.20524E-07
2.84697E-06		1.78392E-07
2.85151E-06		1.80961E-08
2.85605E-06		5.41185E-08
2.86059E-06		2.15787E-07
2.86513E-06		1.85926E-07
2.86967E-06		2.31192E-08
2.87421E-06		4.67761E-08
2.87875E-06		2.10484E-07
2.88329E-06		1.93068E-07
2.88783E-06		2.86951E-08
2.89237E-06		3.98474E-08
2.89691E-06		2.04645E-07
2.90145E-06		1.99775E-07
2.90599E-06		3.47898E-08
2.91053E-06		3.33741E-08
2.91507E-06		1.98302E-07
2.91961E-06		2.06008E-07
2.92415E-06		4.1369E-08
2.92869E-06		2.73927E-08
2.93323E-06		1.91497E-07
2.93777E-06		2.1173E-07
2.94231E-06		4.83955E-08
2.94685E-06		2.19385E-08
2.95139E-06		1.84264E-07
2.95593E-06		2.16907E-07
2.96047E-06		5.58261E-08
2.96501E-06		1.70429E-08
2.96955E-06		1.76646E-07
2.9741E-06		2.21511E-07
2.97864E-06		6.36185E-08
2.98318E-06		1.27351E-08
2.98772E-06		1.68689E-07
2.99226E-06		2.25515E-07
2.9968E-06		7.17279E-08
3.00134E-06		9.03974E-09
3.00588E-06		1.60437E-07
3.01042E-06		2.28894E-07
3.01496E-06		8.0108E-08
3.0195E-06		5.97851E-09
3.02404E-06		1.51941E-07
3.02858E-06		2.31632E-07
3.03312E-06		8.87071E-08
3.03766E-06		3.56853E-09
3.0422E-06		1.43251E-07
3.04674E-06		2.33712E-07
3.05128E-06		9.74791E-08
3.05582E-06		1.82423E-09
3.06036E-06		1.34413E-07
3.0649E-06		2.35119E-07
3.06944E-06		1.06369E-07
3.07398E-06		7.5547E-10
3.07852E-06		1.2548E-07
3.08306E-06		2.35849E-07
3.0876E-06		1.1533E-07
3.09214E-06		3.68424E-10
3.09668E-06		1.16506E-07
3.10122E-06		2.35896E-07
3.10576E-06		1.24307E-07
3.1103E-06		6.65634E-10
3.11484E-06		1.07541E-07
3.11938E-06		2.35255E-07
3.12392E-06		1.33248E-07
3.12846E-06		1.64552E-09
3.133E-06		9.86376E-08
3.13754E-06		2.33937E-07
3.14208E-06		1.421E-07
3.14662E-06		3.30238E-09
3.15116E-06		8.98467E-08
3.1557E-06		2.31945E-07
3.16024E-06		1.50814E-07
3.16478E-06		5.62586E-09
3.16932E-06		8.12213E-08

##### time= 3.173420509e-06, label: 
1.7806E-11		1.09962E-10
4.57613E-09		4.57436E-07
9.13444E-09		2.75838E-07
1.36928E-08		3.70951E-08
1.82512E-08		3.62619E-07
2.27562E-08		1.7151E-07
2.73146E-08		1.18007E-08
3.1873E-08		1.10829E-07
3.64313E-08		1.5278E-07
4.09897E-08		1.71218E-08
4.55481E-08		7.33877E-08
5.01065E-08		1.64826E-07
5.46649E-08		2.73612E-08
5.92233E-08		6.17643E-08
6.37817E-08		1.59068E-07
6.83401E-08		2.2178E-08
7.28984E-08		6.6605E-08
7.72432E-08		1.78757E-07
8.18015E-08		4.8159E-08
8.63599E-08		4.69267E-08
9.09183E-08		1.91449E-07
9.54767E-08		4.6166E-08
1.00035E-07		5.25648E-08
1.04593E-07		1.93554E-07
1.09152E-07		4.09985E-08
1.1371E-07		6.07283E-08
1.18269E-07		1.9885E-07
1.22827E-07		3.68101E-08
1.27385E-07		6.69699E-08
1.31944E-07		1.97844E-07
1.36502E-07		3.22882E-08
1.41061E-07		7.25752E-08
1.45619E-07		1.9608E-07
1.50177E-07		2.78009E-08
1.54736E-07		7.84895E-08
1.59294E-07		1.94118E-07
1.63853E-07		2.42066E-08
1.68411E-07		8.35327E-08
1.72969E-07		1.91812E-07
1.77528E-07		2.08255E-08
1.82086E-07		8.85098E-08
1.86644E-07		1.89213E-07
1.91203E-07		1.76766E-08
1.95761E-07		9.35515E-08
2.0032E-07		1.86864E-07
2.04878E-07		1.49518E-08
2.09436E-07		9.85425E-08
2.13995E-07		1.84238E-07
2.18553E-07		1.23884E-08
2.23112E-07		1.03578E-07
2.2767E-07		1.81416E-07
2.32228E-07		1.00785E-08
2.36787E-07		1.08694E-07
2.41343E-07		1.8444E-07
2.45898E-07		1.73971E-08
2.50452E-07		8.51071E-08
2.55007E-07		2.00313E-07
2.59562E-07		3.69831E-08
2.64117E-07		5.89746E-08
2.68671E-07		2.05381E-07
2.73226E-07		6.10474E-08
2.77781E-07		3.56293E-08
2.82336E-07		2.01652E-07
2.8689E-07		8.83189E-08
2.91445E-07		1.70223E-08
2.95146E-07		8.75064E-08
2.99701E-07		2.0116E-07
3.04255E-07		3.63285E-08
3.0881E-07		5.95871E-08
3.13365E-07		2.04673E-07
3.1792E-07		6.07988E-08
3.22474E-07		3.51732E-08
3.27029E-07		2.00004E-07
3.31584E-07		8.85258E-08
3.36138E-07		1.63552E-08
3.40693E-07		1.87852E-07
3.45248E-07		1.1751E-07
3.49803E-07		4.47632E-09
3.54357E-07		1.68812E-07
3.58912E-07		1.452E-07
3.63467E-07		5.02102E-10
3.68022E-07		1.44552E-07
3.72576E-07		1.69527E-07
3.77131E-07		4.70494E-09
3.81686E-07		1.16853E-07
3.86241E-07		1.88387E-07
3.90795E-07		1.67281E-08
3.9535E-07		8.80476E-08
3.99905E-07		2.00442E-07
4.0446E-07		3.564E-08
4.09014E-07		6.03313E-08
4.13569E-07		2.04554E-07
4.18124E-07		5.98608E-08
4.22679E-07		3.60251E-08
4.27233E-07		2.00585E-07
4.31788E-07		8.75517E-08
4.36343E-07		1.70038E-08
4.40898E-07		1.88663E-07
4.45452E-07		1.16369E-07
4.50007E-07		4.85877E-09
4.54562E-07		1.69969E-07
4.59117E-07		1.44187E-07
4.63671E-07		5.22371E-10
4.68226E-07		1.45749E-07
4.72781E-07		1.68544E-07
4.77336E-07		4.28585E-09
4.8189E-07		1.19112E-07
4.86445E-07		1.87947E-07
4.91E-07		1.56067E-08
4.95555E-07		9.06297E-08
5.00109E-07		2.00473E-07
5.04664E-07		3.39836E-08
5.09219E-07		6.27589E-08
5.13774E-07		2.04974E-07
5.18328E-07		5.77647E-08
5.22883E-07		3.79296E-08
5.27438E-07		2.01261E-07
5.31993E-07		8.51038E-08
5.36547E-07		1.83968E-08
5.41102E-07		1.90012E-07
5.45657E-07		1.14009E-07
5.50212E-07		5.57918E-09
5.54766E-07		1.71615E-07
5.59321E-07		1.41916E-07
5.63876E-07		5.78188E-10
5.68431E-07		1.47879E-07
5.72985E-07		1.66764E-07
5.7754E-07		3.75688E-09
5.82095E-07		1.20414E-07
5.8665E-07		1.86346E-07
5.91204E-07		1.48323E-08
5.95759E-07		9.16517E-08
6.00314E-07		1.99378E-07
6.04869E-07		3.29814E-08
6.09423E-07		6.36133E-08
6.13978E-07		2.04428E-07
6.18533E-07		5.66047E-08
6.23088E-07		3.88192E-08
6.27642E-07		2.01556E-07
6.32197E-07		8.40259E-08
6.36752E-07		1.90209E-08
6.41307E-07		1.90533E-07
6.45861E-07		1.12803E-07
6.50416E-07		5.96996E-09
6.54971E-07		1.72636E-07
6.59526E-07		1.40878E-07
6.6408E-07		6.26746E-10
6.68635E-07		1.49006E-07
6.7319E-07		1.65784E-07
6.77745E-07		3.44566E-09
6.82299E-07		1.21746E-07
6.86854E-07		1.8572E-07
6.91409E-07		1.42132E-08
6.95964E-07		9.28702E-08
7.00518E-07		1.98893E-07
7.05073E-07		3.20201E-08
7.09628E-07		6.48489E-08
7.14183E-07		2.04478E-07
7.18737E-07		5.55307E-08
7.23292E-07		3.9769E-08
7.27847E-07		2.01755E-07
7.32402E-07		8.27252E-08
7.36956E-07		1.97832E-08
7.41511E-07		1.91246E-07
7.46066E-07		1.11607E-07
7.50621E-07		6.37574E-09
7.55175E-07		1.73487E-07
7.5973E-07		1.39657E-07
7.64285E-07		6.93353E-10
7.6884E-07		1.50172E-07
7.73394E-07		1.64841E-07
7.77949E-07		3.16357E-09
7.82504E-07		1.22942E-07
7.87059E-07		1.8493E-07
7.91613E-07		1.35763E-08
7.96168E-07		9.41679E-08
8.00723E-07		1.98532E-07
8.05278E-07		3.11436E-08
8.09832E-07		6.59919E-08
8.14387E-07		2.04339E-07
8.18942E-07		5.43804E-08
8.23497E-07		4.08055E-08
8.28051E-07		2.02121E-07
8.32606E-07		8.15465E-08
8.37161E-07		2.05076E-08
8.41716E-07		1.91785E-07
8.4627E-07		1.10291E-07
8.50825E-07		6.82117E-09
8.5538E-07		1.74456E-07
8.59935E-07		1.38533E-07
8.64489E-07		7.74866E-10
8.69044E-07		1.51239E-07
8.73599E-07		1.63786E-07
8.78154E-07		2.8822E-09
8.82708E-07		1.24226E-07
8.87263E-07		1.84233E-07
8.91818E-07		1.2981E-08
8.96373E-07		9.53958E-08
9.00927E-07		1.98046E-07
9.05482E-07		3.02277E-08
9.10037E-07		6.72069E-08
9.14592E-07		2.04312E-07
9.19146E-07		5.33045E-08
9.23701E-07		4.17912E-08
9.28256E-07		2.02328E-07
9.32811E-07		8.0269E-08
9.37365E-07		2.12894E-08
9.4192E-07		1.92468E-07
9.46475E-07		1.09093E-07
9.5103E-07		7.25281E-09
9.55591E-07		1.73231E-07
9.6016E-07		6.04693E-08
9.64729E-07		6.21498E-08
9.69298E-07		1.7528E-07
9.73868E-07		3.0139E-09
9.78437E-07		1.48731E-07
9.83006E-07		9.44426E-08
9.87576E-07		3.13432E-08
9.92145E-07		1.83289E-07
9.96714E-07		1.47703E-08
1.00128E-06		1.20035E-07
1.00585E-06		1.26417E-07
1.01042E-06		1.12159E-08
1.01499E-06		1.80666E-07
1.01956E-06		3.52385E-08
1.02413E-06		8.89505E-08
1.0287E-06		1.52072E-07
1.03327E-06		1.55391E-09
1.03784E-06		1.68952E-07
1.04241E-06		6.18529E-08
1.04698E-06		5.89307E-08
1.05155E-06		1.70269E-07
1.05612E-06		2.00907E-09
1.06068E-06		1.49182E-07
1.06525E-06		9.12304E-08
1.06982E-06		3.30737E-08
1.07439E-06		1.80081E-07
1.07896E-06		1.20959E-08
1.08353E-06		1.23374E-07
1.0881E-06		1.20337E-07
1.09267E-06		1.37143E-08
1.09724E-06		1.80481E-07
1.10181E-06		3.06039E-08
1.10638E-06		9.42829E-08
1.11095E-06		1.46266E-07
1.11552E-06		2.66329E-09
1.12009E-06		1.71389E-07
1.12465E-06		5.54941E-08
1.12922E-06		6.49849E-08
1.13379E-06		1.66337E-07
1.13836E-06		1.02836E-09
1.14293E-06		1.53763E-07
1.1475E-06		8.41309E-08
1.15207E-06		3.84807E-08
1.15664E-06		1.78391E-07
1.16121E-06		8.95744E-09
1.16578E-06		1.29501E-07
1.16692E-06		1.23524E-08
1.17149E-06		1.22663E-07
1.17606E-06		1.20558E-07
1.18063E-06		1.34838E-08
1.1852E-06		1.80295E-07
1.18977E-06		3.09165E-08
1.19434E-06		9.37717E-08
1.19891E-06		1.46464E-07
1.20348E-06		2.58073E-09
1.20804E-06		1.7116E-07
1.21261E-06		5.58605E-08
1.21718E-06		6.45537E-08
1.22175E-06		1.66446E-07
1.22632E-06		1.06692E-09
1.23089E-06		1.53503E-07
1.23546E-06		8.45397E-08
1.24003E-06		3.81326E-08
1.2446E-06		1.78387E-07
1.24917E-06		9.09931E-09
1.25374E-06		1.29194E-07
1.25831E-06		1.13895E-07
1.26288E-06		1.73239E-08
1.26745E-06		1.81042E-07
1.27201E-06		2.58291E-08
1.27658E-06		1.00811E-07
1.28115E-06		1.40808E-07
1.28572E-06		4.33848E-09
1.29029E-06		1.74107E-07
1.29486E-06		4.94757E-08
1.29943E-06		7.13779E-08
1.304E-06		1.62418E-07
1.30857E-06		5.52993E-10
1.31314E-06		1.58326E-07
1.31771E-06		7.75204E-08
1.32228E-06		4.40167E-08
1.32685E-06		1.76428E-07
1.33142E-06		6.37358E-09
1.33598E-06		1.35381E-07
1.34055E-06		1.0699E-07
1.34512E-06		2.16431E-08
1.34969E-06		1.81352E-07
1.35426E-06		2.1179E-08
1.35883E-06		1.07707E-07
1.3634E-06		1.34749E-07
1.36797E-06		6.63275E-09
1.37254E-06		1.76659E-07
1.37711E-06		4.33961E-08
1.38168E-06		7.82454E-08
1.38625E-06		1.5785E-07
1.39082E-06		5.80681E-10
1.39539E-06		1.62849E-07
1.39996E-06		7.06595E-08
1.40452E-06		5.01281E-08
1.40909E-06		1.73832E-07
1.41366E-06		4.13084E-09
1.41823E-06		1.41404E-07
1.4228E-06		1.00082E-07
1.42737E-06		2.63412E-08
1.43194E-06		1.80992E-07
1.43651E-06		1.69064E-08
1.44108E-06		1.14595E-07
1.44565E-06		1.28535E-07
1.45022E-06		9.41547E-09
1.45479E-06		1.78572E-07
1.45936E-06		3.75446E-08
1.46393E-06		8.52719E-08
1.46849E-06		1.5299E-07
1.47306E-06		1.1553E-09
1.47763E-06		1.66839E-07
1.4822E-06		6.38574E-08
1.48677E-06		5.65413E-08
1.49134E-06		1.70843E-07
1.49591E-06		2.43332E-09
1.50048E-06		1.47027E-07
1.50505E-06		9.30397E-08
1.50962E-06		3.14675E-08
1.51419E-06		1.80197E-07
1.51876E-06		1.31142E-08
1.52333E-06		1.2126E-07
1.5279E-06		1.22003E-07
1.53246E-06		1.27129E-08
1.53703E-06		1.80065E-07
1.5416E-06		3.20641E-08
1.54617E-06		9.22542E-08
1.55074E-06		1.47654E-07
1.55531E-06		2.26997E-09
1.55988E-06		1.70458E-07
1.56445E-06		5.72703E-08
1.56902E-06		6.31075E-08
1.57359E-06		1.67268E-07
1.57816E-06		1.2521E-09
1.58273E-06		1.52408E-07
1.5873E-06		8.60597E-08
1.59187E-06		3.69111E-08
1.59644E-06		1.78763E-07
1.601E-06		9.76277E-09
1.60557E-06		1.27819E-07
1.61014E-06		1.15364E-07
1.61471E-06		1.64545E-08
1.61928E-06		1.80919E-07
1.62385E-06		2.68965E-08
1.62842E-06		9.93035E-08
1.63299E-06		1.42067E-07
1.63756E-06		3.9145E-09
1.64213E-06		1.73511E-07
1.6467E-06		5.08358E-08
1.65127E-06		6.98922E-08
1.65584E-06		1.63326E-07
1.66041E-06		6.19788E-10
1.66497E-06		1.5732E-07
1.66954E-06		7.90332E-08
1.67411E-06		4.27198E-08
1.67868E-06		1.76897E-07
1.68325E-06		6.92306E-09
1.68782E-06		1.34067E-07
1.69239E-06		1.0849E-07
1.69696E-06		2.06771E-08
1.70153E-06		1.81341E-07
1.7061E-06		2.21569E-08
1.71067E-06		1.06215E-07
1.71524E-06		1.3607E-07
1.71981E-06		6.09971E-09
1.72438E-06		1.76175E-07
1.72894E-06		4.47012E-08
1.73351E-06		7.67413E-08
1.73808E-06		1.5885E-07
1.74265E-06		5.32415E-10
1.74722E-06		1.61942E-07
1.75179E-06		7.21581E-08
1.75636E-06		4.87746E-08
1.76093E-06		1.74413E-07
1.7655E-06		4.57113E-09
1.77007E-06		1.40147E-07
1.77464E-06		1.01599E-07
1.77921E-06		2.52889E-08
1.78378E-06		1.81104E-07
1.78835E-06		1.77908E-08
1.79291E-06		1.1313E-07
1.79748E-06		1.29913E-07
1.80205E-06		8.77129E-09
1.80662E-06		1.78192E-07
1.81119E-06		3.878E-08
1.81576E-06		8.37579E-08
1.82033E-06		1.54084E-07
1.8249E-06		9.87062E-10
1.82947E-06		1.66007E-07
1.83404E-06		6.53103E-08
1.83861E-06		5.51463E-08
1.84318E-06		1.71546E-07
1.84775E-06		2.76018E-09
1.85232E-06		1.45829E-07
1.85689E-06		9.45546E-08
1.86145E-06		3.03398E-08
1.86602E-06		1.8044E-07
1.87059E-06		1.39017E-08
1.87516E-06		1.19812E-07
1.87973E-06		1.23408E-07
1.8843E-06		1.19662E-08
1.88887E-06		1.79814E-07
1.89344E-06		3.32291E-08
1.89801E-06		9.07269E-08
1.90258E-06		1.48815E-07
1.90715E-06		1.9849E-09
1.91169E-06		1.86061E-07
1.91623E-06		2.77528E-07
1.92077E-06		8.92059E-08
1.92531E-06		8.64145E-09
1.92985E-06		1.54876E-07
1.93439E-06		2.23822E-07
1.93893E-06		9.10146E-08
1.94347E-06		1.6043E-09
1.94801E-06		1.18349E-07
1.95255E-06		2.25931E-07
1.95709E-06		1.15747E-07
1.96163E-06		4.37804E-10
1.96617E-06		1.17275E-07
1.97071E-06		2.4233E-07
1.97525E-06		1.2616E-07
1.97979E-06		6.6744E-10
1.98433E-06		1.15283E-07
1.98887E-06		2.40426E-07
1.99341E-06		1.29973E-07
1.99795E-06		1.36544E-09
2.00249E-06		1.03237E-07
2.00703E-06		2.34259E-07
2.01157E-06		1.38632E-07
2.01611E-06		2.91224E-09
2.02065E-06		9.27904E-08
2.02519E-06		2.33506E-07
2.02973E-06		1.49174E-07
2.03427E-06		5.06386E-09
2.03881E-06		8.4965E-08
2.04335E-06		2.32463E-07
2.04789E-06		1.57756E-07
2.05244E-06		7.6932E-09
2.05698E-06		7.67974E-08
2.06152E-06		2.29016E-07
2.06606E-06		1.6569E-07
2.0706E-06		1.10969E-08
2.07514E-06		6.81801E-08
2.07968E-06		2.24828E-07
2.08422E-06		1.73818E-07
2.08876E-06		1.51609E-08
2.0933E-06		6.01569E-08
2.09784E-06		2.20736E-07
2.10238E-06		1.81897E-07
2.10692E-06		1.98208E-08
2.11146E-06		5.25414E-08
2.116E-06		2.15839E-07
2.12054E-06		1.89274E-07
2.12508E-06		2.49867E-08
2.12962E-06		4.53073E-08
2.13416E-06		2.1035E-07
2.1387E-06		1.96339E-07
2.14324E-06		3.07658E-08
2.14778E-06		3.84239E-08
2.15232E-06		2.04267E-07
2.15686E-06		2.02932E-07
2.1614E-06		3.70281E-08
2.16594E-06		3.20648E-08
2.17048E-06		1.97809E-07
2.17502E-06		2.09105E-07
2.17956E-06		4.37898E-08
2.1841E-06		2.61848E-08
2.18864E-06		1.90804E-07
2.19318E-06		2.14659E-07
2.19772E-06		5.09467E-08
2.20226E-06		2.08664E-08
2.2068E-06		1.83457E-07
2.21134E-06		2.19763E-07
2.21588E-06		5.85612E-08
2.22042E-06		1.6085E-08
2.22496E-06		1.75626E-07
2.2295E-06		2.24145E-07
2.23404E-06		6.64433E-08
2.23858E-06		1.19477E-08
2.24312E-06		1.67626E-07
2.24766E-06		2.28099E-07
2.2522E-06		7.47359E-08
2.25674E-06		8.39032E-09
2.26128E-06		1.59176E-07
2.26582E-06		2.31227E-07
2.27036E-06		8.31785E-08
2.2749E-06		5.50492E-09
2.27944E-06		1.50631E-07
2.28399E-06		2.33867E-07
2.28853E-06		9.19188E-08
2.29307E-06		3.258E-09
2.29761E-06		1.41796E-07
2.30215E-06		2.3571E-07
2.30669E-06		1.00744E-07
2.31123E-06		1.69776E-09
2.31577E-06		1.32918E-07
2.32031E-06		2.36991E-07
2.32485E-06		1.0975E-07
2.32939E-06		8.11508E-10
2.33393E-06		1.2387E-07
2.33847E-06		2.37468E-07
2.34301E-06		1.1873E-07
2.34755E-06		6.18597E-10
2.35209E-06		1.14894E-07
2.35663E-06		2.3739E-07
2.36117E-06		1.278E-07
2.36571E-06		1.11315E-09
2.37025E-06		1.05845E-07
2.37479E-06		2.36493E-07
2.37933E-06		1.36722E-07
2.38387E-06		2.28479E-09
2.38841E-06		9.69553E-08
2.39295E-06		2.35032E-07
2.39749E-06		1.45639E-07
2.40203E-06		4.14703E-09
2.40657E-06		8.81181E-08
2.41111E-06		2.32787E-07
2.41565E-06		1.54307E-07
2.42019E-06		6.6593E-09
2.42473E-06		7.95324E-08
2.42927E-06		2.29983E-07
2.43381E-06		1.62859E-07
2.43835E-06		9.8458E-09
2.44289E-06		7.11185E-08
2.44743E-06		2.26442E-07
2.45197E-06		1.71075E-07
2.45651E-06		1.3646E-08
2.46105E-06		6.30383E-08
2.46559E-06		2.22384E-07
2.47013E-06		1.79088E-07
2.47467E-06		1.80843E-08
2.47921E-06		5.52186E-08
2.48375E-06		2.17593E-07
2.48829E-06		1.86625E-07
2.49283E-06		2.30689E-08
2.49737E-06		4.78346E-08
2.50191E-06		2.12369E-07
2.50645E-06		1.939E-07
2.511E-06		2.86576E-08
2.51554E-06		4.08038E-08
2.52008E-06		2.0647E-07
2.52462E-06		2.00615E-07
2.52916E-06		3.47265E-08
2.5337E-06		3.42837E-08
2.53824E-06		2.00195E-07
2.54278E-06		2.06984E-07
2.54732E-06		4.13335E-08
2.55186E-06		2.82063E-08
2.5564E-06		1.9332E-07
2.56094E-06		2.12715E-07
2.56548E-06		4.8338E-08
2.57002E-06		2.27016E-08
2.57456E-06		1.86133E-07
2.5791E-06		2.18023E-07
2.58364E-06		5.58106E-08
2.58818E-06		1.77184E-08
2.59272E-06		1.78451E-07
2.59726E-06		2.22648E-07
2.6018E-06		6.35961E-08
2.60634E-06		1.33509E-08
2.61088E-06		1.70508E-07
2.61542E-06		2.26757E-07
2.61996E-06		7.17462E-08
2.6245E-06		9.58063E-09
2.62904E-06		1.6221E-07
2.63358E-06		2.3018E-07
2.63812E-06		8.0138E-08
2.64266E-06		6.45677E-09
2.6472E-06		1.53705E-07
2.65174E-06		2.33016E-07
2.65628E-06		8.8799E-08
2.66082E-06		3.97911E-09
2.66536E-06		1.44942E-07
2.6699E-06		2.35107E-07
2.67444E-06		9.75708E-08
2.67898E-06		2.1798E-09
2.68352E-06		1.36116E-07
2.68806E-06		2.36646E-07
2.6926E-06		1.06553E-07
2.69714E-06		1.04989E-09
2.70168E-06		1.27085E-07
2.70622E-06		2.37358E-07
2.71076E-06		1.15513E-07
2.7153E-06		6.0821E-10
2.71984E-06		1.181E-07
2.72438E-06		2.37512E-07
2.72892E-06		1.24577E-07
2.73346E-06		8.57577E-10
2.738E-06		1.09052E-07
2.74255E-06		2.36877E-07
2.74709E-06		1.33543E-07
2.75163E-06		1.78677E-09
2.75617E-06		1.00119E-07
2.76071E-06		2.35645E-07
2.76525E-06		1.42493E-07
2.76979E-06		3.40811E-09
2.77433E-06		9.12338E-08
2.77887E-06		2.33633E-07
2.78341E-06		1.51217E-07
2.78795E-06		5.68228E-09
2.79249E-06		8.25894E-08
2.79703E-06		2.3109E-07
2.80157E-06		1.59864E-07
2.80611E-06		8.63865E-09
2.81065E-06		7.40664E-08
2.81519E-06		2.27745E-07
2.81973E-06		1.68155E-07
2.82427E-06		1.22105E-08
2.82881E-06		6.58833E-08
2.83335E-06		2.23902E-07
2.83789E-06		1.76269E-07
2.84243E-06		1.64304E-08
2.84697E-06		5.79557E-08
2.85151E-06		2.19361E-07
2.85605E-06		1.83973E-07
2.86059E-06		2.12216E-08
2.86513E-06		5.04174E-08
2.86967E-06		2.14296E-07
2.87421E-06		1.91358E-07
2.87875E-06		2.6605E-08
2.88329E-06		4.32506E-08
2.88783E-06		2.0862E-07
2.89237E-06		1.98261E-07
2.89691E-06		3.24987E-08
2.90145E-06		3.65539E-08
2.90599E-06		2.02501E-07
2.91053E-06		2.04791E-07
2.91507E-06		3.89335E-08
2.91961E-06		3.02978E-08
2.92415E-06		1.95787E-07
2.92869E-06		2.10696E-07
2.93323E-06		4.57734E-08
2.93777E-06		2.46059E-08
2.94231E-06		1.88765E-07
2.94685E-06		2.16225E-07
2.95139E-06		5.3116E-08
2.95593E-06		1.94105E-08
2.96047E-06		1.8119E-07
2.96501E-06		2.21027E-07
2.96955E-06		6.07617E-08
2.9741E-06		1.48421E-08
2.97864E-06		1.73402E-07
2.98318E-06		2.25394E-07
2.98772E-06		6.88236E-08
2.99226E-06		1.0844E-08
2.9968E-06		1.6517E-07
3.00134E-06		2.29007E-07
3.00588E-06		7.71016E-08
3.01042E-06		7.49691E-09
3.01496E-06		1.56779E-07
3.0195E-06		2.32103E-07
3.02404E-06		8.57008E-08
3.02858E-06		4.77723E-09
3.03312E-06		1.48057E-07
3.03766E-06		2.3441E-07
3.0422E-06		9.44053E-08
3.04674E-06		2.73986E-09
3.05128E-06		1.39289E-07
3.05582E-06		2.36195E-07
3.06036E-06		1.03354E-07
3.0649E-06		1.36467E-09
3.06944E-06		1.3028E-07
3.07398E-06		2.37144E-07
3.07852E-06		1.12288E-07
3.08306E-06		6.82957E-10
3.0876E-06		1.21322E-07
3.09214E-06		2.37564E-07
3.09668E-06		1.21375E-07
3.10122E-06		6.883E-10
3.10576E-06		1.12248E-07
3.1103E-06		2.37146E-07
3.11484E-06		1.30332E-07
3.11938E-06		1.37159E-09
3.12392E-06		1.03302E-07
3.12846E-06		2.36176E-07
3.133E-06		1.39324E-07
3.13754E-06		2.7479E-09
3.14208E-06		9.43702E-08
3.14662E-06		2.34411E-07
3.15116E-06		1.48113E-07
3.1557E-06		4.78838E-09
3.16024E-06		8.56419E-08
3.16478E-06		2.32075E-07
3.16932E-06		1.5681E-07

##### time= 3.173420509e-06, label: 
1.7806E-11		0
4.57613E-09		0
9.13444E-09		0
1.36928E-08		0
1.82512E-08		0
2.27562E-08		0
2.73146E-08		0
3.1873E-08		0
3.64313E-08		0
4.09897E-08		0
4.55481E-08		0
5.01065E-08		0
5.46649E-08		0
5.92233E-08		0
6.37817E-08		0
6.83401E-08		0
7.28984E-08		0
7.72432E-08		0
8.18015E-08		0
8.63599E-08		0
9.09183E-08		0
9.54767E-08		0
1.00035E-07		0
1.04593E-07		0
1.09152E-07		0
1.1371E-07		0
1.18269E-07		0
1.22827E-07		0
1.27385E-07		0
1.31944E-07		0
1.36502E-07		0
1.41061E-07		0
1.45619E-07		0
1.50177E-07		0
1.54736E-07		0
1.59294E-07		0
1.63853E-07		0
1.68411E-07		0
1.72969E-07		0
1.77528E-07		0
1.82086E-07		0
1.86644E-07		0
1.91203E-07		0
1.95761E-07		0
2.0032E-07		0
2.04878E-07		0
2.09436E-07		0
2.13995E-07		0
2.18553E-07		0
2.23112E-07		0
2.2767E-07		0
2.32228E-07		0
2.36787E-07		0
2.41343E-07		0
2.45898E-07		0
2.50452E-07		0
2.55007E-07		0
2.59562E-07		0
2.64117E-07		0
2.68671E-07		0
2.73226E-07		0
2.77781E-07		0
2.82336E-07		0
2.8689E-07		0
2.91445E-07		0
2.95146E-07		0
2.99701E-07		0
3.04255E-07		0
3.0881E-07		0
3.13365E-07		0
3.1792E-07		0
3.22474E-07		0
3.27029E-07		0
3.31584E-07		0
3.36138E-07		0
3.40693E-07		0
3.45248E-07		0
3.49803E-07		0
3.54357E-07		0
3.58912E-07		0
3.63467E-07		0
3.68022E-07		0
3.72576E-07		0
3.77131E-07		0
3.81686E-07		0
3.86241E-07		0
3.90795E-07		0
3.9535E-07		0
3.99905E-07		0
4.0446E-07		0
4.09014E-07		0
4.13569E-07		0
4.18124E-07		0
4.22679E-07		0
4.27233E-07		0
4.31788E-07		0
4.36343E-07		0
4.40898E-07		0
4.45452E-07		0
4.50007E-07		0
4.54562E-07		0
4.59117E-07		0
4.63671E-07		0
4.68226E-07		0
4.72781E-07		0
4.77336E-07		0
4.8189E-07		0
4.86445E-07		0
4.91E-07		0
4.95555E-07		0
5.00109E-07		0
5.04664E-07		0
5.09219E-07		0
5.13774E-07		0
5.18328E-07		0
5.22883E-07		0
5.27438E-07		0
5.31993E-07		0
5.36547E-07		0
5.41102E-07		0
5.45657E-07		0
5.50212E-07		0
5.54766E-07		0
5.59321E-07		0
5.63876E-07		0
5.68431E-07		0
5.72985E-07		0
5.7754E-07		0
5.82095E-07		0
5.8665E-07		0
5.91204E-07		0
5.95759E-07		0
6.00314E-07		0
6.04869E-07		0
6.09423E-07		0
6.13978E-07		0
6.18533E-07		0
6.23088E-07		0
6.27642E-07		0
6.32197E-07		0
6.36752E-07		0
6.41307E-07		0
6.45861E-07		0
6.50416E-07		0
6.54971E-07		0
6.59526E-07		0
6.6408E-07		0
6.68635E-07		0
6.7319E-07		0
6.77745E-07		0
6.82299E-07		0
6.86854E-07		0
6.91409E-07		0
6.95964E-07		0
7.00518E-07		0
7.05073E-07		0
7.09628E-07		0
7.14183E-07		0
7.18737E-07		0
7.23292E-07		0
7.27847E-07		0
7.32402E-07		0
7.36956E-07		0
7.41511E-07		0
7.46066E-07		0
7.50621E-07		0
7.55175E-07		0
7.5973E-07		0
7.64285E-07		0
7.6884E-07		0
7.73394E-07		0
7.77949E-07		0
7.82504E-07		0
7.87059E-07		0
7.91613E-07		0
7.96168E-07		0
8.00723E-07		0
8.05278E-07		0
8.09832E-07		0
8.14387E-07		0
8.18942E-07		0
8.23497E-07		0
8.28051E-07		0
8.32606E-07		0
8.37161E-07		0
8.41716E-07		0
8.4627E-07		0
8.50825E-07		0
8.5538E-07		0
8.59935E-07		0
8.64489E-07		0
8.69044E-07		0
8.73599E-07		0
8.78154E-07		0
8.82708E-07		0
8.87263E-07		0
8.91818E-07		0
8.96373E-07		0
9.00927E-07		0
9.05482E-07		0
9.10037E-07		0
9.14592E-07		0
9.19146E-07		0
9.23701E-07		0
9.28256E-07		0
9.32811E-07		0
9.37365E-07		0
9.4192E-07		0
9.46475E-07		0
9.5103E-07		0
9.55591E-07		0
9.6016E-07		0
9.64729E-07		0
9.69298E-07		0
9.73868E-07		0
9.78437E-07		0
9.83006E-07		0
9.87576E-07		0
9.92145E-07		0
9.96714E-07		0
1.00128E-06		0
1.00585E-06		0
1.01042E-06		0
1.01499E-06		0
1.01956E-06		0
1.02413E-06		0
1.0287E-06		0
1.03327E-06		0
1.03784E-06		0
1.04241E-06		0
1.04698E-06		0
1.05155E-06		0
1.05612E-06		0
1.06068E-06		0
1.06525E-06		0
1.06982E-06		0
1.07439E-06		0
1.07896E-06		0
1.08353E-06		0
1.0881E-06		0
1.09267E-06		0
1.09724E-06		0
1.10181E-06		0
1.10638E-06		0
1.11095E-06		0
1.11552E-06		0
1.12009E-06		0
1.12465E-06		0
1.12922E-06		0
1.13379E-06		0
1.13836E-06		0
1.14293E-06		0
1.1475E-06		0
1.15207E-06		0
1.15664E-06		0
1.16121E-06		0
1.16578E-06		0
1.16692E-06		0
1.17149E-06		0
1.17606E-06		0
1.18063E-06		0
1.1852E-06		0
1.18977E-06		0
1.19434E-06		0
1.19891E-06		0
1.20348E-06		0
1.20804E-06		0
1.21261E-06		0
1.21718E-06		0
1.22175E-06		0
1.22632E-06		0
1.23089E-06		0
1.23546E-06		0
1.24003E-06		0
1.2446E-06		0
1.24917E-06		0
1.25374E-06		0
1.25831E-06		0
1.26288E-06		0
1.26745E-06		0
1.27201E-06		0
1.27658E-06		0
1.28115E-06		0
1.28572E-06		0
1.29029E-06		0
1.29486E-06		0
1.29943E-06		0
1.304E-06		0
1.30857E-06		0
1.31314E-06		0
1.31771E-06		0
1.32228E-06		0
1.32685E-06		0
1.33142E-06		0
1.33598E-06		0
1.34055E-06		0
1.34512E-06		0
1.34969E-06		0
1.35426E-06		0
1.35883E-06		0
1.3634E-06		0
1.36797E-06		0
1.37254E-06		0
1.37711E-06		0
1.38168E-06		0
1.38625E-06		0
1.39082E-06		0
1.39539E-06		0
1.39996E-06		0
1.40452E-06		0
1.40909E-06		0
1.41366E-06		0
1.41823E-06		0
1.4228E-06		0
1.42737E-06		0
1.43194E-06		0
1.43651E-06		0
1.44108E-06		0
1.44565E-06		0
1.45022E-06		0
1.45479E-06		0
1.45936E-06		0
1.46393E-06		0
1.46849E-06		0
1.47306E-06		0
1.47763E-06		0
1.4822E-06		0
1.48677E-06		0
1.49134E-06		0
1.49591E-06		0
1.50048E-06		0
1.50505E-06		0
1.50962E-06		0
1.51419E-06		0
1.51876E-06		0
1.52333E-06		0
1.5279E-06		0
1.53246E-06		0
1.53703E-06		0
1.5416E-06		0
1.54617E-06		0
1.55074E-06		0
1.55531E-06		0
1.55988E-06		0
1.56445E-06		0
1.56902E-06		0
1.57359E-06		0
1.57816E-06		0
1.58273E-06		0
1.5873E-06		0
1.59187E-06		0
1.59644E-06		0
1.601E-06		0
1.60557E-06		0
1.61014E-06		0
1.61471E-06		0
1.61928E-06		0
1.62385E-06		0
1.62842E-06		0
1.63299E-06		0
1.63756E-06		0
1.64213E-06		0
1.6467E-06		0
1.65127E-06		0
1.65584E-06		0
1.66041E-06		0
1.66497E-06		0
1.66954E-06		0
1.67411E-06		0
1.67868E-06		0
1.68325E-06		0
1.68782E-06		0
1.69239E-06		0
1.69696E-06		0
1.70153E-06		0
1.7061E-06		0
1.71067E-06		0
1.71524E-06		0
1.71981E-06		0
1.72438E-06		0
1.72894E-06		0
1.73351E-06		0
1.73808E-06		0
1.74265E-06		0
1.74722E-06		0
1.75179E-06		0
1.75636E-06		0
1.76093E-06		0
1.7655E-06		0
1.77007E-06		0
1.77464E-06		0
1.77921E-06		0
1.78378E-06		0
1.78835E-06		0
1.79291E-06		0
1.79748E-06		0
1.80205E-06		0
1.80662E-06		0
1.81119E-06		0
1.81576E-06		0
1.82033E-06		0
1.8249E-06		0
1.82947E-06		0
1.83404E-06		0
1.83861E-06		0
1.84318E-06		0
1.84775E-06		0
1.85232E-06		0
1.85689E-06		0
1.86145E-06		0
1.86602E-06		0
1.87059E-06		0
1.87516E-06		0
1.87973E-06		0
1.8843E-06		0
1.88887E-06		0
1.89344E-06		0
1.89801E-06		0
1.90258E-06		0
1.90715E-06		0
1.91169E-06		0
1.91623E-06		0
1.92077E-06		0
1.92531E-06		0
1.92985E-06		0
1.93439E-06		0
1.93893E-06		0
1.94347E-06		0
1.94801E-06		0
1.95255E-06		0
1.95709E-06		0
1.96163E-06		0
1.96617E-06		0
1.97071E-06		0
1.97525E-06		0
1.97979E-06		0
1.98433E-06		0
1.98887E-06		0
1.99341E-06		0
1.99795E-06		0
2.00249E-06		0
2.00703E-06		0
2.01157E-06		0
2.01611E-06		0
2.02065E-06		0
2.02519E-06		0
2.02973E-06		0
2.03427E-06		0
2.03881E-06		0
2.04335E-06		0
2.04789E-06		0
2.05244E-06		0
2.05698E-06		0
2.06152E-06		0
2.06606E-06		0
2.0706E-06		0
2.07514E-06		0
2.07968E-06		0
2.08422E-06		0
2.08876E-06		0
2.0933E-06		0
2.09784E-06		0
2.10238E-06		0
2.10692E-06		0
2.11146E-06		0
2.116E-06		0
2.12054E-06		0
2.12508E-06		0
2.12962E-06		0
2.13416E-06		0
2.1387E-06		0
2.14324E-06		0
2.14778E-06		0
2.15232E-06		0
2.15686E-06		0
2.1614E-06		0
2.16594E-06		0
2.17048E-06		0
2.17502E-06		0
2.17956E-06		0
2.1841E-06		0
2.18864E-06		0
2.19318E-06		0
2.19772E-06		0
2.20226E-06		0
2.2068E-06		0
2.21134E-06		0
2.21588E-06		0
2.22042E-06		0
2.22496E-06		0
2.2295E-06		0
2.23404E-06		0
2.23858E-06		0
2.24312E-06		0
2.24766E-06		0
2.2522E-06		0
2.25674E-06		0
2.26128E-06		0
2.26582E-06		0
2.27036E-06		0
2.2749E-06		0
2.27944E-06		0
2.28399E-06		0
2.28853E-06		0
2.29307E-06		0
2.29761E-06		0
2.30215E-06		0
2.30669E-06		0
2.31123E-06		0
2.31577E-06		0
2.32031E-06		0
2.32485E-06		0
2.32939E-06		0
2.33393E-06		0
2.33847E-06		0
2.34301E-06		0
2.34755E-06		0
2.35209E-06		0
2.35663E-06		0
2.36117E-06		0
2.36571E-06		0
2.37025E-06		0
2.37479E-06		0
2.37933E-06		0
2.38387E-06		0
2.38841E-06		0
2.39295E-06		0
2.39749E-06		0
2.40203E-06		0
2.40657E-06		0
2.41111E-06		0
2.41565E-06		0
2.42019E-06		0
2.42473E-06		0
2.42927E-06		0
2.43381E-06		0
2.43835E-06		0
2.44289E-06		0
2.44743E-06		0
2.45197E-06		0
2.45651E-06		0
2.46105E-06		0
2.46559E-06		0
2.47013E-06		0
2.47467E-06		0
2.47921E-06		0
2.48375E-06		0
2.48829E-06		0
2.49283E-06		0
2.49737E-06		0
2.50191E-06		0
2.50645E-06		0
2.511E-06		0
2.51554E-06		0
2.52008E-06		0
2.52462E-06		0
2.52916E-06		0
2.5337E-06		0
2.53824E-06		0
2.54278E-06		0
2.54732E-06		0
2.55186E-06		0
2.5564E-06		0
2.56094E-06		0
2.56548E-06		0
2.57002E-06		0
2.57456E-06		0
2.5791E-06		0
2.58364E-06		0
2.58818E-06		0
2.59272E-06		0
2.59726E-06		0
2.6018E-06		0
2.60634E-06		0
2.61088E-06		0
2.61542E-06		0
2.61996E-06		0
2.6245E-06		0
2.62904E-06		0
2.63358E-06		0
2.63812E-06		0
2.64266E-06		0
2.6472E-06		0
2.65174E-06		0
2.65628E-06		0
2.66082E-06		0
2.66536E-06		0
2.6699E-06		0
2.67444E-06		0
2.67898E-06		0
2.68352E-06		0
2.68806E-06		0
2.6926E-06		0
2.69714E-06		0
2.70168E-06		0
2.70622E-06		0
2.71076E-06		0
2.7153E-06		0
2.71984E-06		0
2.72438E-06		0
2.72892E-06		0
2.73346E-06		0
2.738E-06		0
2.74255E-06		0
2.74709E-06		0
2.75163E-06		0
2.75617E-06		0
2.76071E-06		0
2.76525E-06		0
2.76979E-06		0
2.77433E-06		0
2.77887E-06		0
2.78341E-06		0
2.78795E-06		0
2.79249E-06		0
2.79703E-06		0
2.80157E-06		0
2.80611E-06		0
2.81065E-06		0
2.81519E-06		0
2.81973E-06		0
2.82427E-06		0
2.82881E-06		0
2.83335E-06		0
2.83789E-06		0
2.84243E-06		0
2.84697E-06		0
2.85151E-06		0
2.85605E-06		0
2.86059E-06		0
2.86513E-06		0
2.86967E-06		0
2.87421E-06		0
2.87875E-06		0
2.88329E-06		0
2.88783E-06		0
2.89237E-06		0
2.89691E-06		0
2.90145E-06		0
2.90599E-06		0
2.91053E-06		0
2.91507E-06		0
2.91961E-06		0
2.92415E-06		0
2.92869E-06		0
2.93323E-06		0
2.93777E-06		0
2.94231E-06		0
2.94685E-06		0
2.95139E-06		0
2.95593E-06		0
2.96047E-06		0
2.96501E-06		0
2.96955E-06		0
2.9741E-06		0
2.97864E-06		0
2.98318E-06		0
2.98772E-06		0
2.99226E-06		0
2.9968E-06		0
3.00134E-06		0
3.00588E-06		0
3.01042E-06		0
3.01496E-06		0
3.0195E-06		0
3.02404E-06		0
3.02858E-06		0
3.03312E-06		0
3.03766E-06		0
3.0422E-06		0
3.04674E-06		0
3.05128E-06		0
3.05582E-06		0
3.06036E-06		0
3.0649E-06		0
3.06944E-06		0
3.07398E-06		0
3.07852E-06		0
3.08306E-06		0
3.0876E-06		0
3.09214E-06		0
3.09668E-06		0
3.10122E-06		0
3.10576E-06		0
3.1103E-06		0
3.11484E-06		0
3.11938E-06		0
3.12392E-06		0
3.12846E-06		0
3.133E-06		0
3.13754E-06		0
3.14208E-06		0
3.14662E-06		0
3.15116E-06		0
3.1557E-06		0
3.16024E-06		0
3.16478E-06		0
3.16932E-06		0

##### time= 3.173420509e-06, label: 
1.7806E-11		1.35403E-10
4.57613E-09		4.98337E-07
9.13444E-09		3.70437E-07
1.36928E-08		1.4428E-07
1.82512E-08		3.75677E-07
2.27562E-08		1.96403E-07
2.73146E-08		1.64776E-07
3.1873E-08		3.40284E-07
3.64313E-08		1.59048E-07
4.09897E-08		1.92172E-07
4.55481E-08		2.51029E-07
5.01065E-08		1.6713E-07
5.46649E-08		2.247E-07
5.92233E-08		2.22993E-07
6.37817E-08		1.62732E-07
6.83401E-08		2.1743E-07
7.28984E-08		2.04213E-07
7.72432E-08		1.79999E-07
8.18015E-08		2.1187E-07
8.63599E-08		1.89672E-07
9.09183E-08		1.92884E-07
9.54767E-08		2.12281E-07
1.00035E-07		1.90942E-07
1.04593E-07		1.95477E-07
1.09152E-07		2.03901E-07
1.1371E-07		1.91366E-07
1.18269E-07		2.01311E-07
1.22827E-07		1.99211E-07
1.27385E-07		1.92664E-07
1.31944E-07		2.01105E-07
1.36502E-07		1.98421E-07
1.41061E-07		1.94891E-07
1.45619E-07		2.00316E-07
1.50177E-07		1.95919E-07
1.54736E-07		1.95713E-07
1.59294E-07		1.99726E-07
1.63853E-07		1.96524E-07
1.68411E-07		1.9648E-07
1.72969E-07		1.99144E-07
1.77528E-07		1.96501E-07
1.82086E-07		1.97029E-07
1.86644E-07		1.98483E-07
1.91203E-07		1.96434E-07
1.95761E-07		1.96943E-07
2.0032E-07		1.98476E-07
2.04878E-07		1.96812E-07
2.09436E-07		1.97061E-07
2.13995E-07		1.98346E-07
2.18553E-07		1.96931E-07
2.23112E-07		1.96967E-07
2.2767E-07		1.98266E-07
2.32228E-07		1.96894E-07
2.36787E-07		1.9693E-07
2.41343E-07		2.02846E-07
2.45898E-07		2.08992E-07
2.50452E-07		1.99624E-07
2.55007E-07		2.05643E-07
2.59562E-07		2.06687E-07
2.64117E-07		1.99978E-07
2.68671E-07		2.05762E-07
2.73226E-07		2.05701E-07
2.77781E-07		2.01297E-07
2.82336E-07		2.05664E-07
2.8689E-07		2.04873E-07
2.91445E-07		2.01897E-07
2.95146E-07		2.03996E-07
2.99701E-07		2.05286E-07
3.04255E-07		2.03154E-07
3.0881E-07		2.0372E-07
3.13365E-07		2.04976E-07
3.1792E-07		2.03893E-07
3.22474E-07		2.03449E-07
3.27029E-07		2.04522E-07
3.31584E-07		2.04327E-07
3.36138E-07		2.03379E-07
3.40693E-07		2.04311E-07
3.45248E-07		2.04693E-07
3.49803E-07		2.03272E-07
3.54357E-07		2.0399E-07
3.58912E-07		2.04912E-07
3.63467E-07		2.0336E-07
3.68022E-07		2.03769E-07
3.72576E-07		2.05077E-07
3.77131E-07		2.03526E-07
3.81686E-07		2.03513E-07
3.86241E-07		2.05068E-07
3.90795E-07		2.03733E-07
3.9535E-07		2.03342E-07
3.99905E-07		2.0506E-07
4.0446E-07		2.04027E-07
4.09014E-07		2.03168E-07
4.13569E-07		2.04874E-07
4.18124E-07		2.04275E-07
4.22679E-07		2.03104E-07
4.27233E-07		2.04715E-07
4.31788E-07		2.04566E-07
4.36343E-07		2.03065E-07
4.40898E-07		2.04404E-07
4.45452E-07		2.04748E-07
4.50007E-07		2.03143E-07
4.54562E-07		2.0419E-07
4.59117E-07		2.0498E-07
4.63671E-07		2.03276E-07
4.68226E-07		2.03841E-07
4.72781E-07		2.05015E-07
4.77336E-07		2.03139E-07
4.8189E-07		2.02716E-07
4.86445E-07		2.06036E-07
4.91E-07		2.03277E-07
4.95555E-07		2.03189E-07
5.00109E-07		2.05767E-07
5.04664E-07		2.03465E-07
5.09219E-07		2.03113E-07
5.13774E-07		2.05328E-07
5.18328E-07		2.03983E-07
5.22883E-07		2.03188E-07
5.27438E-07		2.0481E-07
5.31993E-07		2.04243E-07
5.36547E-07		2.03206E-07
5.41102E-07		2.04595E-07
5.45657E-07		2.04618E-07
5.50212E-07		2.03228E-07
5.54766E-07		2.04155E-07
5.59321E-07		2.04842E-07
5.63876E-07		2.03343E-07
5.68431E-07		2.03921E-07
5.72985E-07		2.05031E-07
5.7754E-07		2.03515E-07
5.82095E-07		2.03582E-07
5.8665E-07		2.05017E-07
5.91204E-07		2.03718E-07
5.95759E-07		2.03421E-07
6.00314E-07		2.05083E-07
6.04869E-07		2.04019E-07
6.09423E-07		2.03178E-07
6.13978E-07		2.04842E-07
6.18533E-07		2.04232E-07
6.23088E-07		2.03133E-07
6.27642E-07		2.04776E-07
6.32197E-07		2.0456E-07
6.36752E-07		2.03065E-07
6.41307E-07		2.04433E-07
6.45861E-07		2.04727E-07
6.50416E-07		2.03136E-07
6.54971E-07		2.04234E-07
6.59526E-07		2.04962E-07
6.6408E-07		2.03259E-07
6.68635E-07		2.039E-07
6.7319E-07		2.05026E-07
6.77745E-07		2.03447E-07
6.82299E-07		2.03673E-07
6.86854E-07		2.05108E-07
6.91409E-07		2.03701E-07
6.95964E-07		2.03398E-07
7.00518E-07		2.05004E-07
7.05073E-07		2.0395E-07
7.09628E-07		2.03259E-07
7.14183E-07		2.04953E-07
7.18737E-07		2.04267E-07
7.23292E-07		2.03108E-07
7.27847E-07		2.04686E-07
7.32402E-07		2.04489E-07
7.36956E-07		2.03103E-07
7.41511E-07		2.04527E-07
7.46066E-07		2.04779E-07
7.50621E-07		2.03129E-07
7.55175E-07		2.04186E-07
7.5973E-07		2.04907E-07
7.64285E-07		2.03255E-07
7.6884E-07		2.0396E-07
7.73394E-07		2.05074E-07
7.77949E-07		2.03447E-07
7.82504E-07		2.03641E-07
7.87059E-07		2.05056E-07
7.91613E-07		2.03674E-07
7.96168E-07		2.03448E-07
8.00723E-07		2.05068E-07
8.05278E-07		2.03965E-07
8.09832E-07		2.03232E-07
8.14387E-07		2.04892E-07
8.18942E-07		2.04218E-07
8.23497E-07		2.03147E-07
8.28051E-07		2.04777E-07
8.32606E-07		2.04534E-07
8.37161E-07		2.03082E-07
8.41716E-07		2.04459E-07
8.4627E-07		2.04711E-07
8.50825E-07		2.03141E-07
8.5538E-07		2.04264E-07
8.59935E-07		2.04955E-07
8.64489E-07		2.0325E-07
8.69044E-07		2.03924E-07
8.73599E-07		2.05021E-07
8.78154E-07		2.03432E-07
8.82708E-07		2.03699E-07
8.87263E-07		2.0511E-07
8.91818E-07		2.0368E-07
8.96373E-07		2.03425E-07
9.00927E-07		2.05022E-07
9.05482E-07		2.03934E-07
9.10037E-07		2.03271E-07
9.14592E-07		2.04959E-07
9.19146E-07		2.04242E-07
9.23701E-07		2.03128E-07
9.28256E-07		2.04723E-07
9.32811E-07		2.04481E-07
9.37365E-07		2.03109E-07
9.4192E-07		2.0455E-07
9.46475E-07		2.04764E-07
9.5103E-07		2.03129E-07
9.55591E-07		1.98051E-07
9.6016E-07		1.5988E-07
9.64729E-07		1.93836E-07
9.69298E-07		1.80939E-07
9.73868E-07		1.74718E-07
9.78437E-07		1.90184E-07
9.83006E-07		1.71958E-07
9.87576E-07		1.84161E-07
9.92145E-07		1.83686E-07
9.96714E-07		1.74858E-07
1.00128E-06		1.84975E-07
1.00585E-06		1.78961E-07
1.01042E-06		1.79845E-07
1.01499E-06		1.83354E-07
1.01956E-06		1.77503E-07
1.02413E-06		1.82093E-07
1.0287E-06		1.81378E-07
1.03327E-06		1.78738E-07
1.03784E-06		1.82406E-07
1.04241E-06		1.79676E-07
1.04698E-06		1.80329E-07
1.05155E-06		1.81868E-07
1.05612E-06		1.79E-07
1.06068E-06		1.81496E-07
1.06525E-06		1.8088E-07
1.06982E-06		1.79527E-07
1.07439E-06		1.81883E-07
1.07896E-06		1.79623E-07
1.08353E-06		1.80728E-07
1.0881E-06		1.81428E-07
1.09267E-06		1.79314E-07
1.09724E-06		1.81644E-07
1.10181E-06		1.80217E-07
1.10638E-06		1.80142E-07
1.11095E-06		1.81717E-07
1.11552E-06		1.7939E-07
1.12009E-06		1.81282E-07
1.12465E-06		1.80686E-07
1.12922E-06		1.79768E-07
1.13379E-06		1.81834E-07
1.13836E-06		1.79627E-07
1.14293E-06		1.80866E-07
1.1475E-06		1.81082E-07
1.15207E-06		1.79532E-07
1.15664E-06		1.81785E-07
1.16121E-06		1.79938E-07
1.16578E-06		1.80468E-07
1.16692E-06		1.80058E-07
1.17149E-06		1.80355E-07
1.17606E-06		1.81473E-07
1.18063E-06		1.79453E-07
1.1852E-06		1.81509E-07
1.18977E-06		1.80401E-07
1.19434E-06		1.80021E-07
1.19891E-06		1.81674E-07
1.20348E-06		1.79503E-07
1.20804E-06		1.8122E-07
1.21261E-06		1.80778E-07
1.21718E-06		1.79725E-07
1.22175E-06		1.81745E-07
1.22632E-06		1.79675E-07
1.23089E-06		1.80875E-07
1.23546E-06		1.81148E-07
1.24003E-06		1.79517E-07
1.2446E-06		1.81686E-07
1.24917E-06		1.79945E-07
1.25374E-06		1.80502E-07
1.25831E-06		1.81459E-07
1.26288E-06		1.79428E-07
1.26745E-06		1.81522E-07
1.27201E-06		1.80286E-07
1.27658E-06		1.80135E-07
1.28115E-06		1.81682E-07
1.28572E-06		1.79467E-07
1.29029E-06		1.81253E-07
1.29486E-06		1.80661E-07
1.29943E-06		1.79819E-07
1.304E-06		1.81791E-07
1.30857E-06		1.79623E-07
1.31314E-06		1.80911E-07
1.31771E-06		1.81023E-07
1.32228E-06		1.79583E-07
1.32685E-06		1.81774E-07
1.33142E-06		1.79886E-07
1.33598E-06		1.80538E-07
1.34055E-06		1.81343E-07
1.34512E-06		1.79457E-07
1.34969E-06		1.81637E-07
1.35426E-06		1.80224E-07
1.35883E-06		1.8017E-07
1.3634E-06		1.81583E-07
1.36797E-06		1.79456E-07
1.37254E-06		1.81387E-07
1.37711E-06		1.80602E-07
1.38168E-06		1.79846E-07
1.38625E-06		1.8172E-07
1.39082E-06		1.79576E-07
1.39539E-06		1.8105E-07
1.39996E-06		1.80976E-07
1.40452E-06		1.796E-07
1.40909E-06		1.81735E-07
1.41366E-06		1.79806E-07
1.41823E-06		1.80679E-07
1.4228E-06		1.81317E-07
1.42737E-06		1.79457E-07
1.43194E-06		1.81622E-07
1.43651E-06		1.80121E-07
1.44108E-06		1.80301E-07
1.44565E-06		1.81587E-07
1.45022E-06		1.79434E-07
1.45479E-06		1.81395E-07
1.45936E-06		1.80484E-07
1.46393E-06		1.7996E-07
1.46849E-06		1.81755E-07
1.47306E-06		1.79537E-07
1.47763E-06		1.81089E-07
1.4822E-06		1.80863E-07
1.48677E-06		1.7968E-07
1.49134E-06		1.81796E-07
1.49591E-06		1.79752E-07
1.50048E-06		1.80724E-07
1.50505E-06		1.81207E-07
1.50962E-06		1.79501E-07
1.51419E-06		1.81708E-07
1.51876E-06		1.80055E-07
1.52333E-06		1.80355E-07
1.5279E-06		1.81494E-07
1.53246E-06		1.79441E-07
1.53703E-06		1.81508E-07
1.5416E-06		1.80416E-07
1.54617E-06		1.79999E-07
1.55074E-06		1.8168E-07
1.55531E-06		1.79504E-07
1.55988E-06		1.81212E-07
1.56445E-06		1.808E-07
1.56902E-06		1.7971E-07
1.57359E-06		1.81746E-07
1.57816E-06		1.79687E-07
1.58273E-06		1.80865E-07
1.5873E-06		1.81169E-07
1.59187E-06		1.79511E-07
1.59644E-06		1.81687E-07
1.601E-06		1.79965E-07
1.60557E-06		1.80487E-07
1.61014E-06		1.81477E-07
1.61471E-06		1.79428E-07
1.61928E-06		1.81512E-07
1.62385E-06		1.80309E-07
1.62842E-06		1.80119E-07
1.63299E-06		1.8169E-07
1.63756E-06		1.79472E-07
1.64213E-06		1.81245E-07
1.6467E-06		1.80685E-07
1.65127E-06		1.79798E-07
1.65584E-06		1.81781E-07
1.66041E-06		1.79635E-07
1.66497E-06		1.80906E-07
1.66954E-06		1.81051E-07
1.67411E-06		1.79568E-07
1.67868E-06		1.81757E-07
1.68325E-06		1.79901E-07
1.68782E-06		1.80532E-07
1.69239E-06		1.81366E-07
1.69696E-06		1.79455E-07
1.70153E-06		1.81623E-07
1.7061E-06		1.80245E-07
1.71067E-06		1.80152E-07
1.71524E-06		1.81593E-07
1.71981E-06		1.79464E-07
1.72438E-06		1.81382E-07
1.72894E-06		1.80629E-07
1.73351E-06		1.79827E-07
1.73808E-06		1.81714E-07
1.74265E-06		1.7959E-07
1.74722E-06		1.81054E-07
1.75179E-06		1.81012E-07
1.75636E-06		1.79585E-07
1.76093E-06		1.81722E-07
1.7655E-06		1.79821E-07
1.77007E-06		1.80667E-07
1.77464E-06		1.81341E-07
1.77921E-06		1.79453E-07
1.78378E-06		1.81613E-07
1.78835E-06		1.80141E-07
1.79291E-06		1.80286E-07
1.79748E-06		1.81601E-07
1.80205E-06		1.79436E-07
1.80662E-06		1.81383E-07
1.81119E-06		1.80507E-07
1.81576E-06		1.79943E-07
1.82033E-06		1.81759E-07
1.8249E-06		1.79546E-07
1.82947E-06		1.81073E-07
1.83404E-06		1.80882E-07
1.83861E-06		1.79672E-07
1.84318E-06		1.81799E-07
1.84775E-06		1.79767E-07
1.85232E-06		1.80703E-07
1.85689E-06		1.81222E-07
1.86145E-06		1.79503E-07
1.86602E-06		1.81715E-07
1.87059E-06		1.80077E-07
1.87516E-06		1.80321E-07
1.87973E-06		1.81491E-07
1.8843E-06		1.79445E-07
1.88887E-06		1.81509E-07
1.89344E-06		1.80441E-07
1.89801E-06		1.79972E-07
1.90258E-06		1.81675E-07
1.90715E-06		1.79512E-07
1.91169E-06		2.58073E-07
1.91623E-06		2.78475E-07
1.92077E-06		2.00278E-07
1.92531E-06		2.33974E-07
1.92985E-06		2.7009E-07
1.93439E-06		2.24097E-07
1.93893E-06		2.27852E-07
1.94347E-06		2.56321E-07
1.94801E-06		2.3042E-07
1.95255E-06		2.2723E-07
1.95709E-06		2.50128E-07
1.96163E-06		2.37839E-07
1.96617E-06		2.28018E-07
1.97071E-06		2.42885E-07
1.97525E-06		2.4032E-07
1.97979E-06		2.30637E-07
1.98433E-06		2.38978E-07
1.98887E-06		2.41233E-07
1.99341E-06		2.34535E-07
1.99795E-06		2.36567E-07
2.00249E-06		2.38891E-07
2.00703E-06		2.36065E-07
2.01157E-06		2.37346E-07
2.01611E-06		2.38536E-07
2.02065E-06		2.35796E-07
2.02519E-06		2.36853E-07
2.02973E-06		2.38987E-07
2.03427E-06		2.36676E-07
2.03881E-06		2.35763E-07
2.04335E-06		2.3823E-07
2.04789E-06		2.3817E-07
2.05244E-06		2.36267E-07
2.05698E-06		2.36665E-07
2.06152E-06		2.379E-07
2.06606E-06		2.37804E-07
2.0706E-06		2.36935E-07
2.07514E-06		2.36566E-07
2.07968E-06		2.37334E-07
2.08422E-06		2.37998E-07
2.08876E-06		2.37072E-07
2.0933E-06		2.3631E-07
2.09784E-06		2.37468E-07
2.10238E-06		2.38229E-07
2.10692E-06		2.36993E-07
2.11146E-06		2.36279E-07
2.116E-06		2.3745E-07
2.12054E-06		2.38102E-07
2.12508E-06		2.37019E-07
2.12962E-06		2.36371E-07
2.13416E-06		2.37397E-07
2.1387E-06		2.38126E-07
2.14324E-06		2.37153E-07
2.14778E-06		2.36333E-07
2.15232E-06		2.37253E-07
2.15686E-06		2.38123E-07
2.1614E-06		2.37214E-07
2.16594E-06		2.36326E-07
2.17048E-06		2.37235E-07
2.17502E-06		2.38166E-07
2.17956E-06		2.37286E-07
2.1841E-06		2.36316E-07
2.18864E-06		2.37135E-07
2.19318E-06		2.38109E-07
2.19772E-06		2.37329E-07
2.20226E-06		2.3634E-07
2.2068E-06		2.37108E-07
2.21134E-06		2.38155E-07
2.21588E-06		2.37435E-07
2.22042E-06		2.36335E-07
2.22496E-06		2.36969E-07
2.2295E-06		2.38058E-07
2.23404E-06		2.37454E-07
2.23858E-06		2.36375E-07
2.24312E-06		2.36992E-07
2.24766E-06		2.38138E-07
2.2522E-06		2.37574E-07
2.25674E-06		2.36378E-07
2.26128E-06		2.3685E-07
2.26582E-06		2.3802E-07
2.27036E-06		2.37587E-07
2.2749E-06		2.3642E-07
2.27944E-06		2.36846E-07
2.28399E-06		2.38061E-07
2.28853E-06		2.37686E-07
2.29307E-06		2.36442E-07
2.29761E-06		2.36736E-07
2.30215E-06		2.37967E-07
2.30669E-06		2.3771E-07
2.31123E-06		2.36482E-07
2.31577E-06		2.3672E-07
2.32031E-06		2.37984E-07
2.32485E-06		2.37805E-07
2.32939E-06		2.3652E-07
2.33393E-06		2.36619E-07
2.33847E-06		2.37878E-07
2.34301E-06		2.37818E-07
2.34755E-06		2.36569E-07
2.35209E-06		2.36619E-07
2.35663E-06		2.379E-07
2.36117E-06		2.37916E-07
2.36571E-06		2.36622E-07
2.37025E-06		2.36527E-07
2.37479E-06		2.37787E-07
2.37933E-06		2.37911E-07
2.38387E-06		2.36669E-07
2.38841E-06		2.36522E-07
2.39295E-06		2.37789E-07
2.39749E-06		2.38E-07
2.40203E-06		2.36731E-07
2.40657E-06		2.36445E-07
2.41111E-06		2.37676E-07
2.41565E-06		2.37991E-07
2.42019E-06		2.36781E-07
2.42473E-06		2.36445E-07
2.42927E-06		2.37664E-07
2.43381E-06		2.38063E-07
2.43835E-06		2.36854E-07
2.44289E-06		2.36388E-07
2.44743E-06		2.37556E-07
2.45197E-06		2.38051E-07
2.45651E-06		2.36908E-07
2.46105E-06		2.36393E-07
2.46559E-06		2.37552E-07
2.47013E-06		2.38132E-07
2.47467E-06		2.36989E-07
2.47921E-06		2.36337E-07
2.48375E-06		2.37413E-07
2.48829E-06		2.38082E-07
2.49283E-06		2.37031E-07
2.49737E-06		2.36352E-07
2.50191E-06		2.37413E-07
2.50645E-06		2.38157E-07
2.511E-06		2.37123E-07
2.51554E-06		2.36311E-07
2.52008E-06		2.37278E-07
2.52462E-06		2.38103E-07
2.52916E-06		2.3717E-07
2.5337E-06		2.36333E-07
2.53824E-06		2.37275E-07
2.54278E-06		2.38169E-07
2.54732E-06		2.37264E-07
2.55186E-06		2.3631E-07
2.5564E-06		2.37143E-07
2.56094E-06		2.38103E-07
2.56548E-06		2.37304E-07
2.57002E-06		2.36338E-07
2.57456E-06		2.37131E-07
2.5791E-06		2.38153E-07
2.58364E-06		2.37403E-07
2.58818E-06		2.36334E-07
2.59272E-06		2.37014E-07
2.59726E-06		2.38088E-07
2.6018E-06		2.37444E-07
2.60634E-06		2.36359E-07
2.61088E-06		2.36981E-07
2.61542E-06		2.38105E-07
2.61996E-06		2.37528E-07
2.6245E-06		2.36373E-07
2.62904E-06		2.36894E-07
2.63358E-06		2.38055E-07
2.63812E-06		2.37575E-07
2.64266E-06		2.36404E-07
2.6472E-06		2.36853E-07
2.65174E-06		2.3806E-07
2.65628E-06		2.37665E-07
2.66082E-06		2.36429E-07
2.66536E-06		2.36756E-07
2.6699E-06		2.37977E-07
2.67444E-06		2.37687E-07
2.67898E-06		2.36471E-07
2.68352E-06		2.36751E-07
2.68806E-06		2.38011E-07
2.6926E-06		2.37792E-07
2.69714E-06		2.36506E-07
2.70168E-06		2.36642E-07
2.70622E-06		2.37897E-07
2.71076E-06		2.37799E-07
2.7153E-06		2.3655E-07
2.71984E-06		2.36628E-07
2.72438E-06		2.37908E-07
2.72892E-06		2.37886E-07
2.73346E-06		2.36604E-07
2.738E-06		2.36552E-07
2.74255E-06		2.37814E-07
2.74709E-06		2.37902E-07
2.75163E-06		2.36649E-07
2.75617E-06		2.36533E-07
2.76071E-06		2.37804E-07
2.76525E-06		2.37983E-07
2.76979E-06		2.36711E-07
2.77433E-06		2.36457E-07
2.77887E-06		2.37686E-07
2.78341E-06		2.37971E-07
2.78795E-06		2.36759E-07
2.79249E-06		2.36465E-07
2.79703E-06		2.37702E-07
2.80157E-06		2.38062E-07
2.80611E-06		2.3683E-07
2.81065E-06		2.36385E-07
2.81519E-06		2.37563E-07
2.81973E-06		2.3803E-07
2.82427E-06		2.36877E-07
2.82881E-06		2.36391E-07
2.83335E-06		2.37555E-07
2.83789E-06		2.38102E-07
2.84243E-06		2.36954E-07
2.84697E-06		2.36348E-07
2.85151E-06		2.37457E-07
2.85605E-06		2.38092E-07
2.86059E-06		2.37009E-07
2.86513E-06		2.36343E-07
2.86967E-06		2.37415E-07
2.87421E-06		2.38134E-07
2.87875E-06		2.37089E-07
2.88329E-06		2.36318E-07
2.88783E-06		2.37315E-07
2.89237E-06		2.38108E-07
2.89691E-06		2.37144E-07
2.90145E-06		2.36329E-07
2.90599E-06		2.37291E-07
2.91053E-06		2.38165E-07
2.91507E-06		2.37236E-07
2.91961E-06		2.36306E-07
2.92415E-06		2.37156E-07
2.92869E-06		2.38088E-07
2.93323E-06		2.3727E-07
2.93777E-06		2.36336E-07
2.94231E-06		2.37161E-07
2.94685E-06		2.38163E-07
2.95139E-06		2.3738E-07
2.95593E-06		2.36318E-07
2.96047E-06		2.37016E-07
2.96501E-06		2.3807E-07
2.96955E-06		2.37408E-07
2.9741E-06		2.36353E-07
2.97864E-06		2.37021E-07
2.98318E-06		2.38129E-07
2.98772E-06		2.37513E-07
2.99226E-06		2.36359E-07
2.9968E-06		2.36898E-07
3.00134E-06		2.38046E-07
3.00588E-06		2.37539E-07
3.01042E-06		2.36391E-07
3.01496E-06		2.36887E-07
3.0195E-06		2.38081E-07
3.02404E-06		2.37642E-07
3.02858E-06		2.3641E-07
3.03312E-06		2.36765E-07
3.03766E-06		2.37979E-07
3.0422E-06		2.37656E-07
3.04674E-06		2.36452E-07
3.05128E-06		2.36768E-07
3.05582E-06		2.3802E-07
3.06036E-06		2.37767E-07
3.0649E-06		2.36483E-07
3.06944E-06		2.36649E-07
3.07398E-06		2.379E-07
3.07852E-06		2.37768E-07
3.08306E-06		2.36532E-07
3.0876E-06		2.36652E-07
3.09214E-06		2.37933E-07
3.09668E-06		2.37881E-07
3.10122E-06		2.36584E-07
3.10576E-06		2.36555E-07
3.1103E-06		2.37812E-07
3.11484E-06		2.37873E-07
3.11938E-06		2.36626E-07
3.12392E-06		2.3655E-07
3.12846E-06		2.37821E-07
3.133E-06		2.37961E-07
3.13754E-06		2.36685E-07
3.14208E-06		2.3647E-07
3.14662E-06		2.37713E-07
3.15116E-06		2.3796E-07
3.1557E-06		2.36733E-07
3.16024E-06		2.36456E-07
3.16478E-06		2.37701E-07
3.16932E-06		2.38031E-07
